# Trial 2: ath=0.0300  reg=5.00e-04  hd=700  L=8  best_er=0.2692
iter,loss,error_rate
1,4.208048468358891,0.7692307692307693
2,4.2033631985745625,0.7307692307692307
3,3.896328568139219,0.7692307692307693
4,3.9422302194666545,0.6923076923076923
5,3.648245968371829,0.7692307692307693
6,3.55133100212818,0.7307692307692307
7,4.0888241332342945,0.7692307692307693
8,4.113727965315583,0.7692307692307693
9,3.6489592349674944,0.8076923076923077
10,4.159079649622217,0.8461538461538461
11,4.208543837609953,0.7307692307692307
12,4.527172531260391,0.7692307692307693
13,3.941561392467826,0.8846153846153846
14,3.5940903504453914,0.8076923076923077
15,4.155340953367267,0.6923076923076923
16,3.8924736757771123,0.8076923076923077
17,3.102009408047647,0.8076923076923077
18,3.712470643154199,0.7692307692307693
19,3.7317532953100927,0.7692307692307693
20,3.7532739576541227,0.7692307692307693
21,4.010245410202251,0.8076923076923077
22,3.8565389559894956,0.8461538461538461
23,4.012400674860945,0.7692307692307693
24,3.4381899613087414,0.7307692307692307
25,3.202764734012007,0.7692307692307693
26,4.088673374789109,0.6923076923076923
27,4.024383756921079,0.8076923076923077
28,4.015103825081557,0.8076923076923077
29,3.6543416601932703,0.8461538461538461
30,3.2034278865911507,0.8461538461538461
31,3.457952207967644,0.6538461538461539
32,3.081280822184493,0.7307692307692307
33,3.497268900579242,0.6923076923076923
34,3.4059498402965906,0.7307692307692307
35,4.262104246440996,0.6538461538461539
36,3.9465072581525003,0.6538461538461539
37,4.377576223459329,0.6538461538461539
38,4.166459239233014,0.7307692307692307
39,3.9314260276495734,0.6923076923076923
40,3.712435195596263,0.7307692307692307
41,2.9794338805623664,0.8076923076923077
42,3.436072594271707,0.6923076923076923
43,3.2660358675506513,0.6923076923076923
44,4.924882143563277,0.6923076923076923
45,3.2926070633412716,0.7307692307692307
46,3.723835218318909,0.7307692307692307
47,3.542888992107227,0.7307692307692307
48,4.0732363369292255,0.8076923076923077
49,3.5102429127186836,0.7692307692307693
50,2.9258893016699323,0.7307692307692307
51,3.2312885629040933,0.7307692307692307
52,3.5066049538137145,0.7692307692307693
53,3.4305674185803268,0.7692307692307693
54,3.5368340769036495,0.8076923076923077
55,2.8040663811011504,0.7692307692307693
56,3.0764693570230284,0.8461538461538461
57,4.057901043439238,0.7307692307692307
58,3.254688120430714,0.7692307692307693
59,3.123757162647707,0.7692307692307693
60,2.6550577113530296,0.7307692307692307
61,2.434649368599108,0.7307692307692307
62,2.3891595973895177,0.8076923076923077
63,2.459241654951615,0.7692307692307693
64,2.996629234553393,0.8461538461538461
65,2.675774879957552,0.7307692307692307
66,2.2027649877445312,0.7692307692307693
67,2.3729524612600748,0.7692307692307693
68,2.647602431010629,0.6923076923076923
69,2.380758828551482,0.6538461538461539
70,2.318027216495285,0.8076923076923077
71,2.496938073872366,0.8461538461538461
72,2.813519451365223,0.8461538461538461
73,2.766032674034556,0.7692307692307693
74,2.6858056061652626,0.8076923076923077
75,2.559571461527683,0.7307692307692307
76,2.9080285583632453,0.7692307692307693
77,2.9557023851192934,0.8076923076923077
78,2.505720287962518,0.7692307692307693
79,2.2615523536840927,0.7307692307692307
80,2.631487496595841,0.8461538461538461
81,2.5073181270206533,0.7692307692307693
82,2.823798914176485,0.8461538461538461
83,2.9207134829612933,0.7692307692307693
84,2.8372657293000074,0.6923076923076923
85,2.4736666109889667,0.7307692307692307
86,2.5341462182561396,0.7692307692307693
87,2.5041747676396016,0.8846153846153846
88,2.364143053098236,0.8076923076923077
89,2.654963239820794,0.7307692307692307
90,2.3802983765121417,0.8461538461538461
91,2.9429394604207397,0.7692307692307693
92,2.2784828995029853,0.7307692307692307
93,2.1483759331878614,0.7307692307692307
94,2.2203042714543137,0.7692307692307693
95,2.7433380231961237,0.8076923076923077
96,2.246255086223118,0.6153846153846154
97,2.0544213671911433,0.6923076923076923
98,2.4484984452435747,0.7307692307692307
99,2.658061879956576,0.7307692307692307
100,2.4583589377577653,0.6923076923076923
101,2.44892498366627,0.8076923076923077
102,2.257445847232179,0.6538461538461539
103,1.98402581472872,0.6923076923076923
104,2.1835205880820743,0.5769230769230769
105,2.2762372324594304,0.6923076923076923
106,2.1851048085187927,0.7307692307692307
107,2.3029850625561954,0.6538461538461539
108,2.105847079088726,0.6538461538461539
109,2.2984767132768664,0.6923076923076923
110,2.1294149804695524,0.6923076923076923
111,1.8300483231563662,0.6923076923076923
112,2.1884193289128016,0.6923076923076923
113,2.0817064074026934,0.6923076923076923
114,2.3519360761405803,0.7307692307692307
115,2.111768075039324,0.7692307692307693
116,2.0977221934943477,0.6923076923076923
117,2.083398000618701,0.6153846153846154
118,2.3291248780424856,0.6538461538461539
119,2.001590564778909,0.6538461538461539
120,2.1965478425067615,0.6923076923076923
121,2.3875197622716575,0.6538461538461539
122,1.9337293017568324,0.5769230769230769
123,1.9233146946958106,0.6153846153846154
124,1.8643159958771895,0.6153846153846154
125,1.860349857806345,0.5769230769230769
126,1.8550741775089876,0.6923076923076923
127,1.9771621615251962,0.6153846153846154
128,1.7661596200434926,0.6923076923076923
129,1.7451213887460506,0.6538461538461539
130,2.463776640123129,0.6153846153846154
131,2.198813400814201,0.6153846153846154
132,2.007781524576469,0.6923076923076923
133,2.2302818409283165,0.6538461538461539
134,1.8485293758453516,0.5384615384615384
135,2.122779720989026,0.6153846153846154
136,2.102955467088437,0.5769230769230769
137,2.0772300750786177,0.5
138,1.7523607002537016,0.5769230769230769
139,1.9728507812743965,0.6153846153846154
140,1.9417232290104356,0.5769230769230769
141,1.5536831931776403,0.5384615384615384
142,1.8164438887743308,0.6153846153846154
143,1.9636623691285648,0.6153846153846154
144,1.9824815492609391,0.6153846153846154
145,1.983555413111017,0.6538461538461539
146,1.6497196588164185,0.5769230769230769
147,1.9239821455016834,0.6538461538461539
148,1.8302530413313343,0.5769230769230769
149,1.6352338960407153,0.6153846153846154
150,1.6142148803665535,0.5769230769230769
151,2.051725473986969,0.6153846153846154
152,1.7895854014533485,0.5
153,1.7809833643447353,0.6153846153846154
154,1.7405788209241948,0.5384615384615384
155,1.6488854765373104,0.5769230769230769
156,1.9937049993009193,0.6538461538461539
157,1.683603371384003,0.5769230769230769
158,1.5974139599436183,0.6153846153846154
159,1.6149864874699023,0.6153846153846154
160,1.84787462310703,0.5769230769230769
161,1.525041544745351,0.6538461538461539
162,1.7667461459245848,0.6538461538461539
163,1.8620151825947646,0.6153846153846154
164,1.5877968100790432,0.6153846153846154
165,1.681357544405749,0.6153846153846154
166,1.4445749469003766,0.6538461538461539
167,1.536921471407781,0.6538461538461539
168,1.5873163773985826,0.5384615384615384
169,1.4869286274577007,0.5384615384615384
170,1.4919182663276074,0.6153846153846154
171,1.4420844240937218,0.6923076923076923
172,1.3639927456881575,0.6153846153846154
173,1.3745854917636833,0.6538461538461539
174,1.4985938320708092,0.5384615384615384
175,1.5145579088655148,0.5769230769230769
176,1.4072902431178544,0.6538461538461539
177,1.2469283771037536,0.6153846153846154
178,1.6346556927631635,0.5769230769230769
179,1.377848006763907,0.5384615384615384
180,1.2471668525827493,0.5769230769230769
181,1.4336319947703586,0.6538461538461539
182,1.2703699415725866,0.6153846153846154
183,1.4286684456627863,0.5769230769230769
184,1.7010758478475414,0.6538461538461539
185,1.3924378820177017,0.6153846153846154
186,1.3728178103377942,0.5769230769230769
187,1.2530240023315518,0.5384615384615384
188,1.368946657338277,0.5769230769230769
189,1.4151660499062895,0.6153846153846154
190,1.4326461165245425,0.5
191,1.338540366290518,0.5384615384615384
192,1.3958316979539291,0.6538461538461539
193,1.1940261529603324,0.5384615384615384
194,1.2679463421491475,0.5769230769230769
195,1.3212839362832494,0.6153846153846154
196,1.062502898040778,0.5769230769230769
197,1.3212883025736413,0.5769230769230769
198,1.3175134773129518,0.5769230769230769
199,1.5171677896807263,0.6538461538461539
200,1.3773464463251401,0.6538461538461539
201,1.4043407850279337,0.6538461538461539
202,1.3497666951536065,0.6923076923076923
203,1.3304429205346162,0.5384615384615384
204,1.323744171192371,0.6153846153846154
205,1.1788581854877433,0.6923076923076923
206,1.3798858479623095,0.6538461538461539
207,1.426299340967105,0.5769230769230769
208,1.4190774794388563,0.5769230769230769
209,1.3075597319564052,0.46153846153846156
210,1.5086480676487786,0.5769230769230769
211,1.123494132842846,0.5384615384615384
212,1.4297535750853219,0.5384615384615384
213,1.097402693324141,0.5769230769230769
214,1.2688894733885259,0.6153846153846154
215,1.0961194383276256,0.5384615384615384
216,1.4239952174145425,0.5
217,1.175793624136615,0.46153846153846156
218,1.1723327396698413,0.6538461538461539
219,1.2328957655084185,0.46153846153846156
220,1.1304380592688674,0.5769230769230769
221,1.1022593534004974,0.5
222,1.1480660478165179,0.6153846153846154
223,1.003863353222651,0.5769230769230769
224,1.3034187034900455,0.5384615384615384
225,1.0987734210712663,0.6538461538461539
226,1.0619154994926885,0.6153846153846154
227,1.1705222669215085,0.6923076923076923
228,1.0183370706966963,0.5769230769230769
229,1.0895514750540776,0.5384615384615384
230,1.0344595360154591,0.5384615384615384
231,1.0302532414147851,0.5769230769230769
232,1.0896879650027658,0.6923076923076923
233,0.9238827284850766,0.5769230769230769
234,1.0476071761270052,0.6538461538461539
235,0.9297698209306384,0.5769230769230769
236,1.007497925413186,0.6923076923076923
237,1.1816684176396257,0.5
238,0.9569015396509415,0.6153846153846154
239,0.9682012834164713,0.5769230769230769
240,1.1490882545023182,0.5769230769230769
241,1.0317093801814896,0.7307692307692307
242,0.8434250168549711,0.5384615384615384
243,1.0223536165167477,0.5769230769230769
244,1.0976064190773167,0.5384615384615384
245,1.039965253224345,0.5769230769230769
246,1.0355901813520814,0.5769230769230769
247,1.0741600363284496,0.7692307692307693
248,1.1235798080347585,0.6153846153846154
249,1.0903376454213567,0.6538461538461539
250,1.0792733194011621,0.6153846153846154
251,1.0615899714754566,0.5384615384615384
252,1.1534293985258026,0.5769230769230769
253,0.9826314447257056,0.6538461538461539
254,1.0285525867816938,0.7307692307692307
255,1.0479256880952037,0.5384615384615384
256,0.9161970511942381,0.6923076923076923
257,1.0222123827604017,0.6153846153846154
258,0.978702537472826,0.6923076923076923
259,1.1560555180723422,0.5769230769230769
260,0.8314705217588347,0.5769230769230769
261,0.9119137150907353,0.6538461538461539
262,0.9477663460338732,0.5
263,1.0509995209381544,0.6538461538461539
264,0.9598011322182058,0.6153846153846154
265,0.9018416998726084,0.5769230769230769
266,0.9701140781567048,0.6538461538461539
267,1.0120096815230006,0.5384615384615384
268,1.0061585589954278,0.5384615384615384
269,0.8271606768425088,0.46153846153846156
270,0.9253641859978368,0.5
271,0.8808391433827278,0.5384615384615384
272,0.869545928101763,0.6538461538461539
273,0.9127411175256279,0.6153846153846154
274,1.0027149554953998,0.5
275,0.9109870883705962,0.6923076923076923
276,1.006740650163084,0.5384615384615384
277,0.968371313529905,0.6153846153846154
278,0.7802549778718579,0.5
279,0.7813180412941421,0.5769230769230769
280,0.885235649057901,0.5
281,0.8595333648275831,0.6153846153846154
282,0.6997980117531908,0.5
283,0.7543713309976225,0.5769230769230769
284,0.8999105539214263,0.46153846153846156
285,0.8702164557705769,0.5384615384615384
286,0.9152403646418774,0.5384615384615384
287,0.8526203305576656,0.6923076923076923
288,0.9958874103931739,0.5769230769230769
289,0.958504668271861,0.6153846153846154
290,0.7260460802324418,0.6153846153846154
291,0.9092460046091939,0.6153846153846154
292,0.8606618524148844,0.5384615384615384
293,0.8594964982541189,0.5
294,0.8986209148629984,0.6538461538461539
295,0.7903260430120405,0.5384615384615384
296,0.9331886080473017,0.6538461538461539
297,0.8593688140718103,0.5769230769230769
298,1.0753987415176471,0.5769230769230769
299,0.8087338939421875,0.5
300,0.7327950251599882,0.5
301,0.8293919190106878,0.5384615384615384
302,0.8752622620938313,0.5769230769230769
303,0.8500545881795643,0.6538461538461539
304,0.6631539086252918,0.5384615384615384
305,0.9164076030981234,0.46153846153846156
306,0.8789431386464024,0.5
307,0.600131005788374,0.5384615384615384
308,0.7861090637381012,0.5384615384615384
309,0.7559311624778582,0.5
310,0.5849790135700537,0.5769230769230769
311,0.5490495775037108,0.5
312,0.6553239228499974,0.5
313,0.70751204999728,0.5769230769230769
314,0.8363090480918971,0.4230769230769231
315,0.600029994558744,0.46153846153846156
316,0.6018149314708867,0.5
317,0.5409647895529872,0.5384615384615384
318,0.6584032012188294,0.5
319,0.6896824617108424,0.46153846153846156
320,0.6479521792603378,0.5
321,0.6220175935245384,0.5
322,0.4799753226426957,0.46153846153846156
323,0.6124619768981874,0.5
324,0.5900993597924109,0.5384615384615384
325,0.507895444217402,0.5
326,0.7266743098825832,0.5769230769230769
327,0.6231026229604546,0.5
328,0.7329250630945823,0.46153846153846156
329,0.865847199164643,0.5
330,0.8389951031495055,0.5384615384615384
331,0.6431184624477804,0.38461538461538464
332,0.7741722011963681,0.5
333,0.5672898860052489,0.5769230769230769
334,0.5573661791852782,0.5384615384615384
335,0.6774086916821411,0.6153846153846154
336,0.694391905381794,0.5769230769230769
337,0.6791822252268442,0.5769230769230769
338,0.7267891293495095,0.6153846153846154
339,0.7871024411687246,0.5769230769230769
340,0.7422260221097998,0.5769230769230769
341,0.8040725293602415,0.46153846153846156
342,0.793220936174285,0.5384615384615384
343,0.6316791369245944,0.5769230769230769
344,0.6303298742547736,0.5
345,0.8082107524844164,0.5
346,0.6224016948308884,0.5769230769230769
347,0.6445956580088446,0.5
348,0.6261785701374771,0.5
349,0.5538802162349978,0.5769230769230769
350,0.5371027303818394,0.5769230769230769
351,0.5871565216737209,0.6153846153846154
352,0.6525419814557312,0.5769230769230769
353,0.5779667772330352,0.5384615384615384
354,0.5074570573288741,0.5769230769230769
355,0.6639117599773336,0.5769230769230769
356,0.5312934050977378,0.5384615384615384
357,0.6612985849287756,0.6153846153846154
358,0.6729256815430058,0.6153846153846154
359,0.6183269797201683,0.5769230769230769
360,0.6159161978809289,0.5769230769230769
361,0.5466424648636168,0.5384615384615384
362,0.6472540079614655,0.5384615384615384
363,0.6475209122519332,0.5769230769230769
364,0.5523032370384873,0.5769230769230769
365,0.5194273574035231,0.5769230769230769
366,0.5054003623657235,0.46153846153846156
367,0.5671900318433711,0.5769230769230769
368,0.5524686581357332,0.5384615384615384
369,0.5762021742120322,0.46153846153846156
370,0.43849160752367,0.4230769230769231
371,0.4778179851037341,0.46153846153846156
372,0.6026898271226937,0.46153846153846156
373,0.5098277286535087,0.5384615384615384
374,0.4928518694221804,0.6153846153846154
375,0.4923543700943358,0.5384615384615384
376,0.48485626340931365,0.5
377,0.41685005683949505,0.5384615384615384
378,0.3383323225245318,0.5
379,0.4835238351202684,0.5384615384615384
380,0.4044084292789263,0.5
381,0.4809757093582898,0.46153846153846156
382,0.5068990249187508,0.5384615384615384
383,0.417641963506449,0.5384615384615384
384,0.5203653548914442,0.5
385,0.6253422336243211,0.5769230769230769
386,0.5119385313089677,0.5
387,0.5535102549930317,0.46153846153846156
388,0.5350611633242344,0.5769230769230769
389,0.4824321198114312,0.5
390,0.5551929598949239,0.5384615384615384
391,0.4362381389308858,0.6153846153846154
392,0.4520646634878416,0.46153846153846156
393,0.4200676685672442,0.6153846153846154
394,0.4416991293305941,0.5
395,0.38575992704976114,0.46153846153846156
396,0.39162018159561107,0.5
397,0.44088817849252093,0.5769230769230769
398,0.40912949218413974,0.5
399,0.5330095365876968,0.46153846153846156
400,0.39697115366258906,0.4230769230769231
401,0.47272853253372205,0.5384615384615384
402,0.43833073688723534,0.5384615384615384
403,0.2967460205953123,0.4230769230769231
404,0.4258938748905807,0.4230769230769231
405,0.4724710518999826,0.5
406,0.359779216274553,0.5384615384615384
407,0.30420592786886536,0.46153846153846156
408,0.36479055042133,0.5769230769230769
409,0.3140720519661042,0.5384615384615384
410,0.26326758458879373,0.5769230769230769
411,0.36274974074287947,0.46153846153846156
412,0.38097695167048373,0.46153846153846156
413,0.3868197647159337,0.46153846153846156
414,0.26479044397107554,0.5769230769230769
415,0.4767062816883274,0.4230769230769231
416,0.32356099096721946,0.46153846153846156
417,0.3347023913258633,0.5
418,0.23212131946959502,0.46153846153846156
419,0.18101353635375395,0.5
420,0.2679503979604094,0.5384615384615384
421,0.25123481875275955,0.46153846153846156
422,0.30380009450105616,0.5384615384615384
423,0.25579831036414413,0.4230769230769231
424,0.3602328733990059,0.5
425,0.4290650677558978,0.5384615384615384
426,0.36108871453145364,0.4230769230769231
427,0.32588929991478466,0.46153846153846156
428,0.24341098682598483,0.46153846153846156
429,0.3181939778135967,0.5
430,0.33227909093439,0.38461538461538464
431,0.2583777846434945,0.4230769230769231
432,0.25256197700939653,0.5
433,0.40497386799850243,0.4230769230769231
434,0.4503857726060767,0.4230769230769231
435,0.34053746292230835,0.46153846153846156
436,0.26783470606493465,0.46153846153846156
437,0.27727434888978353,0.5
438,0.2730623164618722,0.4230769230769231
439,0.2669026839828472,0.5
440,0.32252434812749975,0.46153846153846156
441,0.3598933445077499,0.5
442,0.47949220395805225,0.46153846153846156
443,0.32544005249527697,0.46153846153846156
444,0.2786425526795444,0.5384615384615384
445,0.33898378263536877,0.4230769230769231
446,0.3349734603790977,0.46153846153846156
447,0.4058025663104452,0.5
448,0.38409331345223086,0.4230769230769231
449,0.47881916769178545,0.4230769230769231
450,0.23781977999748882,0.46153846153846156
451,0.25504396021065157,0.46153846153846156
452,0.3622444410547372,0.5384615384615384
453,0.32296700801266587,0.4230769230769231
454,0.3530707850234265,0.46153846153846156
455,0.31695773341293787,0.4230769230769231
456,0.34921043047763956,0.5384615384615384
457,0.347423838564457,0.4230769230769231
458,0.369006828196242,0.46153846153846156
459,0.3202852122399662,0.4230769230769231
460,0.3432946644656485,0.46153846153846156
461,0.3343295862060396,0.38461538461538464
462,0.2214874515383798,0.4230769230769231
463,0.14932840796269842,0.5
464,0.3005311668582049,0.4230769230769231
465,0.28610071587082864,0.4230769230769231
466,0.27595209684669086,0.5
467,0.368382219403097,0.46153846153846156
468,0.3756641334832431,0.46153846153846156
469,0.2516938086520222,0.4230769230769231
470,0.43498777704408065,0.46153846153846156
471,0.3252623866914939,0.5
472,0.19017266647399422,0.46153846153846156
473,0.36206637211830994,0.46153846153846156
474,0.2899195384467994,0.5
475,0.2466859915247568,0.38461538461538464
476,0.3842594029821056,0.4230769230769231
477,0.3631204987778589,0.34615384615384615
478,0.27188250268470204,0.5
479,0.37155461817576807,0.4230769230769231
480,0.41283763932090434,0.46153846153846156
481,0.38989061545226367,0.46153846153846156
482,0.29511868437296673,0.46153846153846156
483,0.246221139701587,0.5
484,0.3713303926574447,0.4230769230769231
485,0.35892817012975087,0.46153846153846156
486,0.4476277979772916,0.4230769230769231
487,0.25329664070168834,0.5
488,0.2628738294618347,0.5
489,0.2803754889770538,0.4230769230769231
490,0.22022111700605151,0.4230769230769231
491,0.3141628549510651,0.4230769230769231
492,0.2282208056990669,0.38461538461538464
493,0.2590508594998484,0.4230769230769231
494,0.4498287043424658,0.46153846153846156
495,0.24465305786856062,0.34615384615384615
496,0.32490628510133623,0.46153846153846156
497,0.47349238998270593,0.5384615384615384
498,0.41403641721064055,0.4230769230769231
499,0.29219786169168316,0.46153846153846156
500,0.2627325679213528,0.46153846153846156
501,0.19178369638094717,0.4230769230769231
502,0.266695278929455,0.5384615384615384
503,0.19404179865492255,0.4230769230769231
504,0.34973395668771046,0.4230769230769231
505,0.2593486301563006,0.4230769230769231
506,0.2259412713590474,0.34615384615384615
507,0.31515465435201984,0.4230769230769231
508,0.3155648522373351,0.4230769230769231
509,0.2732884963609461,0.4230769230769231
510,0.2651493723178855,0.46153846153846156
511,0.22214535036024907,0.4230769230769231
512,0.2972053324042583,0.4230769230769231
513,0.10334024330112124,0.5
514,0.17874066072158357,0.4230769230769231
515,0.2093323350012093,0.46153846153846156
516,0.10486333380691004,0.46153846153846156
517,0.20856481484207912,0.46153846153846156
518,0.1719465338603796,0.46153846153846156
519,0.02912554469983686,0.4230769230769231
520,0.26063962629057347,0.46153846153846156
521,0.20713966683029916,0.4230769230769231
522,0.3381982882994987,0.5
523,0.2881651697391665,0.46153846153846156
524,0.2537070616666983,0.4230769230769231
525,0.3427845568977679,0.46153846153846156
526,0.19642755713617754,0.46153846153846156
527,0.2862525643661207,0.4230769230769231
528,0.2248530979079315,0.5
529,0.16475458834905465,0.46153846153846156
530,0.1909711278040609,0.34615384615384615
531,0.30836099292479036,0.4230769230769231
532,0.17847968167271855,0.46153846153846156
533,0.26666500226975787,0.5
534,0.20898197780860928,0.38461538461538464
535,0.14211718784448912,0.38461538461538464
536,0.08339352152120849,0.46153846153846156
537,0.17378966659126194,0.4230769230769231
538,0.16510927587139612,0.4230769230769231
539,0.12500870334742986,0.46153846153846156
540,0.039398599839970405,0.5
541,0.06298651540509814,0.5384615384615384
542,0.1712302243932622,0.46153846153846156
543,0.14118329498243476,0.4230769230769231
544,0.28407859915384304,0.4230769230769231
545,0.13852978301783025,0.38461538461538464
546,0.24666036506680822,0.46153846153846156
547,0.22759350368826192,0.38461538461538464
548,0.2062283296167804,0.5
549,0.1375569022417098,0.38461538461538464
550,0.08200867184354532,0.4230769230769231
551,0.09559189108138,0.5
552,0.0961300530232112,0.4230769230769231
553,0.08630573700694599,0.46153846153846156
554,0.03730003790153358,0.4230769230769231
555,0.19434340992476384,0.4230769230769231
556,0.11734309155459766,0.46153846153846156
557,0.24513989456370888,0.38461538461538464
558,0.27552878490896004,0.34615384615384615
559,0.2402751253474924,0.38461538461538464
560,0.08660883965480526,0.38461538461538464
561,0.22821249122162302,0.46153846153846156
562,0.22452700130509173,0.46153846153846156
563,0.15962993213239018,0.38461538461538464
564,0.11831739464672886,0.38461538461538464
565,0.055231415832770026,0.34615384615384615
566,0.0725320532547844,0.46153846153846156
567,0.10306699101472461,0.46153846153846156
568,0.23929366452299705,0.38461538461538464
569,0.12716909926678044,0.4230769230769231
570,0.08314059325967094,0.38461538461538464
571,0.1543028317302393,0.5
572,0.1530356502296022,0.4230769230769231
573,0.1618013606449864,0.38461538461538464
574,0.0066141157509131965,0.38461538461538464
575,0.08493414854105286,0.4230769230769231
576,0.17585016867742942,0.46153846153846156
577,0.255128829056952,0.38461538461538464
578,0.067647259587722,0.46153846153846156
579,0.0442394976939231,0.38461538461538464
580,0.2671981349338246,0.4230769230769231
581,0.09537409312341127,0.4230769230769231
582,0.13289332874968007,0.38461538461538464
583,0.10436113627090915,0.3076923076923077
584,0.16043049089006534,0.38461538461538464
585,0.043164966567612595,0.34615384615384615
586,-0.01807153482512458,0.4230769230769231
587,0.05925402506909894,0.38461538461538464
588,0.08596182352723591,0.4230769230769231
589,0.04580371179643006,0.38461538461538464
590,0.02914548534721817,0.4230769230769231
591,0.024064153035864067,0.38461538461538464
592,0.05624139487589508,0.38461538461538464
593,0.0693553721248854,0.4230769230769231
594,0.09803619511101713,0.4230769230769231
595,0.05850025152061544,0.4230769230769231
596,0.1533712078879068,0.4230769230769231
597,0.17454168390520453,0.4230769230769231
598,0.054042546013824744,0.38461538461538464
599,0.09508685180179555,0.46153846153846156
600,-0.07455946163878746,0.34615384615384615
601,0.1476998517908199,0.34615384615384615
602,-0.0035463269314019996,0.4230769230769231
603,0.09288938156824944,0.4230769230769231
604,-0.05346014223303275,0.38461538461538464
605,0.14926975683897092,0.38461538461538464
606,0.20107465950553483,0.38461538461538464
607,0.05122317274914012,0.46153846153846156
608,0.024412387160113624,0.4230769230769231
609,0.017312224697080048,0.46153846153846156
610,0.049886494308004625,0.38461538461538464
611,0.049005652923774345,0.4230769230769231
612,-0.018034678889879086,0.38461538461538464
613,0.2084618835867773,0.46153846153846156
614,0.12080263861226737,0.38461538461538464
615,0.025382038170580046,0.34615384615384615
616,0.11796723302915924,0.34615384615384615
617,0.0958067808291676,0.4230769230769231
618,0.22132736161166555,0.38461538461538464
619,0.08074695906707152,0.38461538461538464
620,0.059844619431821844,0.38461538461538464
621,0.03401160476771947,0.4230769230769231
622,0.008488513155347821,0.38461538461538464
623,-0.021154488733588384,0.34615384615384615
624,0.07169578912248253,0.4230769230769231
625,0.1832716286815792,0.34615384615384615
626,-0.004911820502097264,0.46153846153846156
627,0.12099913027632114,0.38461538461538464
628,0.050326934401281775,0.34615384615384615
629,0.07486008738803118,0.4230769230769231
630,0.002761781996637236,0.38461538461538464
631,0.047505106844458744,0.4230769230769231
632,0.030913042743195618,0.4230769230769231
633,0.06815706069476857,0.2692307692307692
634,-0.10630459864908648,0.38461538461538464
635,0.11969818993562198,0.38461538461538464
636,0.1595292221367579,0.46153846153846156
637,0.08429761394709612,0.4230769230769231
638,0.17112576512381805,0.4230769230769231
639,0.11534167065067402,0.38461538461538464
640,0.02461145199577386,0.4230769230769231
641,0.1053097371316083,0.4230769230769231
642,-0.049810813010442434,0.34615384615384615
643,-0.0016601475792215048,0.34615384615384615
644,0.0809652756420034,0.38461538461538464
645,0.07303461440725156,0.34615384615384615
646,0.05942290330636579,0.34615384615384615
647,0.1693326841738898,0.38461538461538464
648,-0.101915766710857,0.38461538461538464
649,0.18431677828838255,0.4230769230769231
650,0.04144066927204504,0.4230769230769231
651,0.09858762373795127,0.4230769230769231
652,0.10578853688819434,0.38461538461538464
653,-0.019555173595056985,0.38461538461538464
654,0.04305959232355594,0.38461538461538464
655,0.038024035254724975,0.34615384615384615
656,0.009264808176630002,0.3076923076923077
657,-0.12442480808114009,0.34615384615384615
658,0.07780538043097573,0.46153846153846156
659,0.12372115804725548,0.4230769230769231
660,-0.01108416201932716,0.38461538461538464
661,0.05526750677448078,0.34615384615384615
662,0.08072485125390338,0.4230769230769231
663,0.01934481594725268,0.34615384615384615
664,0.048130694823053766,0.4230769230769231
665,-0.00022546067304096695,0.34615384615384615
666,-0.0008269334343755652,0.4230769230769231
667,-0.10496344319625672,0.38461538461538464
668,0.010712233318709519,0.38461538461538464
669,0.06977031435107328,0.3076923076923077
670,0.038627334840979355,0.34615384615384615
671,-0.02199935136649067,0.38461538461538464
672,0.039192405872032765,0.34615384615384615
673,0.02617596153264623,0.34615384615384615
674,-0.024856826205165383,0.34615384615384615
675,-0.026370907391720877,0.34615384615384615
676,0.11146697700652508,0.3076923076923077
677,0.06421022103043583,0.34615384615384615
678,-0.007343376263411194,0.38461538461538464
679,-0.006355159762881257,0.34615384615384615
680,0.03720834135200812,0.34615384615384615
681,0.041170365826868505,0.34615384615384615
682,0.05208512555353151,0.38461538461538464
683,0.028404273064737584,0.34615384615384615
684,0.06843670250374112,0.38461538461538464
685,0.0511165888244447,0.34615384615384615
686,0.09027524588295988,0.38461538461538464
687,0.024332567734346888,0.3076923076923077
688,-0.1328741906078963,0.3076923076923077
689,0.050092390860667635,0.46153846153846156
690,-0.0716410954501252,0.38461538461538464
691,-0.007395894652399093,0.38461538461538464
692,0.005472661205542906,0.3076923076923077
693,-0.08149104061520251,0.34615384615384615
694,0.07582369426308766,0.4230769230769231
695,-0.08959261922609452,0.46153846153846156
696,-0.03871935980586416,0.34615384615384615
697,0.049283412700964035,0.34615384615384615
698,0.024276518386316503,0.4230769230769231
699,-0.023520822486419846,0.38461538461538464
700,-0.031036021049059226,0.38461538461538464
701,0.038699138016881296,0.4230769230769231
702,0.02815341196490806,0.38461538461538464
703,-0.05297859361205859,0.3076923076923077
704,0.46151641613239835,0.4230769230769231
705,3.785870956556911,0.8076923076923077
706,0.22172550358666587,0.3076923076923077
707,1.0770043242691458,0.5
708,0.08421762093607166,0.38461538461538464
709,0.17701400137737622,0.34615384615384615
710,1.4051241768598088,0.7692307692307693
711,-0.0038256916884154,0.38461538461538464
712,0.114039889091198,0.4230769230769231
713,0.07332680402900804,0.4230769230769231
714,0.30353049931581166,0.5
715,0.7810712733275866,0.5384615384615384
716,1.6490899110786166,0.8076923076923077
717,0.6289668450235473,0.5384615384615384
718,2.2153034504767617,0.6538461538461539
719,0.6186936341751483,0.4230769230769231
720,0.6750599330021281,0.5
721,0.8964852119518265,0.6538461538461539
722,0.9193724170272031,0.6923076923076923
723,3.3669371119435367,0.7307692307692307
724,1.2417008504246159,0.6923076923076923
725,1.3960017074124655,0.7307692307692307
726,1.1997663115004946,0.6538461538461539
727,4.336523528853549,0.6923076923076923
728,3.6356371255824764,0.8846153846153846
729,5.189256918092165,0.9230769230769231
730,1.4379545746013869,0.6923076923076923
731,4.219565615058671,0.8076923076923077
732,4.784881831920218,0.8461538461538461
733,4.748116440926468,0.8846153846153846
734,3.1409145173634623,0.7692307692307693
735,4.278137357381854,0.9230769230769231
736,2.7044113873084568,0.7692307692307693
737,1.7466606326254124,0.7692307692307693
738,3.9670165630565233,0.7307692307692307
739,4.182596910927901,0.9230769230769231
740,5.219281919219165,0.7307692307692307
741,5.021150954598268,0.9615384615384616
742,1.9974326451913882,0.8846153846153846
743,1.8358998257858241,0.6153846153846154
744,2.0322507620822194,0.7307692307692307
745,2.598929739913861,0.6923076923076923
746,4.2270600764649,0.8076923076923077
747,3.554920989404354,0.6923076923076923
748,2.4059320814180634,0.5384615384615384
749,2.8536997744449812,0.5769230769230769
750,3.6892405003728164,0.7692307692307693
751,3.560851319440851,0.6153846153846154
752,3.469215473644844,0.6538461538461539
753,3.289941654864794,0.6538461538461539
754,4.187053347452521,0.6153846153846154
755,3.4868668677227297,0.7307692307692307
756,3.9945442778282594,0.6538461538461539
757,3.4624816988033302,0.6923076923076923
758,3.8892141066133967,0.6923076923076923
759,4.236572530269757,0.7307692307692307
760,4.361112361356001,0.6923076923076923
761,5.165771299674503,0.7692307692307693
762,2.5498845412461604,0.8076923076923077
763,3.41195858604687,0.6538461538461539
764,4.422514844380861,1.0
765,3.7865185496828153,0.7307692307692307
766,3.8026876166163652,0.8076923076923077
767,2.931834752179749,0.8846153846153846
768,2.4493700188120897,0.7307692307692307
769,3.806335548954415,0.8461538461538461
770,3.4462188236711206,0.8461538461538461
771,4.821015622551055,0.8846153846153846
772,2.4511648808326054,0.8461538461538461
773,2.546605174731882,0.8076923076923077
774,2.7277266952238035,0.7307692307692307
775,4.9575043544724435,0.9230769230769231
776,2.5870215222306743,0.8461538461538461
777,3.2725842326104324,0.8076923076923077
778,2.296034247521006,0.8076923076923077
779,5.512395423919048,0.8461538461538461
780,4.386972350541371,0.9230769230769231
781,3.2054963965632144,0.8461538461538461
782,2.198784896415614,0.7307692307692307
783,2.5164351161985645,0.8076923076923077
784,5.391500388983114,0.8076923076923077
785,3.234252442396956,0.8076923076923077
786,4.299240479072004,0.7307692307692307
787,4.89693053935055,0.9230769230769231
788,2.8586965780027027,0.7307692307692307
789,2.6382609699501467,0.7692307692307693
790,3.847773060346684,0.8846153846153846
791,4.1398066074282625,0.8461538461538461
792,3.3460305358324702,0.8076923076923077
793,4.54938598998555,0.8076923076923077
794,2.3222208139148335,0.7307692307692307
795,3.9656234505722123,0.7307692307692307
796,3.452643246102631,0.7692307692307693
797,2.7026492310946084,0.7692307692307693
798,4.28996565447926,0.9230769230769231
799,3.680894855288294,0.9230769230769231
800,2.507695404417455,0.8461538461538461
801,3.4245090275502776,0.8846153846153846
802,4.480209472086417,0.8076923076923077
803,2.833283088134171,0.8076923076923077
804,4.15978959616125,0.7307692307692307
805,3.8438016114040687,0.8846153846153846
806,2.954759624516324,0.6923076923076923
807,2.364295587587161,0.7692307692307693
808,4.583434241118962,0.8461538461538461
809,2.9052648084020802,0.8846153846153846
810,3.4243765826211225,0.8846153846153846
811,3.67955581921096,0.8461538461538461
812,4.5079044231989,0.8461538461538461
813,4.269232935309079,0.8461538461538461
814,3.486039127963484,0.7692307692307693
815,3.8966525403492698,0.8461538461538461
816,3.766893072645522,0.9615384615384616
817,3.7010686858600037,1.0
818,3.6781633983303834,0.9230769230769231
819,4.723017958030144,0.8846153846153846
820,3.2548239523664884,0.9230769230769231
821,3.448615454963975,0.9230769230769231
822,4.337776297950617,0.9615384615384616
823,3.786918217749472,0.8461538461538461
824,4.143231818503058,0.8846153846153846
825,3.8130167735230693,0.8846153846153846
826,5.223952057991162,0.8461538461538461
827,4.592579985113252,0.7692307692307693
828,3.6480729405014864,0.8461538461538461
829,3.5524628939774363,0.8076923076923077
830,3.515683391694318,0.8846153846153846
831,3.1586124326039107,0.8076923076923077
832,3.6690449318664333,0.7692307692307693
833,4.836667480334502,0.8461538461538461
834,3.8700128137275573,0.9230769230769231
835,3.4923311878259247,0.8461538461538461
836,3.805666592453711,0.9615384615384616
837,3.705445428604442,0.9230769230769231
838,3.1618720212735125,0.7307692307692307
839,4.550229035720486,0.6923076923076923
840,4.190136434215097,0.8076923076923077
841,3.1233733333888667,0.7307692307692307
842,4.409583322144413,0.7692307692307693
843,5.552476209002788,0.8461538461538461
844,4.852262256738929,0.9615384615384616
845,3.651863611512872,0.8076923076923077
846,4.751279737146627,0.8076923076923077
847,4.503609425396741,0.8846153846153846
848,3.830539128158803,0.7692307692307693
849,3.9983360052145036,0.8461538461538461
850,3.849165959323314,0.8076923076923077
851,3.5029124541114225,0.8846153846153846
852,3.7902774988746364,0.8461538461538461
853,3.8320596815897865,0.9615384615384616
854,3.649126364430582,0.8846153846153846
855,5.219066922549158,0.9230769230769231
856,4.280973432864243,0.9615384615384616
857,3.7975728379939806,0.9230769230769231
858,4.104996052937492,0.8461538461538461
859,3.9384316557492745,0.9615384615384616
860,3.923038820565022,0.9615384615384616
861,5.088578063376806,0.9230769230769231
862,4.177631351455455,1.0
863,4.424593494192964,1.0
864,3.8260862261481976,0.9230769230769231
865,3.847112262556627,0.8461538461538461
866,4.332761342295229,0.9615384615384616
867,4.3373538013021715,1.0
868,4.321068619507132,1.0
869,4.352021989878352,1.0
870,4.716625139009252,1.0
871,4.892730038109228,0.9230769230769231
872,4.966271042062898,0.9615384615384616
873,4.807370236748757,0.9615384615384616
874,4.579915351049492,0.8846153846153846
875,6.125780461495388,0.8846153846153846
876,3.604400307088098,0.9230769230769231
877,6.06858606170659,0.8461538461538461
878,4.71896083111792,0.8076923076923077
879,3.839698431026519,0.8461538461538461
880,4.090452057991334,0.8846153846153846
881,3.6833486273465343,0.8461538461538461
882,3.2875471154072984,0.8846153846153846
883,3.8042511185776475,0.9230769230769231
884,4.584974093539216,0.7307692307692307
885,4.193807951032429,0.6923076923076923
886,4.513718116498641,0.7307692307692307
887,4.381934059249959,0.8461538461538461
888,5.6203377806983745,0.7692307692307693
889,5.036572534027865,0.8461538461538461
890,4.751277253969829,0.8461538461538461
891,6.135297534426542,0.7307692307692307
892,4.7971177939680665,0.9615384615384616
893,5.062562531187534,1.0
894,4.676377529918631,0.9615384615384616
895,4.88104872356292,0.9230769230769231
896,4.84705899100679,1.0
897,4.4519961891992015,1.0
898,4.548013945507112,0.8846153846153846
899,5.285821105282088,0.8461538461538461
900,4.2789552506684005,0.8461538461538461
901,4.2566677839078455,1.0
902,3.9029062408902107,0.7307692307692307
903,5.021297555785645,0.8846153846153846
904,4.57179967806487,0.7692307692307693
905,4.521293003801722,0.7692307692307693
906,4.281757735601632,0.8076923076923077
907,4.293015968506362,0.8846153846153846
908,4.726065612725987,0.8461538461538461
909,3.876302574193924,0.8076923076923077
910,3.761749256939063,0.7692307692307693
911,4.218298381690916,0.7692307692307693
912,3.5475954913508234,0.8076923076923077
913,3.3158345675531695,0.7692307692307693
914,4.82348297595904,0.9230769230769231
915,2.628298609136957,0.8076923076923077
916,3.3077576651213696,0.7692307692307693
917,3.3487218633134077,0.7692307692307693
918,3.7733985537106176,0.8461538461538461
919,4.16481088241602,0.9615384615384616
920,4.329505004891587,0.8846153846153846
921,4.631138185678907,0.8461538461538461
922,4.5469763937739485,0.8846153846153846
923,4.1431721077972306,0.9230769230769231
924,4.618668738394174,0.8846153846153846
925,4.512294073919031,0.8846153846153846
926,4.619540025543185,0.8846153846153846
927,5.735436560651181,0.9230769230769231
928,5.237903331124436,0.9615384615384616
929,4.641050683945452,0.9615384615384616
930,4.93051926926147,0.7692307692307693
931,5.421263020274794,0.9615384615384616
932,4.430205485434119,0.9230769230769231
933,4.0927767072571255,0.9230769230769231
934,3.497963492943505,0.8461538461538461
935,6.298911534481113,0.8846153846153846
936,3.7765309927693846,0.8846153846153846
937,3.9817727349928353,0.8076923076923077
938,4.1861749738381,0.9230769230769231
939,3.8307741541968268,0.8846153846153846
940,4.447898199656002,0.9230769230769231
941,5.02096723371145,0.9230769230769231
942,4.385257011116469,1.0
943,2.96676391802094,0.9230769230769231
944,2.985831156909549,0.8846153846153846
945,3.245368857725389,0.8076923076923077
946,5.442405337616798,0.8461538461538461
947,2.5444101602168283,0.8846153846153846
948,3.1571949645442974,0.8846153846153846
949,4.08312346693132,0.9615384615384616
950,3.4532384508566927,0.8846153846153846
951,4.12487360134989,0.9230769230769231
952,4.768328538697689,0.9230769230769231
953,3.0424752423816104,0.9230769230769231
954,5.03655358626604,1.0
955,3.8551865480449865,0.8461538461538461
956,4.172989189136081,0.8846153846153846
957,4.444561001401501,0.9615384615384616
958,3.912560657179431,0.8461538461538461
959,4.523947769635164,0.9230769230769231
960,4.456922418514063,1.0
961,6.107425145622762,0.9230769230769231
962,6.873001110388648,0.9230769230769231
963,4.318736384583875,0.8846153846153846
964,4.10863064046754,0.9615384615384616
965,4.311794689654408,0.8846153846153846
966,4.12495381450525,0.8461538461538461
967,4.056411268201213,0.8461538461538461
968,3.933597076800332,0.8461538461538461
969,3.613468790135796,0.8461538461538461
970,4.276678896092489,0.7692307692307693
971,4.291189196453861,0.8846153846153846
972,3.965361622470319,0.8846153846153846
973,3.7313347568379926,0.8461538461538461
974,3.4406902852335723,0.8846153846153846
975,3.846735763274766,0.9230769230769231
976,4.168884207329956,0.9230769230769231
977,4.072920398877421,0.8846153846153846
978,3.61759410893659,0.8846153846153846
979,3.6369630452105857,0.8846153846153846
980,3.255921217065907,0.8076923076923077
981,3.3142251665629865,0.8846153846153846
982,5.391922740128953,0.9615384615384616
983,3.0252915252723436,0.9230769230769231
984,4.038215459063405,0.8846153846153846
985,3.9729139660330914,0.9230769230769231
986,3.3341759475829145,0.8846153846153846
987,3.4663764189943276,0.8846153846153846
988,4.652256257777878,0.9230769230769231
989,3.7872052612637326,0.8461538461538461
990,4.287273340912304,0.8846153846153846
991,4.823288444681827,1.0
992,4.910132639861968,1.0
993,4.367889116414526,0.9230769230769231
994,4.96979808345266,0.9615384615384616
995,4.128692507404905,0.9615384615384616
996,3.899602829089191,0.7692307692307693
997,4.8524421273200575,0.8846153846153846
998,3.6029497152232297,0.8461538461538461
999,3.926534747701674,0.7692307692307693
1000,3.63770114989932,0.7307692307692307
1001,3.142193621854689,0.7307692307692307
1002,4.470317594664003,0.7307692307692307
1003,6.319188250110033,0.9230769230769231
1004,4.579967869137669,0.9615384615384616
1005,4.228263391168926,0.8076923076923077
1006,4.711301019746335,0.7692307692307693
1007,3.3097735834911526,0.8076923076923077
1008,4.042195424512398,0.9230769230769231
1009,3.4902314735360735,0.8461538461538461
1010,3.49601706586495,0.8461538461538461
1011,2.891950535448824,0.8076923076923077
1012,3.398654729454956,0.7692307692307693
1013,3.3037068405902077,0.7692307692307693
1014,4.178593513257781,0.8461538461538461
1015,3.334874274199278,0.8461538461538461
1016,4.5131377091208345,0.9615384615384616
1017,3.4574748522728473,0.8846153846153846
1018,3.5333885821783717,0.8076923076923077
1019,4.111224209618257,0.8076923076923077
1020,7.8046095730068785,0.8076923076923077
1021,4.028086909350308,0.8846153846153846
1022,4.386181611345957,0.8461538461538461
1023,3.683776218597007,0.8461538461538461
1024,4.450719638745737,0.8076923076923077
1025,3.783430963254575,0.6923076923076923
1026,4.412758777365236,0.8076923076923077
1027,3.909972176564943,0.7307692307692307
1028,4.280028389453223,0.7692307692307693
1029,4.715155395583283,0.8076923076923077
1030,4.550140099405448,0.8846153846153846
1031,3.900225026323586,0.8461538461538461
1032,4.793076587728826,0.9615384615384616
1033,4.312595875626465,0.8461538461538461
1034,5.204227918022228,0.8846153846153846
1035,3.866704088514002,0.8076923076923077
1036,4.319921904104638,0.8846153846153846
1037,4.546730478465655,0.9230769230769231
1038,4.034444333975816,0.8461538461538461
1039,4.424861257579199,0.8846153846153846
1040,4.459385852900574,0.8846153846153846
1041,3.588035929346182,0.9230769230769231
1042,3.9241625531783213,0.8846153846153846
1043,4.111395768826879,0.9230769230769231
1044,4.412387581770613,0.9615384615384616
1045,3.968630822328685,0.9230769230769231
1046,3.5724982738146487,0.8846153846153846
1047,6.15309693120252,0.9615384615384616
1048,4.055820791836479,0.8461538461538461
1049,4.129862981237688,0.8846153846153846
1050,3.683764000522083,0.8076923076923077
1051,4.2370371202366135,0.8461538461538461
1052,5.086941424050793,0.7692307692307693
1053,3.827194850470203,0.9615384615384616
1054,3.5823931111074296,0.9615384615384616
1055,4.195147151020423,0.9615384615384616
1056,4.713029977717355,0.8461538461538461
1057,5.000807576281465,0.9230769230769231
1058,4.546800436604097,0.9615384615384616
1059,4.152764452596808,0.8076923076923077
1060,4.475418909855023,0.8076923076923077
1061,4.7353361331422,0.7692307692307693
1062,4.172622701599338,0.8076923076923077
1063,4.002572807287221,0.7692307692307693
1064,3.6089985750518867,0.7692307692307693
1065,4.032976584778147,0.7692307692307693
1066,4.169630649338328,0.8461538461538461
1067,3.5880962529455758,0.8461538461538461
1068,4.103000875960403,0.8461538461538461
1069,4.1526711808954895,0.8076923076923077
1070,4.135991052055808,0.8846153846153846
1071,3.956972826052973,0.8461538461538461
1072,3.4927252966235516,0.8076923076923077
1073,3.691681859861334,0.9230769230769231
1074,3.4560242356187763,0.8076923076923077
1075,4.378756318406824,0.7307692307692307
1076,3.9902048124547327,0.7692307692307693
1077,3.391231727790531,0.6923076923076923
1078,3.388448784802823,0.7692307692307693
1079,2.6133302690111515,0.8846153846153846
1080,2.856287648603433,0.8461538461538461
1081,3.5453688943487816,0.9230769230769231
1082,4.49189401125073,0.9230769230769231
1083,3.5312760389295286,0.9230769230769231
1084,2.8448281449078716,0.8076923076923077
1085,4.5222052693104065,0.9615384615384616
1086,3.7450455886711596,0.8461538461538461
1087,3.310343764996056,0.8846153846153846
1088,4.110035092580006,0.7692307692307693
1089,4.621605964846468,0.9230769230769231
1090,3.9791384111820705,0.8846153846153846
1091,4.296438162611573,0.9615384615384616
1092,3.976190718392516,0.8846153846153846
1093,5.615442813387078,0.9615384615384616
1094,3.9034689920264496,0.9230769230769231
1095,3.828385839406818,0.8846153846153846
1096,4.230137420178062,0.9615384615384616
1097,3.8444382644341224,0.8461538461538461
1098,3.2404196295250545,0.8846153846153846
1099,4.270100340039822,0.8461538461538461
1100,3.987722577249452,0.8076923076923077
1101,3.622028903808728,0.8076923076923077
1102,3.9504278530034296,0.8461538461538461
1103,4.43108651648812,0.8846153846153846
1104,4.056914913824174,0.9230769230769231
1105,4.826649994628925,0.9615384615384616
1106,5.815460721830832,0.9230769230769231
1107,5.025750249650683,0.8846153846153846
1108,4.166058905079469,0.8076923076923077
1109,4.025323629858671,0.8076923076923077
1110,3.7971719887369018,0.8076923076923077
1111,5.422872591589504,0.8846153846153846
1112,4.100178142691534,0.8076923076923077
1113,3.1481074443255967,0.8076923076923077
1114,3.3936248659225594,0.8461538461538461
1115,3.1434468513631453,0.8461538461538461
1116,4.853481747869598,0.8846153846153846
1117,5.02393315340548,0.9615384615384616
1118,3.6298415178714074,0.8846153846153846
1119,4.22398536353605,0.8076923076923077
1120,6.096063559204147,0.8461538461538461
1121,4.759650372800777,0.8846153846153846
1122,5.814355896646372,0.9615384615384616
1123,4.677666252556636,0.8846153846153846
1124,4.415968379420987,0.8461538461538461
1125,4.54944060463493,0.7692307692307693
1126,4.5643332896863456,0.8076923076923077
1127,3.9144793143884,0.8461538461538461
1128,5.081038630136982,0.8076923076923077
1129,4.2863523711647,1.0
1130,4.27379863465774,0.9615384615384616
1131,4.596346504696116,0.9230769230769231
1132,4.220255440972268,0.8461538461538461
1133,4.751820214413422,0.9615384615384616
1134,4.167438740197043,0.7692307692307693
1135,4.2888251305266545,0.9230769230769231
1136,4.095236400760084,1.0
1137,4.13268876590715,0.8846153846153846
1138,4.887032067264137,0.9615384615384616
1139,4.071089307314576,0.9230769230769231
1140,5.651596002588698,0.7692307692307693
1141,5.196314490433741,0.8846153846153846
1142,4.183954750584597,1.0
1143,4.573496694673877,0.9230769230769231
1144,5.574218727714729,0.9230769230769231
1145,4.898853163970031,0.9230769230769231
1146,4.408626439827647,0.8846153846153846
1147,3.784020074700781,0.8461538461538461
1148,3.9006681764947135,0.8461538461538461
1149,7.999662435905776,0.9230769230769231
1150,4.263813433506253,0.8461538461538461
1151,4.795794644737068,0.9230769230769231
1152,5.1431549306300015,0.8846153846153846
1153,4.901595755422735,0.8846153846153846
1154,3.3050527579837348,0.7307692307692307
1155,4.167187276220529,0.8461538461538461
1156,3.982277050128636,0.8076923076923077
1157,4.157063104991534,0.8076923076923077
1158,3.8823714704486374,0.8076923076923077
1159,2.935548363963505,0.8846153846153846
1160,4.013371022810334,0.7692307692307693
1161,3.819624007760493,0.7692307692307693
1162,3.118510417503998,0.8461538461538461
1163,2.744964291269697,0.9230769230769231
1164,2.7610148639455803,0.7692307692307693
1165,3.6033614212987746,0.8846153846153846
1166,2.5975765858296755,0.8461538461538461
1167,3.0387451184567684,0.8846153846153846
1168,3.2094816529908314,0.8846153846153846
1169,2.4051453979036514,0.8461538461538461
1170,2.7695535101138153,0.9230769230769231
1171,3.156143976002319,0.8846153846153846
1172,2.610793722026965,0.8846153846153846
1173,2.8575746155258566,0.9230769230769231
1174,2.7257235949592817,0.8461538461538461
1175,3.063926144701277,0.6923076923076923
1176,3.073668255885768,0.8846153846153846
1177,2.612061891629486,0.8461538461538461
1178,3.3164884992795427,0.7692307692307693
1179,3.563865048156881,0.8461538461538461
1180,3.218506648568648,0.8461538461538461
1181,4.2419900063196225,0.8461538461538461
1182,3.1788307368579556,0.8846153846153846
1183,4.196995532834109,0.8076923076923077
1184,2.814944318693478,0.7692307692307693
1185,2.919866089674145,0.8076923076923077
1186,3.3927939317893197,0.8461538461538461
1187,4.29631311576571,1.0
1188,4.856010771192639,0.9230769230769231
1189,3.56737327780708,0.7692307692307693
1190,3.8244754593125765,0.8461538461538461
1191,3.8403215830554576,0.8076923076923077
1192,4.415261005394694,0.8846153846153846
1193,4.410071411560132,0.7692307692307693
1194,4.18498061021253,0.8076923076923077
1195,3.831224517278198,0.8076923076923077
1196,3.6924231105596697,0.8076923076923077
1197,3.768205995020389,0.8846153846153846
1198,3.52475967896178,0.8461538461538461
1199,4.644315536637266,0.8461538461538461
1200,4.084548848712489,0.8076923076923077
1201,4.382937889935974,0.8076923076923077
1202,4.377260684133996,0.7692307692307693
1203,4.323183800389708,0.8076923076923077
1204,4.225208928987581,0.8461538461538461
1205,4.190839000163018,0.8076923076923077
1206,4.867029891358483,0.7307692307692307
1207,4.486748408768706,0.6923076923076923
1208,5.283981500875688,0.7692307692307693
1209,5.346186130321886,0.7692307692307693
1210,4.584454444628758,0.8461538461538461
1211,4.427326612061116,0.7307692307692307
1212,4.862877572544694,0.9230769230769231
1213,4.999916462824166,0.8076923076923077
1214,4.108188069080596,0.9615384615384616
1215,5.271455330341478,1.0
1216,4.941189203540393,0.9615384615384616
1217,4.219405806452855,0.9230769230769231
1218,5.974670992494771,0.9230769230769231
1219,4.536445405347554,0.8461538461538461
1220,4.668296488154298,0.8461538461538461
1221,5.111606701209543,0.8846153846153846
1222,4.88487407770291,0.9230769230769231
1223,5.127290017828972,0.9230769230769231
1224,4.890608499564668,0.9230769230769231
1225,5.587944636302023,0.9615384615384616
1226,3.4094083322616417,0.8076923076923077
1227,4.828303523271171,0.9230769230769231
1228,4.379893272222255,0.7692307692307693
1229,3.8823531649264993,0.9230769230769231
1230,4.91469548495611,0.8846153846153846
1231,3.610139991318339,0.7692307692307693
1232,2.6936202503738986,0.9230769230769231
1233,3.47808045776794,0.8076923076923077
1234,3.1887260879163835,0.7692307692307693
1235,3.913016940369006,0.8846153846153846
1236,4.412207450424441,0.8846153846153846
1237,3.9565307772730023,0.8846153846153846
1238,4.891261868337049,0.8461538461538461
1239,5.39475974936011,0.8846153846153846
1240,4.093801667073997,0.9230769230769231
1241,3.9371968046871233,0.8846153846153846
1242,4.220227658354327,0.8076923076923077
1243,4.7077686182377185,0.9230769230769231
1244,4.363538383908311,0.8461538461538461
1245,3.883460198824461,0.7692307692307693
1246,3.460405347009545,0.8846153846153846
1247,4.946520973027767,0.9230769230769231
1248,4.286247197917396,1.0
1249,4.153036477192395,0.8846153846153846
1250,3.740660341960287,0.8846153846153846
1251,3.6843924596917024,0.9615384615384616
1252,4.351371087874034,0.9615384615384616
1253,4.755608191051034,0.9230769230769231
1254,4.628855923785662,0.9230769230769231
1255,4.359269791277605,0.8461538461538461
1256,3.8604449018170546,0.9230769230769231
1257,4.211923148549457,0.9230769230769231
1258,4.430898281515562,0.8076923076923077
1259,4.320129679005064,0.8461538461538461
1260,4.48586897321511,0.8076923076923077
1261,4.661834850851122,0.8846153846153846
1262,4.013764244322523,0.8846153846153846
1263,4.881671552682166,0.8461538461538461
1264,3.347258138086974,0.7692307692307693
1265,4.866808977681632,0.9230769230769231
1266,3.6994831618605604,0.8846153846153846
1267,3.7510947420844283,0.7307692307692307
1268,4.8893176389232735,0.7307692307692307
1269,5.279447597654781,0.9615384615384616
1270,4.812990269192001,0.7692307692307693
1271,3.9919001766735165,0.6923076923076923
1272,4.312614319588532,0.8076923076923077
1273,4.051513197694788,0.8076923076923077
1274,4.365599815746608,0.7692307692307693
1275,4.273329604096869,0.7692307692307693
1276,4.345836780149643,0.7692307692307693
1277,4.427079302729851,0.8076923076923077
1278,4.708109322042896,0.8076923076923077
1279,4.738438406479554,0.7692307692307693
1280,4.6917649778382025,0.8076923076923077
1281,4.246417185996111,0.8076923076923077
1282,4.608058334861768,0.8461538461538461
1283,4.425250939032953,1.0
1284,4.578044712743997,0.9230769230769231
1285,4.092802470519142,0.9230769230769231
1286,4.830705826747331,0.9230769230769231
1287,4.704761461329607,0.8846153846153846
1288,4.892005952890601,0.9230769230769231
1289,4.0614632078247785,0.8461538461538461
1290,4.0324943363894485,0.8461538461538461
1291,3.9593727613073217,0.8846153846153846
1292,4.0994331335702965,0.8461538461538461
1293,4.26137330847965,0.8076923076923077
1294,3.9088873503461667,0.8076923076923077
1295,3.9499003695155324,0.8461538461538461
1296,3.410310456135195,0.8076923076923077
1297,3.8069786191831514,0.8076923076923077
1298,3.9231942382986014,1.0
1299,4.695467988087255,1.0
1300,4.586892617553778,0.9615384615384616
1301,5.171004960624453,0.9230769230769231
1302,4.984422620925984,0.8846153846153846
1303,5.29349137170982,0.9615384615384616
1304,4.6986735127779085,0.8846153846153846
1305,4.52457162199102,0.9230769230769231
1306,4.858558556318885,0.7692307692307693
1307,4.353267590882943,0.9615384615384616
1308,4.600331376571786,0.8076923076923077
1309,4.223261117467093,0.8076923076923077
1310,4.389725819343897,0.8461538461538461
1311,5.37924612548842,0.8846153846153846
1312,4.004569391578645,0.8461538461538461
1313,4.668354277982405,0.9230769230769231
1314,5.778042184816684,0.9230769230769231
1315,4.215811296693969,0.8461538461538461
1316,3.3751157956246978,0.6538461538461539
1317,3.610016864934847,0.7692307692307693
1318,3.783581805894491,0.8076923076923077
1319,3.213054101202937,0.7692307692307693
1320,3.845800857961177,0.8846153846153846
1321,4.192326518781882,0.8846153846153846
1322,4.703096163155729,0.9230769230769231
1323,3.5006200558177425,0.8846153846153846
1324,4.266511179955506,0.9615384615384616
1325,4.45875531117937,0.9615384615384616
1326,3.800802329293997,0.9615384615384616
1327,4.553964473755518,0.9230769230769231
1328,4.455242166693478,0.8846153846153846
1329,3.8250775217127204,0.9230769230769231
1330,4.162996088806135,0.8461538461538461
1331,4.233016434866286,0.8846153846153846
1332,3.785191090231372,0.8076923076923077
1333,3.911139549167792,0.8076923076923077
1334,4.13756369426693,0.8846153846153846
1335,4.158953029788809,0.8461538461538461
1336,3.4616173942026327,0.7692307692307693
1337,3.929208151426865,0.7692307692307693
1338,4.053178041849473,0.8076923076923077
1339,3.6199089589533986,0.9615384615384616
1340,3.6179760299815493,0.8076923076923077
1341,3.8053059635700657,0.8461538461538461
1342,3.9191194492929915,0.8461538461538461
1343,3.965528556454752,0.7692307692307693
1344,4.575548508760098,0.8846153846153846
1345,3.4092039860442083,0.7692307692307693
1346,4.429098720013731,0.9230769230769231
1347,3.4728417914210064,0.8461538461538461
1348,4.549755376182755,0.7692307692307693
1349,3.9294722281584376,0.8461538461538461
1350,4.492988999495581,0.7692307692307693
1351,3.649640586678701,0.7692307692307693
1352,4.183179295867261,0.7692307692307693
1353,3.645916804202217,0.7692307692307693
1354,3.5662516793576007,0.8461538461538461
1355,3.5737806193003774,0.7307692307692307
1356,4.013131293141192,0.8461538461538461
1357,4.415881994869514,0.8076923076923077
1358,3.8644127180695396,0.8076923076923077
1359,3.865763335663523,0.7692307692307693
1360,3.2945503330298926,0.8076923076923077
1361,4.2525846544228,0.8076923076923077
1362,3.6312518879630273,0.8461538461538461
1363,3.6897663275967667,0.7692307692307693
1364,3.105153660981865,0.8846153846153846
1365,3.3010256732165626,0.9230769230769231
1366,4.346310449630447,0.8846153846153846
1367,2.989547225807476,0.9230769230769231
1368,2.808307717499084,0.9230769230769231
1369,4.135278728819949,0.8076923076923077
1370,4.601828477444435,1.0
1371,3.6605344236628796,0.8846153846153846
1372,3.4137258904976515,0.8846153846153846
1373,4.123095241107494,0.9615384615384616
1374,4.927677811196086,0.7692307692307693
1375,4.048063110972293,0.9230769230769231
1376,3.7051642473803863,0.9230769230769231
1377,3.395578100129991,1.0
1378,5.121072942814259,0.8461538461538461
1379,4.244206063084431,0.8846153846153846
1380,4.451285123275873,0.9230769230769231
1381,4.085408452913968,0.9615384615384616
1382,4.194449660577252,0.9230769230769231
1383,4.1681242655758775,0.9615384615384616
1384,4.699081057518519,0.9615384615384616
1385,4.491653120616965,0.8461538461538461
1386,3.6970495083222166,0.9615384615384616
1387,4.825843097489326,0.8846153846153846
1388,3.7712177334041366,0.9615384615384616
1389,4.198350941754798,0.8846153846153846
1390,4.422068340862995,0.8461538461538461
1391,4.012631981176118,0.8846153846153846
1392,4.120387644007822,0.9230769230769231
1393,4.221086833548797,0.8846153846153846
1394,4.8447600803021755,0.9230769230769231
1395,3.7137405835758877,0.9230769230769231
1396,4.362375941293932,0.8846153846153846
1397,4.551691203498059,0.9230769230769231
1398,3.9753308143739976,0.8846153846153846
1399,3.9035870394429066,0.8846153846153846
1400,4.345656127278754,0.9615384615384616
1401,4.26880515705786,0.9230769230769231
1402,3.7064515889348932,0.8846153846153846
1403,5.1130349879854915,0.9230769230769231
1404,4.266453320467067,0.9230769230769231
1405,4.472013897373085,0.9230769230769231
1406,2.897524739287097,0.6923076923076923
1407,3.2725346280934184,0.6538461538461539
1408,4.308595276831193,0.7692307692307693
1409,4.020265943035497,0.8076923076923077
1410,4.877990851896663,0.9615384615384616
1411,3.9975321188703425,0.9230769230769231
1412,4.33690471018577,0.9615384615384616
1413,5.645481081267899,1.0
1414,4.581341864801915,0.9615384615384616
1415,5.009582717737383,0.9615384615384616
1416,3.519788379399226,0.8461538461538461
1417,4.094501279973445,0.7307692307692307
1418,4.721618207268738,0.8846153846153846
1419,5.5802711997846135,0.9230769230769231
1420,5.252157087812395,0.9615384615384616
1421,4.241948735712924,0.8461538461538461
1422,4.992381143728862,0.8846153846153846
1423,5.186874558510705,0.8461538461538461
1424,4.7738106703210015,0.8846153846153846
1425,4.558067531288057,0.8846153846153846
1426,6.288807495196696,0.8461538461538461
1427,3.99565756221947,0.8076923076923077
1428,4.316426496326456,0.8076923076923077
1429,4.374716538191424,0.8076923076923077
1430,4.328478629005859,0.8461538461538461
1431,4.1856045080331095,0.7692307692307693
1432,4.001556457073593,0.7307692307692307
1433,3.989327382527454,0.7307692307692307
1434,4.493908509482414,0.8461538461538461
1435,3.917239574798285,0.8076923076923077
1436,4.287822666372416,0.8461538461538461
1437,3.9177076932486914,0.8461538461538461
1438,3.7320089939545293,0.6923076923076923
1439,4.123206083902421,0.8076923076923077
1440,3.656869502195107,0.8461538461538461
1441,3.772848462125927,0.8076923076923077
1442,4.245655153599818,0.8076923076923077
1443,3.470485445719379,0.8076923076923077
1444,3.6837730098556913,0.8461538461538461
1445,2.973168399586443,0.8076923076923077
1446,3.046807649162208,0.8076923076923077
1447,3.032897519351871,0.8461538461538461
1448,3.0810016761470673,0.8846153846153846
1449,4.568082324759458,0.9615384615384616
1450,3.27866746642306,0.8846153846153846
1451,3.73229883887213,0.8076923076923077
1452,3.6549119920493283,0.8461538461538461
1453,4.77313820314822,0.8846153846153846
1454,4.435740356402273,0.8846153846153846
1455,4.1552811557556515,0.8846153846153846
1456,4.37070398232307,0.8846153846153846
1457,4.293875281761554,0.9230769230769231
1458,4.639120783408678,0.8846153846153846
1459,4.52743835149963,0.8846153846153846
1460,4.111119798177151,0.8461538461538461
1461,4.227428281788735,0.8846153846153846
1462,3.9931475187900816,0.8846153846153846
1463,4.418163788699044,0.8846153846153846
1464,4.444317596327218,0.9230769230769231
1465,4.2753508051265054,0.9230769230769231
1466,4.537201064499132,0.9615384615384616
1467,3.7296753837103305,0.9615384615384616
1468,4.6961333754053864,0.9230769230769231
1469,4.32250666842035,0.9230769230769231
1470,4.690268823170505,0.9230769230769231
1471,4.839432693916392,0.8076923076923077
1472,4.06104856108338,0.8461538461538461
1473,3.887167777541158,0.8846153846153846
1474,4.209122317631299,0.8846153846153846
1475,4.16971089750488,0.8846153846153846
1476,3.619068373541654,0.8846153846153846
1477,3.6905616457397064,0.8846153846153846
1478,3.9273487576470547,0.9230769230769231
1479,3.811488625150023,1.0
1480,4.118066341260451,0.9615384615384616
1481,3.8156107345420316,0.8461538461538461
1482,3.8790008583656164,0.8076923076923077
1483,4.280840634380463,0.8076923076923077
1484,4.295299424987781,0.8846153846153846
1485,4.812186534433226,0.9230769230769231
1486,3.544609177108002,0.8846153846153846
1487,3.406871805104264,0.8461538461538461
1488,3.4060022685164237,0.8076923076923077
1489,3.0154581238063507,0.8461538461538461
1490,3.424949082396845,0.8461538461538461
1491,5.585029803543935,0.8461538461538461
1492,5.069118429484241,1.0
1493,3.567141760578668,0.8076923076923077
1494,4.774836342430321,0.8846153846153846
1495,3.726432685895228,0.8076923076923077
1496,3.751177138785756,0.8461538461538461
1497,3.425940469153188,0.6538461538461539
1498,3.5807604280885066,0.7692307692307693
1499,3.1316586327802653,0.7307692307692307
1500,3.056573062998753,0.8076923076923077
