# Trial 4: ath=0.0300  reg=5.00e-04  hd=1000  L=8  best_er=0.3077
iter,loss,error_rate
1,4.3026245478412735,0.8846153846153846
2,3.6528478023552475,0.9230769230769231
3,3.217877536708838,0.8846153846153846
4,3.9087774707419016,0.9615384615384616
5,3.7861851367551944,0.8461538461538461
6,4.080941172527228,0.8846153846153846
7,4.258878659029551,0.9230769230769231
8,3.5991807332773016,0.8846153846153846
9,4.523804559167425,0.8461538461538461
10,3.649579255385991,0.8846153846153846
11,3.660209385172588,1.0
12,3.5489411088651472,0.8461538461538461
13,3.6628789114069047,0.9230769230769231
14,3.789173174753583,0.8846153846153846
15,3.587170592114077,0.8846153846153846
16,3.9308527375192766,0.8846153846153846
17,3.2612827952773373,0.9230769230769231
18,3.358245565001174,0.8846153846153846
19,3.2589591263543785,0.8846153846153846
20,3.6855808398625594,0.8461538461538461
21,3.6657527514506514,0.8846153846153846
22,3.7053200204386627,0.8846153846153846
23,3.1954744583196604,0.8461538461538461
24,4.502777865228638,0.8846153846153846
25,3.0671580807381256,0.9230769230769231
26,3.675911673244572,0.8461538461538461
27,4.3262403591591525,0.8846153846153846
28,3.5082430533455193,0.8461538461538461
29,4.110474783385313,0.8461538461538461
30,2.869454032926381,0.8846153846153846
31,3.762450425679968,0.8461538461538461
32,4.0239017562223305,0.8846153846153846
33,3.9779820389874634,0.8461538461538461
34,3.2212395089885772,0.8461538461538461
35,3.6264109368800903,0.8461538461538461
36,3.3817522396081277,0.8846153846153846
37,3.7967894679403256,0.8461538461538461
38,4.20671213016085,0.8076923076923077
39,3.486198514065407,0.8461538461538461
40,3.9847898754595317,0.8846153846153846
41,3.3609809080872535,0.8846153846153846
42,4.367160838133778,0.8846153846153846
43,3.938176447882896,0.8076923076923077
44,3.5494187654472182,0.8076923076923077
45,4.411203843365462,0.8461538461538461
46,3.1645155684982873,0.9230769230769231
47,3.9670824733899472,0.8076923076923077
48,3.276734955658737,0.8846153846153846
49,3.756935742234622,0.8846153846153846
50,3.7799396035153308,0.8846153846153846
51,3.7424438155177073,0.8076923076923077
52,3.537880021444309,0.9230769230769231
53,4.081781022862864,0.9230769230769231
54,3.5667209640259014,0.8076923076923077
55,4.074934833103072,0.8461538461538461
56,3.7278302447135445,0.9230769230769231
57,3.1257570704219906,0.8461538461538461
58,3.0511804015733537,0.8461538461538461
59,3.0193835830636098,0.8461538461538461
60,3.2986142059240873,0.8461538461538461
61,3.1715357261249926,0.7692307692307693
62,3.9508565915957647,0.8461538461538461
63,3.730064244675653,0.8846153846153846
64,3.612105109130182,0.8461538461538461
65,3.8236511040686647,0.8846153846153846
66,3.354802259515824,0.8076923076923077
67,3.4534786979768772,0.8461538461538461
68,3.5715403984006304,0.8461538461538461
69,3.084478795269549,0.8461538461538461
70,3.7487569361082933,0.8076923076923077
71,3.1777816779647345,0.7692307692307693
72,3.8690809582982473,0.8076923076923077
73,3.144818929079785,0.7307692307692307
74,3.1385862872006713,0.8076923076923077
75,3.3515502895131446,0.8461538461538461
76,3.7235050914976324,0.8076923076923077
77,3.4351566591359974,0.8461538461538461
78,3.9876953294781985,0.8846153846153846
79,3.762257109562964,0.8846153846153846
80,3.42059769277949,0.8461538461538461
81,2.9734009675999458,0.8461538461538461
82,3.200379610721902,0.8076923076923077
83,3.276299259976264,0.8076923076923077
84,3.4945951522244627,0.8461538461538461
85,3.721289023207994,0.8846153846153846
86,3.9050849780413843,0.8461538461538461
87,2.5450286051977433,0.8461538461538461
88,3.433097296024905,0.8461538461538461
89,3.248194371015256,0.8076923076923077
90,2.8478598163674196,0.7692307692307693
91,2.848877626750364,0.7307692307692307
92,3.114903984164475,0.7692307692307693
93,2.742133453478978,0.8076923076923077
94,2.5855267905338133,0.8076923076923077
95,2.7068079704005807,0.7692307692307693
96,3.238398759782596,0.8461538461538461
97,2.7315922758921864,0.8846153846153846
98,2.8336006244426857,0.8461538461538461
99,2.9160927682890687,0.7692307692307693
100,2.2197546176406133,0.7692307692307693
101,2.3607038173708226,0.8846153846153846
102,2.8924526725351463,0.8076923076923077
103,2.57398775305696,0.8461538461538461
104,2.935184816964967,0.8461538461538461
105,2.3296518741676504,0.8846153846153846
106,3.1229408674610077,0.8461538461538461
107,2.411299667130887,0.8461538461538461
108,2.669182065012603,0.8846153846153846
109,2.224592263243836,0.8076923076923077
110,2.497347425006714,0.8076923076923077
111,2.9509245339479255,0.8846153846153846
112,2.7968832856718806,0.9230769230769231
113,2.0975601323029784,0.8461538461538461
114,2.290939521958311,0.8461538461538461
115,2.125036075689274,0.8461538461538461
116,2.590502481827417,0.8076923076923077
117,1.7443398464511632,0.7692307692307693
118,2.3890081683309115,0.6538461538461539
119,2.267504855039314,0.8076923076923077
120,2.6791411842891084,0.8076923076923077
121,2.545450643178328,0.6923076923076923
122,2.2971333298509453,0.7307692307692307
123,2.2487466193064325,0.7692307692307693
124,2.011332882066319,0.7692307692307693
125,2.0876449279818914,0.6923076923076923
126,2.039927503515512,0.7307692307692307
127,1.787701817371926,0.8076923076923077
128,1.8015077743066064,0.8076923076923077
129,2.278677149816122,0.7307692307692307
130,2.1213431592676586,0.8076923076923077
131,2.338295192539635,0.7307692307692307
132,1.6256885185058896,0.6923076923076923
133,1.7732894175263596,0.6923076923076923
134,1.9128379699825369,0.8076923076923077
135,2.1539299889623935,0.8076923076923077
136,2.036422233334006,0.7307692307692307
137,1.9168549158097408,0.6923076923076923
138,1.4926944911065076,0.6923076923076923
139,1.684242557183265,0.6538461538461539
140,2.4443456881642653,0.6923076923076923
141,1.7572955386414923,0.6538461538461539
142,1.8737621041163695,0.6538461538461539
143,2.235985526328732,0.6153846153846154
144,2.00020846624897,0.5384615384615384
145,2.093159786507016,0.6538461538461539
146,2.312315103402266,0.6923076923076923
147,2.4066008719051037,0.6923076923076923
148,1.9412660023122346,0.6923076923076923
149,1.5923419621316643,0.6153846153846154
150,2.316828217785294,0.6538461538461539
151,1.779328686377557,0.6923076923076923
152,1.9781268356455977,0.6153846153846154
153,1.5282337411988411,0.6538461538461539
154,1.7437831464840605,0.7307692307692307
155,1.7156579705915318,0.6923076923076923
156,1.6435349472871428,0.7307692307692307
157,1.7655052330749337,0.7307692307692307
158,1.707846651631972,0.6923076923076923
159,1.669056868920554,0.6538461538461539
160,1.655528694982042,0.6538461538461539
161,1.7131247628115005,0.6923076923076923
162,1.5234010190653144,0.6153846153846154
163,1.9115790841045677,0.6153846153846154
164,1.8077435334181438,0.6153846153846154
165,1.6532592588753636,0.5769230769230769
166,1.433965171451078,0.6923076923076923
167,1.5061345263151527,0.6153846153846154
168,1.6181320623145456,0.6153846153846154
169,1.6133397491109003,0.6923076923076923
170,1.7578183083509589,0.6153846153846154
171,1.5413667185585025,0.6153846153846154
172,1.2441589535832045,0.6538461538461539
173,1.667515971195781,0.6923076923076923
174,1.5537450209910113,0.6153846153846154
175,1.905645143039298,0.6538461538461539
176,1.8741846990567217,0.6923076923076923
177,1.571452485927331,0.7307692307692307
178,1.325358256262608,0.6923076923076923
179,1.837612297683929,0.7307692307692307
180,1.669494505180341,0.7307692307692307
181,1.7830395776260626,0.7692307692307693
182,1.5346037194136875,0.6923076923076923
183,1.5199009594090063,0.6153846153846154
184,1.3802727783890112,0.7307692307692307
185,1.3998770150194488,0.6923076923076923
186,1.6610354820608877,0.6538461538461539
187,1.4061469050079447,0.6538461538461539
188,1.3935929831798917,0.6923076923076923
189,1.4691233048851347,0.7307692307692307
190,1.720188220007337,0.6538461538461539
191,1.510434727985781,0.7307692307692307
192,1.3982054397913046,0.6153846153846154
193,1.9564774551950197,0.6153846153846154
194,1.4316634126546375,0.7307692307692307
195,1.1592174407198046,0.5769230769230769
196,1.205981095183232,0.6538461538461539
197,1.3402919925854206,0.6538461538461539
198,1.281882066725411,0.6153846153846154
199,1.1949398151671318,0.7307692307692307
200,1.688756759557692,0.6923076923076923
201,1.457415305067567,0.7307692307692307
202,1.2534334810516063,0.6153846153846154
203,1.1645631259567897,0.5384615384615384
204,1.1511914355295798,0.6538461538461539
205,1.5188719479332757,0.6538461538461539
206,1.20046464376126,0.6153846153846154
207,1.2465971745296236,0.6153846153846154
208,1.0812227551281643,0.7307692307692307
209,1.3236934709895416,0.7692307692307693
210,1.272813586445574,0.6538461538461539
211,1.1103632141461985,0.6538461538461539
212,1.2922155982454036,0.6923076923076923
213,1.6429586022283087,0.6923076923076923
214,1.033839329474707,0.6538461538461539
215,1.4546254346766943,0.6153846153846154
216,1.3356522869202734,0.5384615384615384
217,1.3359912016088589,0.6538461538461539
218,1.332049679642406,0.6153846153846154
219,1.1756738203045258,0.6923076923076923
220,1.565991858753021,0.6538461538461539
221,1.3585680556022832,0.6153846153846154
222,1.6560250500216556,0.6538461538461539
223,1.4362672591504357,0.5769230769230769
224,1.1746555582684852,0.6153846153846154
225,1.112286685693995,0.6153846153846154
226,1.201782355433426,0.5769230769230769
227,1.1525710540352185,0.6153846153846154
228,1.2362090984868814,0.6153846153846154
229,1.4152799002031582,0.6923076923076923
230,1.1100778867176895,0.6538461538461539
231,1.1735305899908317,0.6538461538461539
232,2.275051329839232,0.7307692307692307
233,1.099786969781682,0.6538461538461539
234,1.1973315925795687,0.6923076923076923
235,1.1813570072770134,0.6153846153846154
236,1.154404271649828,0.6923076923076923
237,1.3610897507210775,0.6538461538461539
238,1.3305222440720326,0.5769230769230769
239,1.2554965506387497,0.6153846153846154
240,1.2331987176425847,0.6538461538461539
241,1.402463442601157,0.7307692307692307
242,1.4584358571233578,0.6923076923076923
243,1.3783583038386573,0.6153846153846154
244,1.2136648320213652,0.6923076923076923
245,1.1887434672951365,0.6538461538461539
246,1.0621323130531102,0.6153846153846154
247,1.1471220860283107,0.6923076923076923
248,0.9330496798372052,0.5769230769230769
249,1.2402869481174394,0.6153846153846154
250,1.164209880764448,0.6153846153846154
251,1.0326941281255757,0.6538461538461539
252,2.1027360646392133,0.6153846153846154
253,1.100122309028663,0.6538461538461539
254,1.2743715800843427,0.6153846153846154
255,1.4516192387496774,0.6153846153846154
256,1.5778347998457276,0.6923076923076923
257,1.2804310275531314,0.6538461538461539
258,1.1436706738589906,0.6923076923076923
259,1.2331961004922167,0.6153846153846154
260,1.0247046624516654,0.5769230769230769
261,1.4979349187804192,0.6923076923076923
262,0.9656891864366446,0.6538461538461539
263,0.8817363145355337,0.6923076923076923
264,0.960649834255543,0.5769230769230769
265,1.0415158161715796,0.6153846153846154
266,1.1539138353854645,0.6153846153846154
267,0.9896292304397774,0.6153846153846154
268,1.0034191270181108,0.6538461538461539
269,1.0910596055041863,0.6923076923076923
270,0.8798411881869015,0.6923076923076923
271,0.9111664048220303,0.6923076923076923
272,0.9411328569731374,0.5769230769230769
273,1.1610142473300904,0.6923076923076923
274,0.9604945826917328,0.6538461538461539
275,0.9371309792223692,0.6153846153846154
276,0.9555304575359531,0.6538461538461539
277,0.8795790196273283,0.5769230769230769
278,0.9966079144208524,0.5769230769230769
279,1.0699849180319765,0.6153846153846154
280,1.0398586191891956,0.6153846153846154
281,1.127593909742548,0.6923076923076923
282,0.9422343562653079,0.6923076923076923
283,0.746858299755059,0.6538461538461539
284,0.9413428395667656,0.6538461538461539
285,0.7825776559699822,0.6153846153846154
286,0.9716203679955808,0.6538461538461539
287,0.9691001607081713,0.6923076923076923
288,0.9791378034479079,0.5769230769230769
289,1.015507001093943,0.6153846153846154
290,1.0972491137877745,0.6153846153846154
291,0.9284887055212354,0.6538461538461539
292,0.9489597299579895,0.6153846153846154
293,0.79603488748231,0.5384615384615384
294,0.9742786471125156,0.5769230769230769
295,0.7242579849919055,0.5384615384615384
296,0.9462554790728563,0.5
297,0.7225121479147116,0.6153846153846154
298,0.8306717881562968,0.6153846153846154
299,0.7177495554714186,0.6153846153846154
300,0.7377535078684136,0.6153846153846154
301,0.8751708617810183,0.5769230769230769
302,0.7948779530394603,0.5769230769230769
303,0.849842905192336,0.5384615384615384
304,0.8061556261426222,0.5
305,0.679402082878954,0.5
306,0.7949556701372371,0.6153846153846154
307,0.8058975321925774,0.5384615384615384
308,0.6708719895455038,0.5384615384615384
309,0.9478497248662792,0.5384615384615384
310,0.7198134576406789,0.5
311,1.0285870670317716,0.5384615384615384
312,0.8332450658252175,0.5384615384615384
313,0.814111020863741,0.5
314,0.8797122914250122,0.6153846153846154
315,0.8851318684817677,0.5384615384615384
316,0.8889042428408618,0.6538461538461539
317,0.8246487196715786,0.5769230769230769
318,0.8786996342725795,0.5
319,0.8109040920311403,0.5769230769230769
320,0.7738947296001117,0.5384615384615384
321,0.8020614711640204,0.5769230769230769
322,1.0707840718159205,0.5769230769230769
323,0.7167671185161053,0.5769230769230769
324,0.6982924008387488,0.5769230769230769
325,0.8509539491040234,0.5384615384615384
326,0.7411123678810956,0.5384615384615384
327,0.8156848619995545,0.5769230769230769
328,0.7839002142127502,0.5769230769230769
329,0.7138208537840005,0.5
330,0.8334986000913611,0.5769230769230769
331,0.904026057902747,0.5769230769230769
332,0.7781903268511785,0.5
333,0.7817799373400458,0.5769230769230769
334,0.804696769219901,0.6153846153846154
335,0.8920010612304434,0.6153846153846154
336,0.934001757994618,0.6153846153846154
337,0.861582812579988,0.5769230769230769
338,0.8218917287792258,0.5384615384615384
339,0.7346729951652926,0.6153846153846154
340,0.8514860976720318,0.5384615384615384
341,0.7280384111860041,0.6538461538461539
342,0.8925629184373638,0.5384615384615384
343,0.7343313394355002,0.5384615384615384
344,0.856141152158632,0.6153846153846154
345,0.7965946216272566,0.5769230769230769
346,0.704806878186989,0.6153846153846154
347,0.7038974645410878,0.5769230769230769
348,0.9515166203298775,0.5769230769230769
349,0.7188349511980867,0.5384615384615384
350,0.8418668409617975,0.6538461538461539
351,0.8462634598017149,0.5769230769230769
352,0.8356071982604467,0.5769230769230769
353,0.7882117873935344,0.6538461538461539
354,0.8247898471738133,0.5
355,0.7075434423866782,0.6153846153846154
356,0.8698526834600098,0.6153846153846154
357,0.8822162653656798,0.5769230769230769
358,0.7828116948411106,0.5384615384615384
359,0.7938432230452044,0.5384615384615384
360,0.8074191816665035,0.6153846153846154
361,0.8850242582740604,0.5
362,0.7920658778027612,0.5384615384615384
363,0.7849270900805059,0.6153846153846154
364,0.8295150261636204,0.5384615384615384
365,0.689069176593732,0.5384615384615384
366,0.7944270621740266,0.6538461538461539
367,0.8964219641917519,0.5384615384615384
368,0.7550878558121568,0.5384615384615384
369,0.7724467987462411,0.5769230769230769
370,0.6953549250961077,0.5384615384615384
371,0.7846543649708044,0.5384615384615384
372,0.5842642806441787,0.5769230769230769
373,0.711259352346095,0.5
374,0.7195876114155597,0.5769230769230769
375,0.6521161942087268,0.5769230769230769
376,0.6562002554693427,0.5769230769230769
377,0.8384308741334077,0.5384615384615384
378,0.7617970127613085,0.5769230769230769
379,0.6818611109024877,0.5769230769230769
380,1.616380867572143,0.6153846153846154
381,0.6935642679157676,0.5384615384615384
382,0.8047483837709737,0.5384615384615384
383,0.6477482801034071,0.5769230769230769
384,0.7303203252538126,0.5384615384615384
385,0.6076022802834773,0.6153846153846154
386,0.5970313207304798,0.5
387,0.6110770089021584,0.5
388,0.6920289360291179,0.6153846153846154
389,0.7809795362669445,0.6153846153846154
390,0.9027576924224374,0.5769230769230769
391,0.6652385609883229,0.5384615384615384
392,0.6316370568224268,0.5384615384615384
393,0.724064501342963,0.5384615384615384
394,0.6859141626298495,0.5769230769230769
395,0.8098017153918966,0.5384615384615384
396,0.6519920084539645,0.6153846153846154
397,0.6017193891707335,0.5769230769230769
398,0.7553285177423499,0.5
399,0.6955931372599804,0.5769230769230769
400,0.7162127596535339,0.5769230769230769
401,0.7670324805652302,0.5769230769230769
402,0.7136552875057092,0.6153846153846154
403,0.8406820400297494,0.5769230769230769
404,0.6877736749854835,0.5769230769230769
405,0.6198457459755824,0.5769230769230769
406,0.6894738332602954,0.6153846153846154
407,0.7491847770563047,0.6153846153846154
408,0.6992058509597032,0.6923076923076923
409,0.7843224765498751,0.6153846153846154
410,0.8148435391684559,0.5769230769230769
411,0.8221855176865476,0.5384615384615384
412,0.6840797730265695,0.5769230769230769
413,0.8667780292800882,0.5769230769230769
414,0.6598922567310144,0.5384615384615384
415,0.7375280558259978,0.5384615384615384
416,0.703374310035747,0.5769230769230769
417,0.7440892374990655,0.5769230769230769
418,0.6672791748096261,0.5769230769230769
419,0.6562135442936463,0.5769230769230769
420,0.6574308601810075,0.5384615384615384
421,0.6636352497934812,0.5769230769230769
422,0.6285051158098551,0.5384615384615384
423,0.7264540417472736,0.6153846153846154
424,0.8622060511933332,0.6153846153846154
425,0.6388358780196008,0.5769230769230769
426,0.8742957182547948,0.5384615384615384
427,0.6344245887814952,0.6153846153846154
428,0.8211494780098576,0.5769230769230769
429,0.6582626779585063,0.5769230769230769
430,0.6609524198751839,0.6153846153846154
431,0.5664713026083184,0.5769230769230769
432,0.7676944486047153,0.5769230769230769
433,0.7098180376865977,0.6153846153846154
434,0.9029018264385913,0.46153846153846156
435,0.8644369208475045,0.5
436,0.8199313552007919,0.5769230769230769
437,0.8380496121126382,0.5769230769230769
438,1.6795030423613166,0.5769230769230769
439,0.8858617893464298,0.5769230769230769
440,0.6027500205389673,0.5769230769230769
441,0.9498320191305214,0.5384615384615384
442,0.7029164820457439,0.5769230769230769
443,0.8311766654884956,0.5384615384615384
444,0.6926936496554172,0.5769230769230769
445,0.7554335982868361,0.5769230769230769
446,0.8368056744425472,0.5384615384615384
447,0.6747452865998902,0.5769230769230769
448,0.6480575419081935,0.6153846153846154
449,0.7500045301114802,0.5384615384615384
450,0.7172550070138564,0.5769230769230769
451,0.5501124411953913,0.5384615384615384
452,0.7356924180168969,0.5769230769230769
453,0.6020928970877235,0.6153846153846154
454,0.8580261845994412,0.6153846153846154
455,0.7207962333464502,0.6153846153846154
456,0.7538594155362128,0.6153846153846154
457,0.7869866697481651,0.5
458,0.6092483302660296,0.5384615384615384
459,0.6109762548970727,0.5769230769230769
460,0.6357216361363047,0.5769230769230769
461,0.8241847808428306,0.5769230769230769
462,0.673910416307014,0.5769230769230769
463,0.5956088408231572,0.6538461538461539
464,0.6775743263690117,0.5769230769230769
465,0.6451643545299399,0.5769230769230769
466,0.595629475338757,0.5769230769230769
467,0.658065716544173,0.6153846153846154
468,0.6172252482615654,0.6538461538461539
469,0.7006848514271313,0.5769230769230769
470,0.6756029391301563,0.5384615384615384
471,0.7164613529126171,0.5384615384615384
472,0.7133379281128645,0.5769230769230769
473,0.690517681257083,0.6153846153846154
474,1.7535125282899529,0.5384615384615384
475,0.6420507092070769,0.5384615384615384
476,0.7889928527318015,0.6153846153846154
477,1.7753159538251833,0.46153846153846156
478,0.6128397857990819,0.5
479,0.6828042649173076,0.5769230769230769
480,0.6884175320961123,0.6538461538461539
481,0.817531762299013,0.5769230769230769
482,0.6301486284262046,0.5384615384615384
483,0.7360734004765863,0.6153846153846154
484,0.6404707079970366,0.5384615384615384
485,1.6646020097317562,0.5769230769230769
486,0.5403584919635991,0.5769230769230769
487,0.7499877114657383,0.5769230769230769
488,1.6288277002333271,0.5384615384615384
489,0.7577001508957264,0.5384615384615384
490,0.5969569190498563,0.6153846153846154
491,0.6458541383079877,0.5384615384615384
492,0.6561082531651543,0.5
493,0.7024410830303198,0.5769230769230769
494,0.6737211539824672,0.5769230769230769
495,0.648329021653721,0.5384615384615384
496,0.7846967638634839,0.6538461538461539
497,0.7836033846970101,0.6153846153846154
498,0.7165365490816198,0.5769230769230769
499,0.6463084594149637,0.6153846153846154
500,0.5728855220327804,0.5769230769230769
501,0.9351263125679776,0.5384615384615384
502,0.6384629450746422,0.5384615384615384
503,0.609906792498081,0.5
504,0.5850249066080733,0.5769230769230769
505,0.5616925099598964,0.46153846153846156
506,0.5582351041941362,0.5384615384615384
507,0.7507064120759384,0.5
508,0.610305424493486,0.6153846153846154
509,0.7080039518314156,0.46153846153846156
510,0.5486075904252146,0.5
511,0.6380972187696781,0.5769230769230769
512,0.7291042735565032,0.5769230769230769
513,0.5958061755411186,0.6153846153846154
514,0.6169518303642714,0.6153846153846154
515,0.5534837297425943,0.6538461538461539
516,0.5751944437183729,0.5
517,0.7115277181393962,0.5769230769230769
518,0.5467121280733793,0.5384615384615384
519,0.7834818481255619,0.5
520,0.48807735294671284,0.6153846153846154
521,0.4616131735988267,0.5769230769230769
522,0.6001782072366297,0.5
523,0.6236779251448383,0.5
524,0.6441804052703972,0.5384615384615384
525,0.5887445664336179,0.5
526,1.6743075487621826,0.5769230769230769
527,0.6953414057198248,0.5384615384615384
528,1.6274314864783737,0.5769230769230769
529,0.5852294494351966,0.5
530,0.6650647764760049,0.6153846153846154
531,0.6984426276418714,0.5384615384615384
532,0.6613025956594338,0.5
533,0.4849359037718606,0.5384615384615384
534,0.5569553595126457,0.5384615384615384
535,0.5689877535393988,0.5384615384615384
536,0.6460061457063198,0.5
537,0.6739442010373491,0.5769230769230769
538,0.5422434094597839,0.5
539,1.71259737541236,0.5
540,0.668046136082165,0.5769230769230769
541,0.5640213530696547,0.5384615384615384
542,0.6139166123490298,0.5
543,0.6993018646281497,0.46153846153846156
544,0.6416082512629178,0.5384615384615384
545,0.5649164459151694,0.46153846153846156
546,0.5044324315377611,0.5769230769230769
547,0.6876062571476882,0.46153846153846156
548,0.6282255457527794,0.5384615384615384
549,0.6640099688235215,0.6153846153846154
550,0.4715273145820933,0.5384615384615384
551,0.650183475494456,0.5
552,0.6329997957352731,0.6538461538461539
553,0.6226863952331607,0.46153846153846156
554,0.6967672361000119,0.5
555,0.5930294377766936,0.5769230769230769
556,0.575343582331119,0.5
557,0.6894328566302503,0.6538461538461539
558,0.5277832027541578,0.5
559,0.5383210917119534,0.46153846153846156
560,0.5062119836725403,0.46153846153846156
561,0.6042899374169846,0.5384615384615384
562,0.7599176924663316,0.5384615384615384
563,0.4693154420288175,0.5384615384615384
564,0.45827154457076213,0.5
565,0.6976531356154219,0.5
566,0.6868353270310363,0.5
567,0.5359718662020208,0.5
568,1.6314189764246447,0.5384615384615384
569,0.5667280149860625,0.5
570,1.5315132438016206,0.5
571,0.5188188684533497,0.46153846153846156
572,0.5328752218202775,0.5384615384615384
573,0.3572466793609035,0.46153846153846156
574,0.6074176952837669,0.5
575,0.5186814511832036,0.5384615384615384
576,0.45424871738575723,0.5384615384615384
577,0.4615329838436901,0.5384615384615384
578,0.5751082096418627,0.5384615384615384
579,0.4781479293957469,0.5
580,0.6587579557071965,0.5769230769230769
581,0.437554451204075,0.4230769230769231
582,0.5574399297243104,0.4230769230769231
583,0.514764476255146,0.46153846153846156
584,0.5468379205146863,0.5769230769230769
585,0.49739273652516136,0.5384615384615384
586,0.6167662831284879,0.46153846153846156
587,0.6026153054624661,0.5
588,0.5503205038783467,0.5
589,0.5127069298999638,0.4230769230769231
590,0.7146283973270888,0.4230769230769231
591,0.48703700727348576,0.38461538461538464
592,0.5672127125862882,0.38461538461538464
593,0.39180460627737723,0.5
594,0.4185586816578608,0.5
595,0.4856119174349467,0.5384615384615384
596,0.4729988253790407,0.5384615384615384
597,0.5102350926319685,0.46153846153846156
598,0.5635583878353709,0.5
599,0.5635372949061259,0.46153846153846156
600,0.492666379531598,0.5384615384615384
601,1.6133517267619508,0.5384615384615384
602,0.4134056463326523,0.5
603,0.43346211408917723,0.46153846153846156
604,0.47911827288479847,0.5384615384615384
605,1.4975261402771998,0.5
606,0.5356619430387917,0.4230769230769231
607,0.4150805280301877,0.5769230769230769
608,0.5566874779097364,0.5
609,0.3932644519438755,0.5
610,0.47425507970818126,0.5384615384615384
611,0.695117737887756,0.5
612,0.44550374792368874,0.5384615384615384
613,0.5600567753370052,0.6153846153846154
614,0.3428649517304545,0.5769230769230769
615,0.3002952209149474,0.46153846153846156
616,0.322151121571967,0.5769230769230769
617,0.4005407253061599,0.5384615384615384
618,0.4007920179201858,0.46153846153846156
619,0.42358656548010165,0.4230769230769231
620,0.5197691772756516,0.5
621,0.511511525766803,0.4230769230769231
622,0.3222882300335499,0.46153846153846156
623,0.4440586692278776,0.46153846153846156
624,0.4938572798470706,0.5384615384615384
625,0.6112722283510839,0.5
626,0.3835107930007311,0.5
627,0.42141444312553267,0.4230769230769231
628,0.43805861416495384,0.46153846153846156
629,0.6034851129389303,0.5
630,0.5149189172441977,0.5
631,0.48226596277340983,0.5384615384615384
632,0.5820888519279941,0.5384615384615384
633,0.37836069326882793,0.5
634,0.4753063657037617,0.5769230769230769
635,0.5293305062432183,0.46153846153846156
636,0.534316027577892,0.5
637,0.5005117078653307,0.4230769230769231
638,0.35430799073744756,0.5384615384615384
639,0.39914041930479893,0.46153846153846156
640,0.3729569462636957,0.5769230769230769
641,0.35423851109166327,0.5
642,0.5679576578185199,0.4230769230769231
643,0.541988290426815,0.5
644,0.4689686844301133,0.5
645,0.5060525850139856,0.5769230769230769
646,0.45701259374788306,0.5
647,0.3717246380239678,0.46153846153846156
648,0.5796723043703618,0.38461538461538464
649,0.4020321962470752,0.5384615384615384
650,1.3778907244971004,0.5
651,0.4544464263018382,0.5769230769230769
652,0.4445964387073218,0.5384615384615384
653,0.47602270543851244,0.5
654,0.4378188728413841,0.5384615384615384
655,0.35624109571260165,0.46153846153846156
656,0.41726349213586067,0.5384615384615384
657,0.44737516598335514,0.5384615384615384
658,0.34174423287098277,0.5769230769230769
659,0.33349720687223616,0.5
660,0.3353507113474876,0.5384615384615384
661,0.355789969735663,0.5
662,0.3627941634712304,0.5
663,1.5147427004143639,0.5
664,0.3939425765053475,0.4230769230769231
665,0.4104498583588221,0.5384615384615384
666,0.4534262639066786,0.46153846153846156
667,0.48326072441685497,0.46153846153846156
668,0.42934144871772917,0.5
669,0.23370589467090275,0.5
670,0.4235666310941162,0.46153846153846156
671,1.4837576312952647,0.5384615384615384
672,0.39161295510439365,0.5
673,0.2563551280249978,0.5
674,0.4885251519508236,0.46153846153846156
675,0.4616226598978126,0.5769230769230769
676,1.4207812000004663,0.46153846153846156
677,0.3518392172476723,0.5384615384615384
678,1.5331444366713125,0.5
679,0.4511925126689391,0.38461538461538464
680,0.4759125940066524,0.6153846153846154
681,0.37000405657016566,0.5
682,0.33987543696776834,0.46153846153846156
683,0.36328936217477414,0.5
684,0.507029512074141,0.5
685,0.2697836583012694,0.46153846153846156
686,0.33090602309087025,0.5
687,0.398873316095667,0.5
688,0.3089813975444753,0.46153846153846156
689,0.2924907655317992,0.5
690,0.40915883535266495,0.4230769230769231
691,0.3426566444436072,0.5
692,0.3794908080108921,0.46153846153846156
693,0.480349476684351,0.5
694,0.3225248187415741,0.46153846153846156
695,0.46539509062999906,0.5769230769230769
696,0.414002564596077,0.4230769230769231
697,0.45740264204968195,0.46153846153846156
698,0.27776862577021166,0.46153846153846156
699,0.5437103386729598,0.5
700,0.4869071141301111,0.5
701,0.4064703239870888,0.46153846153846156
702,0.42329294714957255,0.5
703,0.4812942153602582,0.5
704,0.35447066981819564,0.4230769230769231
705,0.3617101188517169,0.5769230769230769
706,0.3528215861170465,0.5
707,0.44556770847829386,0.5
708,0.427903074343845,0.46153846153846156
709,0.3766341721459865,0.4230769230769231
710,0.3735428619289274,0.5
711,0.5133186862432355,0.5
712,0.41242888506533504,0.5
713,0.3056730839309205,0.5
714,0.5393343457936735,0.5769230769230769
715,0.420609406867023,0.46153846153846156
716,0.4222864929246195,0.5
717,0.3332945109843908,0.46153846153846156
718,0.4320868321156053,0.5
719,0.27438176143344295,0.5
720,0.4276472009902572,0.5
721,0.6524494930064968,0.5384615384615384
722,0.4320286261372659,0.4230769230769231
723,0.4562182304309026,0.5384615384615384
724,0.45716117046875615,0.5384615384615384
725,0.43100567314608673,0.5
726,0.5026047300940095,0.4230769230769231
727,0.43745901336313686,0.5384615384615384
728,0.4566179985844183,0.46153846153846156
729,0.5209079862808048,0.5769230769230769
730,0.5537896425107043,0.46153846153846156
731,0.4913653618411784,0.6153846153846154
732,0.2823819762464339,0.5
733,0.4863853000536409,0.46153846153846156
734,0.4704237080635041,0.5
735,0.23622077909993333,0.4230769230769231
736,0.406544365183497,0.5
737,0.3835040032359083,0.46153846153846156
738,0.22820725015103616,0.4230769230769231
739,0.5096583898354816,0.5
740,0.2929473221817558,0.5
741,0.34722996990603416,0.4230769230769231
742,0.351981091666866,0.5384615384615384
743,0.47597708796916427,0.5
744,0.31316909757378886,0.38461538461538464
745,0.36501594686692096,0.5
746,0.4082599565188034,0.5769230769230769
747,0.3322439618518147,0.46153846153846156
748,0.40528374836283865,0.4230769230769231
749,0.49253115456869834,0.5
750,0.48359312700384294,0.46153846153846156
751,0.3297192779098461,0.46153846153846156
752,0.2543683091482727,0.5
753,1.4087049847150825,0.5
754,0.43973229535823366,0.5384615384615384
755,0.32156379104623767,0.4230769230769231
756,0.4883775088577016,0.4230769230769231
757,0.29812620557104585,0.5
758,0.3930527675818096,0.5
759,0.5171370195597933,0.5
760,0.3358961511237655,0.4230769230769231
761,0.3517519528710551,0.5384615384615384
762,0.2966968835572543,0.6153846153846154
763,0.3342421657661241,0.4230769230769231
764,0.3825342602956914,0.46153846153846156
765,0.30670791202062553,0.46153846153846156
766,0.4397972288086738,0.46153846153846156
767,0.36342575879029093,0.5
768,0.40605887215587044,0.46153846153846156
769,0.405638308275988,0.5
770,0.3651012049936835,0.5
771,0.4243993465199596,0.38461538461538464
772,0.4296260231867488,0.5384615384615384
773,0.32002013844444477,0.46153846153846156
774,0.3902616403829744,0.5384615384615384
775,0.5036786328939371,0.4230769230769231
776,0.3681989305532172,0.46153846153846156
777,0.33134457714581256,0.46153846153846156
778,0.4320534110393002,0.46153846153846156
779,0.3874667224991537,0.46153846153846156
780,0.3020934675046454,0.4230769230769231
781,0.33988531421210366,0.46153846153846156
782,0.3719355071875676,0.4230769230769231
783,0.42257131353483235,0.46153846153846156
784,0.34154737852400885,0.46153846153846156
785,0.34148883125222795,0.5
786,0.32570708239153356,0.46153846153846156
787,0.33364982915166097,0.4230769230769231
788,0.3986089430474591,0.46153846153846156
789,0.5153145731071955,0.4230769230769231
790,0.3663785063855567,0.4230769230769231
791,0.34456655878316633,0.5
792,0.3826171539094849,0.5384615384615384
793,0.3388613336229529,0.46153846153846156
794,0.3103473893024349,0.46153846153846156
795,0.21283840461642667,0.5384615384615384
796,0.18637025252317452,0.4230769230769231
797,0.2170177684221346,0.46153846153846156
798,0.33735115308969954,0.46153846153846156
799,0.36396309225319046,0.5
800,0.5420868848992435,0.5
801,0.40706772589981455,0.5
802,0.325304758556169,0.5384615384615384
803,0.3450009843084274,0.5
804,0.38504848188447793,0.5384615384615384
805,0.22252106895047774,0.5
806,0.5039057620904619,0.5
807,0.3060600310904631,0.46153846153846156
808,0.4162645871031865,0.6153846153846154
809,0.44876563805748404,0.5
810,0.27726923880230325,0.5384615384615384
811,0.3548338412425944,0.5384615384615384
812,0.4065995928413253,0.46153846153846156
813,0.2512444047295226,0.5
814,0.32228588959793036,0.5384615384615384
815,0.3662130765801668,0.5
816,0.31214236263720174,0.4230769230769231
817,0.26946188598384024,0.5384615384615384
818,0.2962346835924974,0.5
819,0.36259390758263166,0.5
820,0.3284999865041591,0.5
821,0.3494371268526093,0.46153846153846156
822,0.33696025105722116,0.46153846153846156
823,0.30363598932548674,0.5384615384615384
824,0.31970880488409037,0.4230769230769231
825,0.4449217724423411,0.5
826,0.3939743783116221,0.5384615384615384
827,0.29625807213687994,0.5
828,0.2669093614973157,0.34615384615384615
829,0.4034515209077232,0.46153846153846156
830,0.19142342799144085,0.46153846153846156
831,0.30873039896933463,0.5384615384615384
832,0.3985962940136809,0.4230769230769231
833,0.24427631535404215,0.4230769230769231
834,0.31346844873938284,0.4230769230769231
835,0.3049139985364313,0.46153846153846156
836,0.3172268518033454,0.5
837,0.36417177805863465,0.46153846153846156
838,0.3387025273360549,0.4230769230769231
839,0.2965320223688428,0.5384615384615384
840,0.34932209007020987,0.5769230769230769
841,0.3168038855291746,0.5
842,0.37983745818514336,0.38461538461538464
843,0.2990216839423745,0.38461538461538464
844,0.34690396396009593,0.5
845,0.38794374127578823,0.4230769230769231
846,0.37056558072081636,0.46153846153846156
847,0.201188660187666,0.46153846153846156
848,0.34468695851408127,0.46153846153846156
849,0.373895465174956,0.4230769230769231
850,0.2916216034754462,0.5384615384615384
851,0.2614137827457337,0.46153846153846156
852,0.31303325187806363,0.5384615384615384
853,0.2559648337459337,0.4230769230769231
854,0.36122148728302017,0.5
855,0.3723394591258624,0.5769230769230769
856,0.45951041081977095,0.5
857,0.32609023345150634,0.5
858,0.5825692960967381,0.5
859,0.4267204497939132,0.4230769230769231
860,0.2594889499929689,0.5
861,0.37585030001432784,0.46153846153846156
862,0.3322326204446897,0.46153846153846156
863,0.4483101335154549,0.5
864,0.33808478297753375,0.5
865,0.31498071881051226,0.5384615384615384
866,0.4468330375053111,0.5
867,0.44682977378928745,0.46153846153846156
868,0.3223170334673102,0.46153846153846156
869,0.3291992565522568,0.5
870,0.2879539413709411,0.38461538461538464
871,0.4354649489105431,0.4230769230769231
872,0.3441173159876758,0.5
873,0.4068889768701265,0.46153846153846156
874,0.3935170223795992,0.5
875,0.17995873262211814,0.46153846153846156
876,0.3769520833184936,0.5
877,0.3132179686838157,0.4230769230769231
878,0.19458453230464245,0.5
879,0.34521251427160227,0.4230769230769231
880,0.3312464810150111,0.38461538461538464
881,0.36185154655350704,0.46153846153846156
882,0.3143805043043173,0.46153846153846156
883,0.24668028017928068,0.46153846153846156
884,0.3516056669550718,0.4230769230769231
885,0.38131779520144127,0.38461538461538464
886,0.3260771204570734,0.46153846153846156
887,0.1424801114380716,0.5
888,0.25486174491080904,0.38461538461538464
889,0.3378222269509208,0.4230769230769231
890,0.4863833630681742,0.46153846153846156
891,0.3818461592832243,0.5
892,0.3006828432966957,0.4230769230769231
893,0.4291407995799488,0.46153846153846156
894,0.5117662989260827,0.5
895,0.35317742577937317,0.5384615384615384
896,0.35311887728326985,0.46153846153846156
897,0.37068710072253497,0.46153846153846156
898,0.351296401867764,0.46153846153846156
899,0.36443373455785144,0.5
900,0.35177074413758813,0.4230769230769231
901,0.3380331600726376,0.5384615384615384
902,0.30266813154518957,0.4230769230769231
903,0.2586158036233388,0.4230769230769231
904,0.2759965205641106,0.46153846153846156
905,0.3250067719409966,0.4230769230769231
906,0.23558153470624577,0.5
907,0.3972027478626079,0.5
908,0.27833125655159563,0.38461538461538464
909,0.25721642047691473,0.46153846153846156
910,0.28151640013012136,0.4230769230769231
911,0.3208730520486478,0.46153846153846156
912,0.21219405181529316,0.5
913,0.30723227689012855,0.5769230769230769
914,0.26308372259387447,0.46153846153846156
915,0.3423958224432382,0.38461538461538464
916,0.33053078716042306,0.46153846153846156
917,0.36368084974719395,0.34615384615384615
918,0.21216006499043205,0.4230769230769231
919,0.2475433462839045,0.5
920,0.4012488544349342,0.46153846153846156
921,0.3432205796717849,0.46153846153846156
922,0.2865522347752991,0.5
923,0.25868945911430075,0.5
924,0.250178986258204,0.5
925,0.3978670347994937,0.5769230769230769
926,0.16135771483395178,0.46153846153846156
927,0.2775836474850393,0.5
928,0.30931074659123103,0.46153846153846156
929,0.315875906947384,0.4230769230769231
930,0.2022879448813497,0.5
931,0.29263710147222355,0.46153846153846156
932,0.2557893534832223,0.4230769230769231
933,0.38638042393442573,0.4230769230769231
934,0.19572073726696715,0.5
935,0.3558177165079206,0.5
936,0.2939808875210881,0.4230769230769231
937,0.32441371430395494,0.46153846153846156
938,0.2083241164135452,0.46153846153846156
939,0.40445157571826407,0.4230769230769231
940,0.28299963462455047,0.5
941,0.27530971554389705,0.5384615384615384
942,0.28476193130775274,0.46153846153846156
943,0.4016016125128261,0.38461538461538464
944,0.24288717869338816,0.46153846153846156
945,0.13209543071644791,0.3076923076923077
946,0.25576696762960394,0.46153846153846156
947,0.2946443835708936,0.46153846153846156
948,0.2608333488877914,0.5
949,0.20254852719203953,0.46153846153846156
950,0.296246629398464,0.46153846153846156
951,0.33729951822441295,0.46153846153846156
952,0.15993262050361823,0.5
953,0.12192029140787497,0.46153846153846156
954,0.20186738880584887,0.4230769230769231
955,0.17002023834276692,0.46153846153846156
956,0.26095320102060926,0.46153846153846156
957,0.14603537145265566,0.4230769230769231
958,0.2654796177021188,0.5
959,0.27109510556073646,0.5
960,0.16235573276979665,0.5
961,0.24271251228991497,0.38461538461538464
962,0.3708690253824485,0.5384615384615384
963,0.12384700467885024,0.4230769230769231
964,0.25242777238448344,0.46153846153846156
965,0.2330289882763954,0.6153846153846154
966,0.27742122665627145,0.46153846153846156
967,0.12181003697947412,0.46153846153846156
968,0.319472040695405,0.5384615384615384
969,0.2957953959497841,0.5384615384615384
970,0.15184039840850794,0.4230769230769231
971,0.2136247135372713,0.5769230769230769
972,0.18237786445707727,0.46153846153846156
973,0.20400025257064103,0.46153846153846156
974,0.16717073927938797,0.5
975,0.1830417760439076,0.4230769230769231
976,0.25838686714288883,0.5
977,0.31418834672856866,0.4230769230769231
978,0.22111520715197752,0.5
979,0.26845844321580126,0.38461538461538464
980,0.08007401252300017,0.46153846153846156
981,0.26935136701295015,0.38461538461538464
982,0.310537190196178,0.5
983,0.17550116936457627,0.38461538461538464
984,0.227878232015283,0.38461538461538464
985,0.1961698947895565,0.5
986,0.21124887415013083,0.34615384615384615
987,0.13141518569024058,0.4230769230769231
988,0.31102929471251706,0.46153846153846156
989,0.1645599933886337,0.46153846153846156
990,0.21024475040305113,0.46153846153846156
991,0.16297069136402786,0.5
992,0.1971760296774696,0.5
993,0.12101389043521715,0.5
994,0.19699989304109433,0.5384615384615384
995,0.31105502942474494,0.34615384615384615
996,0.25734467214987955,0.46153846153846156
997,0.4767339570389755,0.46153846153846156
998,0.25828215543850863,0.5
999,0.28710753420313706,0.5384615384615384
1000,0.26771915571591753,0.4230769230769231
1001,0.3002773084155952,0.46153846153846156
1002,0.24988401706644137,0.4230769230769231
1003,0.37416482451678146,0.5
1004,0.43415394312682354,0.5
1005,3.2843031794678477,0.7307692307692307
1006,0.23743639611611123,0.6153846153846154
1007,0.4887561528687252,0.46153846153846156
1008,3.5775209566008996,0.8076923076923077
1009,0.30021485417465055,0.5
1010,0.41005990044808405,0.5384615384615384
1011,0.4576301692226137,0.5
1012,0.5760734847419173,0.5
1013,0.5289513903242189,0.46153846153846156
1014,0.569465613389613,0.5
1015,0.5653127136403562,0.5384615384615384
1016,0.3822856599236131,0.5
1017,0.3800355655555143,0.5
1018,0.48633062769767754,0.46153846153846156
1019,0.49004001302591815,0.5
1020,0.3270415263283031,0.4230769230769231
1021,0.5026420782531256,0.46153846153846156
1022,2.42140117080124,0.6153846153846154
1023,0.35137215908537245,0.5
1024,5.0962860939453005,0.8076923076923077
1025,1.2096481751159267,0.6153846153846154
1026,4.672498157779415,1.0
1027,0.5377033825366113,0.5384615384615384
1028,0.9791274970882777,0.5384615384615384
1029,0.9277164471547623,0.6153846153846154
1030,1.350141710415746,0.5
1031,3.042559914008934,0.7307692307692307
1032,0.6293082569101078,0.5
1033,0.5538937711655736,0.46153846153846156
1034,0.3719931507337164,0.5
1035,0.7981690857085892,0.46153846153846156
1036,0.723818671475339,0.46153846153846156
1037,3.9964238228279827,0.8461538461538461
1038,1.236962883359174,0.46153846153846156
1039,0.8614610867549621,0.4230769230769231
1040,1.8108793496905262,0.5
1041,0.9904558787433708,0.46153846153846156
1042,3.4298922396177027,0.6923076923076923
1043,1.4137832449381187,0.6153846153846154
1044,4.218963444153258,0.6538461538461539
1045,1.030033996695404,0.5769230769230769
1046,2.053633242116638,0.6538461538461539
1047,2.630303942597422,0.6153846153846154
1048,3.4414676894270477,0.6538461538461539
1049,3.0120492831400236,0.7307692307692307
1050,3.195383115615929,0.6923076923076923
1051,3.128295487380878,0.7692307692307693
1052,4.318753451027289,0.8076923076923077
1053,2.73615581828843,0.6538461538461539
1054,4.029073808709807,0.6538461538461539
1055,4.437308502711322,0.8846153846153846
1056,4.350364969502101,0.8076923076923077
1057,4.690442859523128,0.9230769230769231
1058,2.932309936163146,0.5769230769230769
1059,4.865447768310167,0.9615384615384616
1060,2.6921174735469036,0.5384615384615384
1061,4.2180771130699375,0.8846153846153846
1062,2.0540678008896798,0.5769230769230769
1063,2.9633725253135497,0.5769230769230769
1064,5.025905667400175,0.8846153846153846
1065,4.163926054063117,0.8076923076923077
1066,3.6742184591384834,0.8076923076923077
1067,4.266313682457625,0.8461538461538461
1068,4.777935244126487,0.8076923076923077
1069,4.592155733983601,0.8846153846153846
1070,4.249010806033265,0.8846153846153846
1071,2.636974394477921,0.5769230769230769
1072,2.9072364706597726,0.6153846153846154
1073,3.4817388775428992,0.6153846153846154
1074,3.1524948608069545,0.6923076923076923
1075,3.639930620213419,0.7307692307692307
1076,3.5804168038787294,0.8076923076923077
1077,3.9493464695291856,0.8076923076923077
1078,2.4390869636369605,0.8076923076923077
1079,3.996658205414512,0.6538461538461539
1080,2.0476731702606217,0.8076923076923077
1081,2.923936520296034,0.7307692307692307
1082,3.0996412893319345,0.8076923076923077
1083,3.867499172671732,0.8076923076923077
1084,3.475983958444313,0.8076923076923077
1085,3.138604684911111,0.8076923076923077
1086,2.5176794882608027,0.7692307692307693
1087,3.2730338756213793,0.9615384615384616
1088,3.3697544513934705,0.8461538461538461
1089,3.430514812672402,0.8461538461538461
1090,3.602732530063485,0.7692307692307693
1091,4.033780628666222,0.8846153846153846
1092,3.74607726716652,0.8461538461538461
1093,3.949285248312136,0.8846153846153846
1094,3.6939352796720772,0.8846153846153846
1095,3.927410638828664,0.8076923076923077
1096,4.044749097516515,0.8461538461538461
1097,5.5940444597228325,0.8846153846153846
1098,3.836856020792013,0.8461538461538461
1099,4.338900066645982,0.8846153846153846
1100,4.004985720943102,0.8461538461538461
1101,4.338696535974528,0.9230769230769231
1102,4.975051371018518,0.8461538461538461
1103,4.408502868360239,0.9230769230769231
1104,3.9809649597444507,0.8461538461538461
1105,5.069540275430532,0.8461538461538461
1106,3.9456710566157516,0.8461538461538461
1107,4.4847410034796455,0.8846153846153846
1108,3.6498595527986835,0.7307692307692307
1109,4.617086249625927,0.9230769230769231
1110,2.9579489176131073,0.8461538461538461
1111,2.9820495486944507,0.8076923076923077
1112,4.3500007240480745,0.8461538461538461
1113,3.6491799793859934,0.8461538461538461
1114,3.3435867671897013,0.8076923076923077
1115,4.731201505728496,0.8461538461538461
1116,3.0599650111885675,0.8461538461538461
1117,3.3215897883483887,0.8846153846153846
1118,3.2142074056418304,0.9230769230769231
1119,2.732123496324157,0.8461538461538461
1120,2.8877190462078164,0.8461538461538461
1121,3.7867766993594856,0.8846153846153846
1122,4.8058493322137235,0.9230769230769231
1123,3.448081463394068,0.7692307692307693
1124,3.9375731850028446,0.8461538461538461
1125,3.5798196152462967,0.7692307692307693
1126,4.027235750165587,0.7307692307692307
1127,3.751620163907611,0.8076923076923077
1128,3.8565926350871145,0.8076923076923077
1129,4.100295030346923,0.7307692307692307
1130,4.246802957285358,0.8076923076923077
1131,4.141256766953887,0.8076923076923077
1132,3.5452201982187717,0.6923076923076923
1133,4.499228920393119,0.7692307692307693
1134,3.6816554745053947,0.7307692307692307
1135,3.353137641538079,0.8461538461538461
1136,3.026714504633886,0.9230769230769231
1137,3.8860493985165556,0.7692307692307693
1138,3.8279835221769782,0.7692307692307693
1139,4.033839575261751,0.8846153846153846
1140,4.049036894929415,0.8846153846153846
1141,7.087291018111851,0.8846153846153846
1142,3.436400918525346,0.8076923076923077
1143,3.875649395075878,0.8461538461538461
1144,4.05476570475008,0.8076923076923077
1145,5.422641312651802,0.8461538461538461
1146,4.315511824179088,0.9230769230769231
1147,3.4649850548005494,0.8846153846153846
1148,3.39193520321073,0.8846153846153846
1149,3.5179530616301635,0.8076923076923077
1150,4.054613866477455,0.8846153846153846
1151,3.7194795546384,0.8846153846153846
1152,4.52425071815859,0.8846153846153846
1153,4.713192981357515,0.8846153846153846
1154,5.550704374003427,0.8461538461538461
1155,4.314403021371572,0.8076923076923077
1156,3.5226794729536164,0.9230769230769231
1157,3.8112785386495225,0.7692307692307693
1158,5.674608390795534,0.8461538461538461
1159,4.064197000457382,0.8076923076923077
1160,4.1663977849894795,0.8846153846153846
1161,3.4132728115313102,0.8076923076923077
1162,3.985796093949492,0.8461538461538461
1163,4.260676837851543,0.8846153846153846
1164,4.237304740120598,0.8461538461538461
1165,4.078369487454972,0.8461538461538461
1166,4.175056229473931,0.8846153846153846
1167,3.626543130685849,0.8846153846153846
1168,4.416978328510751,0.8846153846153846
1169,3.9188573875793717,0.7692307692307693
1170,3.4120988431818375,0.6538461538461539
1171,3.250049245871321,0.6923076923076923
1172,3.855302970542277,0.8076923076923077
1173,4.119329418208846,0.7692307692307693
1174,4.427294314801336,0.8846153846153846
1175,4.579387558008769,0.8846153846153846
1176,4.149110854153218,0.9230769230769231
1177,4.091258411235484,0.9230769230769231
1178,3.6004737163619716,0.8846153846153846
1179,3.5180766089506452,0.8461538461538461
1180,4.180540439336898,0.8076923076923077
1181,4.300049856508525,0.8846153846153846
1182,4.023536759063301,0.8846153846153846
1183,3.9154828883080866,0.8846153846153846
1184,4.482969612955306,0.8461538461538461
1185,4.759927882999914,0.9230769230769231
1186,4.343339629002484,0.8846153846153846
1187,3.075750741322908,0.7692307692307693
1188,4.092823540848614,0.6538461538461539
1189,3.6633535093189407,0.8076923076923077
1190,4.157835589379494,0.8846153846153846
1191,3.988197360496029,0.8846153846153846
1192,3.955434124203202,0.9615384615384616
1193,3.4144000276780626,0.8461538461538461
1194,3.3774247576883987,0.8846153846153846
1195,3.440207904895319,0.8461538461538461
1196,3.7484391732096034,0.8461538461538461
1197,3.9426487160852544,0.8461538461538461
1198,3.677537316538717,0.8846153846153846
1199,4.179840395365116,0.7692307692307693
1200,3.6611716814936544,0.9230769230769231
1201,4.3271780961151745,0.9615384615384616
1202,2.976986944601889,0.8461538461538461
1203,4.252219409490794,0.9230769230769231
1204,4.633679818846232,0.9230769230769231
1205,2.90157180642366,0.8846153846153846
1206,3.7181484931306708,0.9230769230769231
1207,4.645877325086489,0.9615384615384616
1208,4.493248438383821,0.8846153846153846
1209,4.685093627035257,0.8461538461538461
1210,5.021233102664409,0.9230769230769231
1211,4.58612551524231,0.9230769230769231
1212,4.1152587281637745,0.8076923076923077
1213,2.8470141826669555,0.9230769230769231
1214,2.101188281022834,0.9230769230769231
1215,4.291060500135538,0.9615384615384616
1216,4.3363206521340905,0.8846153846153846
1217,2.072018259825463,0.8846153846153846
1218,2.05192055651395,0.8846153846153846
1219,4.503648519527963,0.9615384615384616
1220,4.283405364702504,0.9230769230769231
1221,2.3990187658193163,0.8846153846153846
1222,2.9645085083978575,0.8846153846153846
1223,4.937352186247981,0.7692307692307693
1224,2.8202883031827817,0.8461538461538461
1225,4.441226394395551,0.9615384615384616
1226,3.965386732803049,0.8461538461538461
1227,2.759525495136664,0.8076923076923077
1228,2.176968731768247,0.8846153846153846
1229,2.209754863141783,0.8846153846153846
1230,2.0987882982460553,1.0
1231,2.0487083846960177,0.8461538461538461
1232,2.4879598969485235,0.9230769230769231
1233,2.6477801677344575,0.9615384615384616
1234,4.007045526826721,0.9230769230769231
1235,3.549532942534348,0.6923076923076923
1236,3.9648795142288065,0.7692307692307693
1237,3.5166323920265845,0.7692307692307693
1238,2.856678503337805,0.5769230769230769
1239,2.8078642490278805,0.6923076923076923
1240,4.332039713623103,0.8461538461538461
1241,2.761972977697234,0.8846153846153846
1242,4.353042359785597,0.8846153846153846
1243,3.953740298199855,0.7692307692307693
1244,3.915344998255277,0.8076923076923077
1245,4.743776898178191,0.9615384615384616
1246,4.0298984061260645,0.8076923076923077
1247,3.705130684488425,0.9230769230769231
1248,3.0564290441453936,0.9230769230769231
1249,5.934388526949819,0.9230769230769231
1250,3.1206716025609396,0.6923076923076923
1251,2.6299747243664466,0.6923076923076923
1252,4.056866878608342,0.7307692307692307
1253,2.7014806728294483,0.6923076923076923
1254,2.3459573388761434,0.7307692307692307
1255,4.090056676699359,0.7692307692307693
1256,2.791721820593102,0.8076923076923077
1257,3.5708344978588196,0.7692307692307693
1258,4.553412885557135,0.8461538461538461
1259,4.62699310722338,0.8461538461538461
1260,5.021786687252019,0.8846153846153846
1261,3.757329545028647,0.7692307692307693
1262,3.3143450779499224,0.8846153846153846
1263,4.147258811538161,0.8076923076923077
1264,4.0587369333796595,0.9230769230769231
1265,4.026633084408517,0.8846153846153846
1266,4.773178977497086,0.9615384615384616
1267,5.59170552687701,0.8846153846153846
1268,3.869850631882442,0.9230769230769231
1269,4.046744525802562,0.9230769230769231
1270,5.663334296856609,0.8461538461538461
1271,4.512397675397164,0.8846153846153846
1272,4.211478189996554,0.7692307692307693
1273,3.3801172317485513,0.7307692307692307
1274,3.453800994820201,0.8076923076923077
1275,3.6965558022745393,0.8461538461538461
1276,4.242626509322622,0.8461538461538461
1277,3.9377693154485787,0.8846153846153846
1278,3.8975272777083863,0.7307692307692307
1279,4.470407914532875,0.8846153846153846
1280,3.9648419781705884,0.7307692307692307
1281,3.6067936364516564,0.7692307692307693
1282,3.6635407195263348,0.8461538461538461
1283,4.439366581723758,0.7307692307692307
1284,4.391698025842378,0.8846153846153846
1285,4.0900347860383075,0.8846153846153846
1286,3.428391754596009,0.8461538461538461
1287,4.198318403857136,0.8461538461538461
1288,4.149548041846048,0.8461538461538461
1289,3.0644635524156616,0.8461538461538461
1290,4.094849663645747,0.9615384615384616
1291,3.9952307927708492,0.8846153846153846
1292,4.678530387937462,0.8461538461538461
1293,4.004430584724404,0.8461538461538461
1294,3.7217872179229285,0.7692307692307693
1295,3.9795033399420965,0.7307692307692307
1296,3.8576242662165234,0.8461538461538461
1297,4.497498618469378,0.7307692307692307
1298,4.144886792878454,0.6923076923076923
1299,3.8330979071554263,0.7692307692307693
1300,4.255751485329968,0.7692307692307693
1301,3.7949486752227917,0.8076923076923077
1302,3.699440152494766,0.7692307692307693
1303,3.7374957820352948,0.7307692307692307
1304,4.160844323029694,0.7692307692307693
1305,3.907910497001183,0.8076923076923077
1306,5.639779295562947,0.8076923076923077
1307,4.124204215512121,0.8076923076923077
1308,2.833763986179769,0.7692307692307693
1309,3.3782226792536023,0.8076923076923077
1310,3.823000640426926,0.8846153846153846
1311,4.464487139660172,0.7692307692307693
1312,4.671459214162997,0.7692307692307693
1313,4.446136151784395,0.6538461538461539
1314,4.757713157676584,0.8076923076923077
1315,4.730983319235326,0.8846153846153846
1316,4.8055910151029995,0.8846153846153846
1317,4.743035762876758,0.8076923076923077
1318,4.405187797853973,0.7692307692307693
1319,4.090684143878275,1.0
1320,4.79185736011246,0.8846153846153846
1321,4.754683640425406,0.8461538461538461
1322,4.369059384171418,0.9230769230769231
1323,4.26767121047411,0.7692307692307693
1324,3.9145768909150407,0.6923076923076923
1325,4.550461820727752,0.9230769230769231
1326,4.540314846673597,0.9230769230769231
1327,4.0291109626485655,0.9230769230769231
1328,3.767504419663305,0.8846153846153846
1329,3.518201378093409,0.9230769230769231
1330,4.449817998872553,0.8076923076923077
1331,3.6341809587540617,0.8846153846153846
1332,3.256031860862505,0.8846153846153846
1333,2.9559604630944167,0.8846153846153846
1334,3.147884989667534,0.8846153846153846
1335,4.398280834642523,1.0
1336,3.2196698864830005,0.8461538461538461
1337,3.4570455975229133,0.8846153846153846
1338,4.002921173376311,0.9615384615384616
1339,4.407297566018105,0.8846153846153846
1340,4.37410915190752,0.9230769230769231
1341,3.778689876013223,1.0
1342,4.580696212642913,0.8461538461538461
1343,4.338572621772917,0.9615384615384616
1344,4.13081894478788,0.8846153846153846
1345,4.373457257070692,0.8846153846153846
1346,4.440816929729508,0.8846153846153846
1347,4.574957610166207,0.8461538461538461
1348,4.23298771791581,0.8076923076923077
1349,4.343372111805669,0.9230769230769231
1350,4.409995956726814,0.9230769230769231
1351,5.708722857060832,0.9230769230769231
1352,4.884268675973577,1.0
1353,5.050658057253322,0.8846153846153846
1354,4.650632571533565,0.8846153846153846
1355,4.777655298659171,0.9230769230769231
1356,4.784421375321465,0.9230769230769231
1357,5.7800513001825164,0.8846153846153846
1358,4.854979556783911,0.9230769230769231
1359,4.843220671959648,0.9230769230769231
1360,4.206933727605722,0.9615384615384616
1361,5.002162166071145,0.8846153846153846
1362,4.346987992688862,0.9230769230769231
1363,4.641125640938792,0.8461538461538461
1364,4.557498283056672,0.8461538461538461
1365,4.718376580711023,0.8846153846153846
1366,5.4947620831307455,0.8846153846153846
1367,5.6083987778302085,0.8846153846153846
1368,4.018750305957979,0.9230769230769231
1369,3.7831721348595253,0.9230769230769231
1370,4.076652666283082,0.9615384615384616
1371,4.128659339280703,0.9230769230769231
1372,5.496085159902577,0.9230769230769231
1373,4.0175983911578355,0.9615384615384616
1374,4.41798420018303,0.8846153846153846
1375,3.9619340539013796,0.9230769230769231
1376,4.289509403458053,0.8846153846153846
1377,3.7813907511729,0.8846153846153846
1378,3.3568646003565057,0.9230769230769231
1379,4.318758169230571,0.9615384615384616
1380,4.188179799049937,0.8846153846153846
1381,3.3231627027211004,0.8461538461538461
1382,2.906555266092817,0.8461538461538461
1383,2.9157575245869753,0.8846153846153846
1384,4.6373151769738445,0.7692307692307693
1385,2.827810892621218,0.8846153846153846
1386,3.1045374680490703,0.8076923076923077
1387,3.277995168208464,0.8461538461538461
1388,2.902230835941017,0.8846153846153846
1389,3.0205366175562607,0.8076923076923077
1390,2.956624735864649,0.7692307692307693
1391,3.5695040933557602,0.6923076923076923
1392,3.64895755160026,0.8076923076923077
1393,3.863822966181246,0.8461538461538461
1394,4.206458042234305,0.9230769230769231
1395,4.186509192679551,0.8461538461538461
1396,4.120444468960999,0.9230769230769231
1397,4.104208959359215,0.8846153846153846
1398,4.201066234034737,0.8076923076923077
1399,4.860250241666202,0.8076923076923077
1400,4.493095613079419,0.7692307692307693
1401,4.549327190841455,0.6538461538461539
1402,4.884226485643877,0.6923076923076923
1403,4.725984688910627,0.7307692307692307
1404,4.637162605600634,0.7307692307692307
1405,6.819801815177969,0.8461538461538461
1406,4.864192154379929,0.8076923076923077
1407,4.870207750638661,0.7692307692307693
1408,4.398632256878594,0.8076923076923077
1409,3.980937486720225,0.9230769230769231
1410,4.9696701231791245,0.7692307692307693
1411,4.843329978656476,0.7307692307692307
1412,4.299357656593345,0.7692307692307693
1413,4.604757339409762,0.8076923076923077
1414,4.653285053266005,0.8076923076923077
1415,4.387951405658794,0.8461538461538461
1416,4.802418574639044,0.6923076923076923
1417,3.815776599031012,0.8846153846153846
1418,4.483989839513649,0.7692307692307693
1419,4.241304429357176,0.9230769230769231
1420,4.042460256135806,0.9230769230769231
1421,4.348789538037087,1.0
1422,4.3714565280008655,0.9230769230769231
1423,4.314227874394048,0.9615384615384616
1424,4.87727282779831,0.9230769230769231
1425,5.0021428809180675,1.0
1426,4.896466975030827,0.9615384615384616
1427,4.712531677499187,0.9230769230769231
1428,4.3067372151582655,0.9615384615384616
1429,4.627694625083016,0.9230769230769231
1430,4.12347808641054,0.9615384615384616
1431,5.045543710341099,0.9615384615384616
1432,4.80909946001279,1.0
1433,5.2838361881392295,1.0
1434,4.245378619572883,0.9230769230769231
1435,4.91379657216281,0.9615384615384616
1436,4.529799116575058,0.8461538461538461
1437,4.585937174580336,0.8076923076923077
1438,4.153591214574851,0.8076923076923077
1439,3.4660413008506925,0.9230769230769231
1440,3.5954746744527166,0.7692307692307693
1441,3.462547044346416,0.8076923076923077
1442,3.1095658861279105,0.7307692307692307
1443,3.439440446911816,0.6923076923076923
1444,3.501035143419939,0.7692307692307693
1445,3.1483534213487134,0.8076923076923077
1446,3.1454908811726874,0.7307692307692307
1447,4.749786497417247,0.9230769230769231
1448,4.861095015318114,0.8846153846153846
1449,4.469399380181051,0.8846153846153846
1450,3.3992877494318376,0.6923076923076923
1451,4.019673911276369,0.8076923076923077
1452,3.916862444913697,0.8461538461538461
1453,3.694856566008776,0.8846153846153846
1454,3.5854408448459445,0.8461538461538461
1455,3.144029442205718,0.8461538461538461
1456,4.535623319849095,0.8461538461538461
1457,3.7722275027529717,0.9230769230769231
1458,2.9798331112157377,0.8461538461538461
1459,3.9409666094314915,0.7692307692307693
1460,3.7028018054551213,0.8076923076923077
1461,3.9160121213427965,0.8461538461538461
1462,4.851012168751894,0.8846153846153846
1463,5.0375595278533485,0.7692307692307693
1464,4.461440002083471,0.8461538461538461
1465,4.221905491171571,0.8846153846153846
1466,4.671262345359839,0.7692307692307693
1467,4.147349504960908,0.7692307692307693
1468,4.4538343652740835,0.6923076923076923
1469,3.938294969398644,0.6923076923076923
1470,3.8470306989587115,0.7307692307692307
1471,3.7190676000832528,0.7692307692307693
1472,3.3255498286462606,0.8461538461538461
1473,4.021056013074679,0.8076923076923077
1474,4.407759120009168,0.8461538461538461
1475,3.9466195508821076,0.8076923076923077
1476,3.9335906633562305,0.7692307692307693
1477,4.505025808073908,0.8461538461538461
1478,4.354402349559858,0.8076923076923077
1479,3.838558093524027,0.8076923076923077
1480,4.205774585405164,0.7692307692307693
1481,4.039537486472615,0.8076923076923077
1482,3.9291946900523684,0.8461538461538461
1483,3.9374601306659995,0.8461538461538461
1484,3.3264543421617843,0.6923076923076923
1485,3.029676288718381,0.7692307692307693
1486,4.864174860221497,0.7692307692307693
1487,2.759499231637536,0.7692307692307693
1488,3.9829797034480188,0.7692307692307693
1489,3.9806249239519773,0.7692307692307693
1490,3.369553094972134,0.7692307692307693
1491,2.4819686467491415,0.7692307692307693
1492,2.972001254564314,0.8076923076923077
1493,2.7239788147574333,0.7692307692307693
1494,4.394855031542227,0.7692307692307693
1495,3.1079685656340397,0.8461538461538461
1496,2.98687844438218,0.7692307692307693
1497,3.329011222723252,0.8076923076923077
1498,2.8712442170604846,0.7692307692307693
1499,3.1634604030098528,0.8076923076923077
1500,3.317435269511047,0.8461538461538461
