# Trial 3: ath=0.0200  reg=5.00e-04  hd=1000  L=11  best_er=0.3462
iter,loss,error_rate
1,3.7945188768625884,0.9230769230769231
2,4.014331327835905,0.9230769230769231
3,4.196849356854023,0.9230769230769231
4,3.5344354361165546,0.9230769230769231
5,3.427651819123413,0.9230769230769231
6,3.4269507184821113,0.9230769230769231
7,3.6298702053063074,0.9615384615384616
8,4.085294494407999,0.9615384615384616
9,3.6814311299819646,0.9615384615384616
10,3.4192513312620934,0.9230769230769231
11,3.9592246520843704,0.8846153846153846
12,3.7779030177257047,0.9230769230769231
13,3.7129524761416706,0.9230769230769231
14,3.6713361215972364,0.9615384615384616
15,3.540501663778742,0.9230769230769231
16,3.743578016247369,0.9615384615384616
17,3.266653330783325,0.9615384615384616
18,3.554953980674167,0.9615384615384616
19,3.533603477691426,0.9615384615384616
20,3.2895805789034984,0.9230769230769231
21,3.780354306979084,0.9230769230769231
22,3.1751962670315117,1.0
23,3.08512200283817,0.9615384615384616
24,2.8844663635884604,0.9615384615384616
25,3.5795620362692366,0.9615384615384616
26,3.5730526631237742,0.9230769230769231
27,3.691948148288785,0.8846153846153846
28,2.814878102757599,0.9615384615384616
29,2.912904678389213,1.0
30,3.161994836599764,1.0
31,3.101741919997816,0.9615384615384616
32,3.161591936954088,0.9615384615384616
33,3.717400660620287,0.9230769230769231
34,2.8335648310302552,0.9230769230769231
35,3.369174393055652,0.9615384615384616
36,2.718514500273019,0.9615384615384616
37,3.2478250209131563,0.8461538461538461
38,2.939013242622452,0.9230769230769231
39,3.0346607289023586,0.8846153846153846
40,3.3193581873192715,0.8846153846153846
41,2.9893926046513717,0.9230769230769231
42,3.0724979857081016,0.9230769230769231
43,2.705631772139933,0.9230769230769231
44,2.837859679502489,0.9615384615384616
45,3.263370803786286,0.9230769230769231
46,2.7437906075175436,0.9230769230769231
47,2.857183961902563,0.9615384615384616
48,3.115064390793828,0.9615384615384616
49,2.6602290063450758,1.0
50,2.693055854335099,0.9615384615384616
51,3.0057759868442235,0.9615384615384616
52,3.012543210556234,0.9615384615384616
53,2.8493310078463665,0.9615384615384616
54,2.4550045936324345,0.8846153846153846
55,2.929493765708298,0.8846153846153846
56,3.059337573264612,0.9615384615384616
57,2.998399752740632,0.9230769230769231
58,2.6402710838329195,0.9615384615384616
59,2.55188462202432,0.9230769230769231
60,2.526665667823356,0.8846153846153846
61,2.310756904325743,0.7307692307692307
62,2.613244882199567,0.8846153846153846
63,2.073991617235022,0.8461538461538461
64,2.1080214419951444,0.8846153846153846
65,2.186044520680856,0.9230769230769231
66,2.1893243259495545,0.9230769230769231
67,3.5176270311078026,0.8461538461538461
68,2.3566193213602245,0.8846153846153846
69,1.993761388040126,0.8846153846153846
70,2.1699951793029664,0.9230769230769231
71,2.1691285080146576,0.8846153846153846
72,2.012420688078212,0.8076923076923077
73,2.508912920960302,0.8461538461538461
74,2.1522904938073446,0.9230769230769231
75,2.3777736468760895,0.8076923076923077
76,2.3702373891525617,0.8846153846153846
77,2.1756732804481853,0.9615384615384616
78,2.1421880532755737,0.8461538461538461
79,2.074356328759149,0.8846153846153846
80,1.8960934433531742,0.8846153846153846
81,2.099060334282823,0.7692307692307693
82,2.0725647239882923,0.8846153846153846
83,2.187999654884949,0.8461538461538461
84,2.1051615500462835,0.8461538461538461
85,1.979547857080795,0.8846153846153846
86,2.036356500919887,0.8846153846153846
87,1.9037030262480306,0.9230769230769231
88,1.8337853742877561,0.7692307692307693
89,2.007312597700358,0.8076923076923077
90,2.017833404168625,0.8846153846153846
91,2.181798530509744,0.8846153846153846
92,2.375455108213997,0.9615384615384616
93,2.074521892232042,0.8461538461538461
94,2.291180313161566,0.8461538461538461
95,2.199790317394627,0.9230769230769231
96,2.1374331047169957,0.9230769230769231
97,2.292740580831984,0.8846153846153846
98,2.0073390698938853,0.8461538461538461
99,2.068826813759259,0.8461538461538461
100,2.166533691824732,0.8461538461538461
101,2.1595441388612944,0.8461538461538461
102,2.379094045480397,0.8461538461538461
103,2.022328218844574,0.8461538461538461
104,3.735531363641665,0.8076923076923077
105,2.157585894889704,0.8846153846153846
106,2.137659257180383,0.9615384615384616
107,2.25569214550948,0.8461538461538461
108,1.8121878042299806,0.9230769230769231
109,1.932369620223331,0.7692307692307693
110,2.139972300338192,0.9230769230769231
111,2.051068305043187,0.8461538461538461
112,1.9330688530275109,0.7307692307692307
113,2.0541784283592435,0.8461538461538461
114,2.1087309214184544,0.8846153846153846
115,2.4686428153404334,0.7692307692307693
116,2.2187491934794252,0.7692307692307693
117,2.2284382589447445,0.8076923076923077
118,2.255939478008563,0.8461538461538461
119,2.598438901107996,0.8076923076923077
120,2.3010895486553755,0.8076923076923077
121,2.3114182515943016,0.8461538461538461
122,2.066111311681999,0.7307692307692307
123,2.238792146614257,0.8461538461538461
124,2.238997887985132,0.8076923076923077
125,2.102068966243583,0.8076923076923077
126,2.0487931295480206,0.8076923076923077
127,2.1753066576353066,0.7307692307692307
128,2.429814204804882,0.8461538461538461
129,2.0446517537120354,0.7692307692307693
130,2.0004756844009544,0.8846153846153846
131,2.0914056212079215,0.8461538461538461
132,2.083477005550819,0.8846153846153846
133,2.235311638367334,0.8076923076923077
134,3.1295321040153654,0.8461538461538461
135,2.0363449255705537,0.7692307692307693
136,1.946568243754038,0.6923076923076923
137,1.8958986703323157,0.7692307692307693
138,1.9176834069014586,0.7307692307692307
139,2.509796798784732,0.8076923076923077
140,1.9511722418837611,0.7692307692307693
141,2.0387134475770337,0.8461538461538461
142,2.04976931067088,0.7692307692307693
143,1.9842075022672092,0.7692307692307693
144,2.051340602430389,0.8076923076923077
145,1.8762425000599445,0.8076923076923077
146,2.11366353492907,0.7692307692307693
147,1.8731569606353187,0.8076923076923077
148,1.9941353996893758,0.7307692307692307
149,1.657078611415168,0.7307692307692307
150,1.503288419765827,0.7692307692307693
151,1.8116262080857781,0.7692307692307693
152,1.7767985297517066,0.7692307692307693
153,1.6695078540234958,0.7307692307692307
154,1.4602387581789604,0.7692307692307693
155,1.5018663605559985,0.6538461538461539
156,1.5550353808915074,0.7692307692307693
157,1.5115508827069264,0.7307692307692307
158,1.6310751038348963,0.6923076923076923
159,1.650193848261444,0.7307692307692307
160,1.8393321067004136,0.7692307692307693
161,1.6427565463901788,0.6923076923076923
162,1.6014589369926715,0.6538461538461539
163,1.5407865460789958,0.7307692307692307
164,1.529619148123854,0.6538461538461539
165,1.6684325947046932,0.6923076923076923
166,1.6257763776299643,0.6153846153846154
167,1.4367832006150643,0.6923076923076923
168,1.5278407829871323,0.7307692307692307
169,1.6634825370435822,0.7307692307692307
170,1.730934612479179,0.5769230769230769
171,1.545045519203828,0.6153846153846154
172,1.6109927418334884,0.6153846153846154
173,1.7008176760809381,0.6153846153846154
174,1.6082927515472507,0.5769230769230769
175,1.6602387769396494,0.6538461538461539
176,1.7202513582000387,0.5769230769230769
177,1.4060664607328262,0.5769230769230769
178,2.554334068096999,0.6538461538461539
179,1.6790885298636142,0.5384615384615384
180,1.7171854874370622,0.5769230769230769
181,1.6323886592839356,0.6153846153846154
182,1.580572201219573,0.6923076923076923
183,1.5630606603735209,0.6538461538461539
184,1.7702441804546174,0.5769230769230769
185,1.4993447500342336,0.7307692307692307
186,1.912386651997207,0.6538461538461539
187,1.4643769219612364,0.5384615384615384
188,1.5219943405782752,0.5769230769230769
189,1.477702709967343,0.6153846153846154
190,1.4854806893468675,0.6538461538461539
191,1.5430150633078115,0.6153846153846154
192,1.575718525406764,0.5
193,1.4488467575809914,0.6923076923076923
194,1.5787042133001088,0.6153846153846154
195,1.5090842065158832,0.6153846153846154
196,1.5808902617403793,0.7307692307692307
197,1.3584633950881195,0.7307692307692307
198,1.548389456478378,0.7307692307692307
199,1.3057968008391327,0.5769230769230769
200,1.3355372206129394,0.6153846153846154
201,1.2222364992984804,0.6923076923076923
202,1.484096392973945,0.6923076923076923
203,1.442824452582573,0.6153846153846154
204,1.34220662639389,0.6538461538461539
205,2.4544003990386485,0.6538461538461539
206,1.3844351359727405,0.6538461538461539
207,1.1915356340817018,0.6538461538461539
208,1.387667803793636,0.6153846153846154
209,1.4492341825503234,0.6538461538461539
210,1.4747247568240693,0.5
211,1.6168280788465061,0.6153846153846154
212,1.5003085197887756,0.6923076923076923
213,1.3214485737119555,0.6538461538461539
214,1.5112898315516108,0.6153846153846154
215,1.4041242777603524,0.5769230769230769
216,1.2838548160437657,0.6153846153846154
217,1.3351116902036044,0.5769230769230769
218,1.3998883142330492,0.5384615384615384
219,1.4600889543986497,0.6538461538461539
220,1.2675209508780867,0.6923076923076923
221,1.4546819815595344,0.6538461538461539
222,1.4565044102246127,0.5769230769230769
223,1.2990345931742118,0.6153846153846154
224,1.4466622277889893,0.6538461538461539
225,1.574039934746256,0.6538461538461539
226,1.4424592523854765,0.5769230769230769
227,1.2456408932648704,0.6153846153846154
228,2.4854072164012266,0.6153846153846154
229,1.4692823871395535,0.6153846153846154
230,1.266473520083398,0.6153846153846154
231,1.2784907398303802,0.6923076923076923
232,1.2500190373838072,0.5384615384615384
233,1.4010952133086754,0.6538461538461539
234,1.4440099172007854,0.5384615384615384
235,1.3411527442600315,0.7307692307692307
236,1.262108433891298,0.6153846153846154
237,1.2615769835384185,0.6538461538461539
238,1.2487279514797396,0.6153846153846154
239,1.2421421194848135,0.5384615384615384
240,1.3255000471774046,0.5
241,1.35800918746222,0.6538461538461539
242,1.176747966425007,0.6923076923076923
243,1.2534893005510006,0.6153846153846154
244,1.1547043902371765,0.6153846153846154
245,1.1737567068010506,0.6153846153846154
246,1.2252223815927996,0.6153846153846154
247,1.2640777868832336,0.6923076923076923
248,1.246698568300673,0.6153846153846154
249,1.3696913737599408,0.6538461538461539
250,1.262283028964326,0.46153846153846156
251,1.2350939277993582,0.5384615384615384
252,1.1751130417369282,0.6153846153846154
253,1.2438929827775183,0.6153846153846154
254,1.2537080244554892,0.6153846153846154
255,1.1156355584633793,0.5769230769230769
256,1.2315463303478618,0.6153846153846154
257,1.2253634354114942,0.5384615384615384
258,1.2845872573895973,0.5769230769230769
259,1.4768481851845672,0.6538461538461539
260,1.2732867369911438,0.6153846153846154
261,1.3231572898028343,0.6153846153846154
262,1.1600999054897567,0.6153846153846154
263,1.3469522385436865,0.5769230769230769
264,1.2387496764641024,0.6538461538461539
265,2.4030626953978396,0.5769230769230769
266,1.1710894427081238,0.6538461538461539
267,1.0635600224701807,0.5769230769230769
268,1.3268320045536481,0.6538461538461539
269,1.2688005821568522,0.5769230769230769
270,1.1220281946236588,0.6153846153846154
271,1.0582957011553225,0.6153846153846154
272,1.1364527949646597,0.5384615384615384
273,1.2022663850345823,0.7692307692307693
274,1.2190152776293441,0.5384615384615384
275,1.233899760714667,0.6923076923076923
276,1.0602602810073622,0.6153846153846154
277,1.1815651232885789,0.6153846153846154
278,1.1570048767766687,0.6923076923076923
279,1.2226838306522314,0.6923076923076923
280,1.0983230809870488,0.5384615384615384
281,1.1751793349270518,0.5769230769230769
282,1.2872909666955334,0.5769230769230769
283,1.3017040843804644,0.6153846153846154
284,1.2387194521042475,0.6153846153846154
285,1.1482540574596691,0.5769230769230769
286,1.1672747492700166,0.6538461538461539
287,1.3115277625797748,0.6153846153846154
288,1.2993452458063812,0.5769230769230769
289,1.1641772544714284,0.5769230769230769
290,1.3466154661107645,0.6153846153846154
291,1.2266998084895877,0.6153846153846154
292,1.1443962076732834,0.6153846153846154
293,1.1373938919229842,0.5384615384615384
294,1.1987277276532584,0.6153846153846154
295,1.1752168711706732,0.5384615384615384
296,1.211306413991955,0.5384615384615384
297,1.2774564808875892,0.6153846153846154
298,1.2096582800059936,0.5769230769230769
299,1.1384361125871805,0.5384615384615384
300,1.1457587710425399,0.5769230769230769
301,1.1133438305397263,0.6153846153846154
302,2.2051095041177313,0.5384615384615384
303,1.1029158642571018,0.5
304,1.21695737111828,0.6153846153846154
305,1.1997707203290275,0.5384615384615384
306,1.1884393383129042,0.5384615384615384
307,1.321647109487496,0.5
308,1.1853498049883804,0.5769230769230769
309,1.3818615951977864,0.6153846153846154
310,1.221940667639143,0.5
311,1.2997979269517663,0.6153846153846154
312,1.29155308513644,0.6153846153846154
313,1.0693752796824896,0.6538461538461539
314,1.1491443933258445,0.5384615384615384
315,1.2651376606079974,0.6153846153846154
316,1.455075003064029,0.5384615384615384
317,1.204585117956316,0.6153846153846154
318,1.2998508980526937,0.5
319,1.2575087086533507,0.5769230769230769
320,1.220172383163713,0.5
321,1.2767819016196773,0.5769230769230769
322,1.181834255505282,0.5769230769230769
323,1.2284149696075315,0.5769230769230769
324,1.2235727536809908,0.6538461538461539
325,1.0846583532496927,0.5
326,1.1150300327834928,0.5769230769230769
327,0.9921460951656016,0.5769230769230769
328,1.198825154605633,0.6153846153846154
329,1.172684524791146,0.5384615384615384
330,1.2623836631502905,0.5769230769230769
331,1.0947446449454747,0.5384615384615384
332,1.2289789531228537,0.5384615384615384
333,1.0041490704684,0.5
334,1.1334301497275052,0.5
335,1.0724961212139044,0.5
336,1.2523681929174915,0.6538461538461539
337,1.1346303262053343,0.5384615384615384
338,1.1387006888170568,0.5384615384615384
339,1.0432951240719475,0.6153846153846154
340,1.0686195415670316,0.5769230769230769
341,0.9741970939414513,0.5769230769230769
342,1.1069233163641368,0.5
343,1.043892495000418,0.5
344,1.0152642144666189,0.5769230769230769
345,1.0459598461366713,0.5384615384615384
346,1.0720781890381654,0.6538461538461539
347,1.1374289846628152,0.5769230769230769
348,1.0254576466521907,0.6923076923076923
349,1.1509263299453618,0.5769230769230769
350,1.1197948260628947,0.5769230769230769
351,1.136310520340758,0.6153846153846154
352,1.0888765297357637,0.46153846153846156
353,1.015078155399813,0.46153846153846156
354,1.0234514744641179,0.5384615384615384
355,0.9913319638786176,0.5769230769230769
356,1.1121849920237943,0.5384615384615384
357,1.0918378754798064,0.6153846153846154
358,0.8965082941834694,0.5384615384615384
359,1.0244821863668716,0.5384615384615384
360,1.0087765713305217,0.5769230769230769
361,1.2455546828361261,0.5769230769230769
362,1.004646082301842,0.5769230769230769
363,0.9524025029881118,0.5769230769230769
364,1.1937679634354623,0.5384615384615384
365,1.0009161234815855,0.5769230769230769
366,1.0913987627104826,0.5769230769230769
367,1.0813598117053824,0.5
368,1.0159999056413733,0.5769230769230769
369,1.1485836210286533,0.5384615384615384
370,0.9402639072642569,0.6153846153846154
371,0.9227027261047329,0.4230769230769231
372,1.0203575693526434,0.5769230769230769
373,1.0357051971823896,0.5769230769230769
374,0.9649583527706387,0.5769230769230769
375,0.9628081057038611,0.5769230769230769
376,1.0609882365843135,0.5
377,1.0246693288630406,0.5384615384615384
378,1.034710285372562,0.5769230769230769
379,0.9750290759881288,0.5384615384615384
380,1.0083420727130767,0.5769230769230769
381,0.9680221728382259,0.5
382,1.0315324750261854,0.5
383,0.8753919326955022,0.5384615384615384
384,1.072360218513213,0.5384615384615384
385,1.0954476108970534,0.5769230769230769
386,0.9700637534476888,0.5384615384615384
387,0.9389562736423893,0.46153846153846156
388,0.9646829939904364,0.5
389,0.8312255044213441,0.5384615384615384
390,0.996050380163437,0.5
391,0.9742502995948206,0.46153846153846156
392,0.9108507454527457,0.5
393,0.8092863437868956,0.5384615384615384
394,0.900733208623814,0.5384615384615384
395,1.041959390423726,0.4230769230769231
396,1.0478655654562972,0.46153846153846156
397,1.0994116095685094,0.5384615384615384
398,0.771852694803878,0.5769230769230769
399,0.9513353549825823,0.5769230769230769
400,0.9543370680693144,0.5769230769230769
401,1.0057552676432855,0.5384615384615384
402,1.0133791739232128,0.5
403,0.8718469555481607,0.5384615384615384
404,0.9508617436583728,0.46153846153846156
405,0.9836189722039586,0.46153846153846156
406,0.8709485805635251,0.5769230769230769
407,0.9100706626550741,0.5
408,0.9576961213554656,0.5384615384615384
409,0.8722574045432996,0.46153846153846156
410,0.8362504377179385,0.5
411,0.9441092622592326,0.5384615384615384
412,0.8563553008353049,0.5769230769230769
413,0.9122609147311649,0.5769230769230769
414,0.9068773809759239,0.5769230769230769
415,0.9535908833153846,0.5
416,0.8795261347468086,0.5384615384615384
417,0.953759714989038,0.5384615384615384
418,0.8641490279520831,0.46153846153846156
419,0.8593891812122001,0.5769230769230769
420,0.8389354435039782,0.5384615384615384
421,0.7039387815610914,0.5
422,0.8543463326700191,0.5
423,0.922283034204014,0.6153846153846154
424,0.8362168305049211,0.5
425,0.872787413086288,0.5384615384615384
426,0.907425718822255,0.5384615384615384
427,0.8605752233533162,0.4230769230769231
428,0.9932444495283019,0.4230769230769231
429,0.9106017352004563,0.5384615384615384
430,0.9068444742890134,0.5384615384615384
431,0.9939879310049102,0.6923076923076923
432,0.8423963064400217,0.5384615384615384
433,0.8955604769751648,0.5384615384615384
434,0.8979465082112337,0.5
435,0.7805278466826997,0.5
436,0.8091994442087951,0.5
437,1.0134937259323844,0.46153846153846156
438,0.9123311591175782,0.5
439,0.79786952440887,0.5
440,0.9275435127165581,0.5
441,0.8780850521288475,0.5
442,0.8445942243583113,0.4230769230769231
443,0.8360046255947506,0.5
444,0.7709968076516889,0.5
445,0.7530984533837413,0.5769230769230769
446,0.8842735173663474,0.5769230769230769
447,0.8331846444820994,0.5769230769230769
448,0.9659251182672159,0.5769230769230769
449,0.8420143491477372,0.5769230769230769
450,0.8828997874772662,0.5
451,0.8588916055607054,0.5
452,0.9120391257045224,0.5384615384615384
453,0.7812269813695258,0.5
454,0.8167283050361367,0.46153846153846156
455,0.8686451423000232,0.5
456,0.7835130007068889,0.5384615384615384
457,0.7475001184847136,0.6153846153846154
458,0.8354561495771402,0.5769230769230769
459,0.8191780994986084,0.6153846153846154
460,0.8503331670921179,0.5
461,0.8488180368796896,0.46153846153846156
462,0.8085718421767103,0.5
463,0.7494313565246404,0.5
464,0.82943221899485,0.5384615384615384
465,0.853646478615842,0.5769230769230769
466,0.7342086499213938,0.5
467,0.6730719772853972,0.5384615384615384
468,0.7793265337452988,0.5384615384615384
469,0.8506959321618437,0.5769230769230769
470,0.7156156019345414,0.5384615384615384
471,0.7918149673315664,0.5384615384615384
472,0.7885904571865892,0.5384615384615384
473,0.7796387297619249,0.5384615384615384
474,0.8469417129494858,0.5
475,0.8145718243675049,0.6153846153846154
476,0.7393650037539516,0.5769230769230769
477,0.7361203147108442,0.5769230769230769
478,0.7806439939917245,0.5384615384615384
479,0.8053475846895393,0.46153846153846156
480,0.8106215380173714,0.5769230769230769
481,0.689091292544953,0.5
482,0.6028287018642864,0.5769230769230769
483,0.7854711828783114,0.5769230769230769
484,0.8301009328036244,0.46153846153846156
485,0.9420365203333887,0.5
486,0.8281510657010127,0.5384615384615384
487,0.6896856491501628,0.5384615384615384
488,0.6994030045214372,0.5384615384615384
489,0.8516862570132178,0.5384615384615384
490,0.8876871432463815,0.5
491,0.7714868371871928,0.5384615384615384
492,0.8644943741774358,0.5769230769230769
493,0.7647074119780255,0.5
494,0.7418017145532056,0.5
495,0.7068819593268527,0.46153846153846156
496,0.7268377767226459,0.5
497,0.9854683551521068,0.5384615384615384
498,0.6741271680208878,0.46153846153846156
499,0.9110604219504195,0.6153846153846154
500,0.7819026338909825,0.46153846153846156
501,0.9296069579723776,0.46153846153846156
502,0.8421869991375046,0.5769230769230769
503,0.8456040117514121,0.46153846153846156
504,0.8659193087440817,0.5
505,0.7818638469559369,0.5384615384615384
506,0.8281153818146976,0.5
507,0.8492161918088819,0.5
508,0.8634876743377928,0.46153846153846156
509,0.8140587157646775,0.5
510,0.851615432939008,0.5769230769230769
511,0.8059319127930915,0.5769230769230769
512,0.8868053989099582,0.5384615384615384
513,0.8287298028191894,0.5
514,0.8626575453040828,0.5
515,0.8001593021875135,0.5
516,0.8737972162812357,0.46153846153846156
517,0.6720566794723029,0.5
518,0.8628996041514423,0.5384615384615384
519,0.769942814009521,0.4230769230769231
520,0.70246830343241,0.46153846153846156
521,0.8165465361730098,0.5
522,0.7158700396135549,0.5384615384615384
523,0.7686037409568929,0.6153846153846154
524,0.8306698548461537,0.5384615384615384
525,0.810721638755485,0.5
526,0.6948467718508988,0.5384615384615384
527,0.7790607829192369,0.46153846153846156
528,0.6536095107648574,0.5384615384615384
529,0.8442442644674246,0.5769230769230769
530,0.6880336787270442,0.5384615384615384
531,0.8555683234467919,0.5769230769230769
532,0.6552400878257876,0.5
533,0.7982484125572267,0.5769230769230769
534,0.682396634521174,0.5384615384615384
535,0.7252105009248582,0.5769230769230769
536,0.7801281256006733,0.5
537,0.7103470704694854,0.5
538,0.7578418430913119,0.5384615384615384
539,0.704093387173629,0.5769230769230769
540,0.9006268074449761,0.5384615384615384
541,0.6506541760275613,0.5384615384615384
542,0.8566593431178178,0.5769230769230769
543,0.7872372350303714,0.5384615384615384
544,0.7012591088753126,0.5
545,0.6186647868034134,0.5769230769230769
546,0.684134141767176,0.5384615384615384
547,0.6242153776866988,0.5384615384615384
548,0.8595867616878654,0.5384615384615384
549,0.8237407714092515,0.46153846153846156
550,0.7310750313833618,0.5384615384615384
551,0.7056782824407279,0.5769230769230769
552,0.7286304530708798,0.5769230769230769
553,0.7495098143453887,0.5
554,0.7298877902380858,0.46153846153846156
555,0.851125418375787,0.6153846153846154
556,0.7433913409866313,0.6538461538461539
557,0.7546817387107452,0.6538461538461539
558,0.7183539759186899,0.5384615384615384
559,0.6297124544832196,0.46153846153846156
560,0.6338420225544006,0.5384615384615384
561,0.7042155652808741,0.46153846153846156
562,0.8214664226831676,0.46153846153846156
563,0.6920022480392656,0.5769230769230769
564,0.6582660876202429,0.5384615384615384
565,0.7764393315041755,0.5769230769230769
566,0.666029639671271,0.5769230769230769
567,0.7949586930539194,0.5384615384615384
568,0.7307873986811178,0.5769230769230769
569,0.6995326943976092,0.5384615384615384
570,0.7711112983267179,0.5384615384615384
571,0.7071128801730997,0.5
572,0.5972632720512081,0.5384615384615384
573,0.757939627923355,0.6153846153846154
574,0.6267245584311203,0.5384615384615384
575,0.7353584745570378,0.5769230769230769
576,0.6731385339296532,0.6153846153846154
577,0.7598321623118833,0.5384615384615384
578,0.6804192998821441,0.6538461538461539
579,0.5580483102712783,0.5384615384615384
580,0.7918303012704988,0.5769230769230769
581,0.608397755995453,0.6153846153846154
582,0.7090743740058914,0.5
583,0.7651677460924824,0.6153846153846154
584,0.7468549758695757,0.5769230769230769
585,0.6518844096494303,0.6538461538461539
586,0.772400024940405,0.6153846153846154
587,0.8458870938813083,0.5384615384615384
588,0.759194961443078,0.5384615384615384
589,0.6499496303552239,0.5384615384615384
590,0.5974298730326222,0.5769230769230769
591,0.6227488337225653,0.46153846153846156
592,0.717518040386973,0.5384615384615384
593,0.6237738509824302,0.5769230769230769
594,0.8423482865576801,0.5384615384615384
595,0.7159029803239241,0.6153846153846154
596,0.6894417853993753,0.5769230769230769
597,0.5260834378116663,0.5384615384615384
598,0.7108328543562088,0.5769230769230769
599,0.6926404901362009,0.5
600,0.6152087094761849,0.5384615384615384
601,0.7364160058308888,0.5
602,0.7427534053761926,0.5769230769230769
603,0.7421476533204414,0.4230769230769231
604,0.7127899492699821,0.46153846153846156
605,0.6713567351460705,0.5384615384615384
606,0.6717776122859553,0.5769230769230769
607,0.6637479141055662,0.46153846153846156
608,0.5802874983601063,0.6153846153846154
609,0.6928006217138054,0.5384615384615384
610,0.9024948257981773,0.6153846153846154
611,0.7180812808340402,0.5769230769230769
612,0.771179652133736,0.5384615384615384
613,0.7204248396407684,0.5384615384615384
614,0.7361443835377597,0.5
615,0.7997102575219239,0.5
616,0.5768776723008062,0.5384615384615384
617,0.5604739623432944,0.5769230769230769
618,0.6176493016107729,0.5
619,0.6444107814341304,0.5384615384615384
620,0.6367638689618986,0.5
621,0.6837707906591723,0.5769230769230769
622,0.714020520618746,0.46153846153846156
623,0.6948030173476725,0.5
624,0.568593841606611,0.5
625,0.7430861666348787,0.6153846153846154
626,0.7176017710736566,0.5384615384615384
627,0.6385395329502002,0.5384615384615384
628,0.7136058870041162,0.5
629,0.761304725158817,0.5384615384615384
630,0.7027248791113632,0.5384615384615384
631,0.7385770860925445,0.5769230769230769
632,0.7196248978512152,0.5384615384615384
633,0.6640192969463015,0.6153846153846154
634,0.5516991606028245,0.6153846153846154
635,0.6611109324094944,0.5769230769230769
636,0.7589546682731321,0.6538461538461539
637,0.6547805419336328,0.6153846153846154
638,0.5769331518759944,0.5384615384615384
639,0.5214800736434118,0.6153846153846154
640,0.7713773602417526,0.5769230769230769
641,0.5967760178668344,0.6153846153846154
642,0.7068934486235254,0.5769230769230769
643,0.6811058370904544,0.5
644,0.7301369209974391,0.5769230769230769
645,0.7757143179005999,0.5769230769230769
646,0.6098446788481842,0.5769230769230769
647,0.6677488713408262,0.5384615384615384
648,0.637143609776551,0.5384615384615384
649,0.7171157845861642,0.5
650,0.6527794586007576,0.5769230769230769
651,0.5862091857140608,0.6923076923076923
652,0.7371639907972689,0.5769230769230769
653,0.6537175439921512,0.6923076923076923
654,0.6387285952507145,0.5769230769230769
655,0.5653918539784093,0.5769230769230769
656,0.8218576524288745,0.5769230769230769
657,0.7317657750128754,0.5
658,0.6546347615396235,0.5769230769230769
659,0.7058294223962194,0.5
660,0.7426589944758835,0.5
661,0.6932167395220428,0.5
662,0.6277673963088666,0.4230769230769231
663,0.6223367193764213,0.5384615384615384
664,0.655906570056255,0.5769230769230769
665,0.6760917471453642,0.5
666,0.6071474501613445,0.46153846153846156
667,0.6660119861719331,0.5384615384615384
668,0.561662045986929,0.5769230769230769
669,0.6527250692768667,0.5
670,0.7917753749053098,0.6153846153846154
671,0.6632277594228042,0.5769230769230769
672,0.5917878824049714,0.5384615384615384
673,0.5075268238609247,0.6153846153846154
674,0.6800718770580234,0.5
675,0.6489269147930545,0.6153846153846154
676,0.6509240029482402,0.5769230769230769
677,0.6883607035668518,0.5384615384615384
678,0.5420634969821783,0.6153846153846154
679,0.5670433302261273,0.5769230769230769
680,0.7328061874178986,0.5
681,0.5867449720956168,0.46153846153846156
682,0.5341652475151601,0.6538461538461539
683,0.5346586574396173,0.6153846153846154
684,0.679048327384816,0.6153846153846154
685,0.517296196875952,0.5769230769230769
686,0.576553400408566,0.5
687,0.48353086332908024,0.5
688,0.6960732223025943,0.6538461538461539
689,0.54593651410006,0.5769230769230769
690,0.6429102072774846,0.5769230769230769
691,0.5466734488200218,0.6538461538461539
692,0.5522513273913487,0.46153846153846156
693,0.5455157933298507,0.5384615384615384
694,0.6421494790192859,0.46153846153846156
695,0.6412253177879381,0.5
696,0.7132345340914905,0.5769230769230769
697,0.5386537102932651,0.5769230769230769
698,0.5765738221946108,0.5769230769230769
699,0.5048922640289062,0.5384615384615384
700,0.7292741011964039,0.5384615384615384
701,0.6622484500356927,0.5769230769230769
702,0.6769750176464342,0.5
703,0.5311969242654984,0.5769230769230769
704,0.5142943673780973,0.5384615384615384
705,0.5326638084102742,0.5384615384615384
706,0.5240449944930758,0.46153846153846156
707,0.5856874097336915,0.46153846153846156
708,0.5232046382854927,0.5384615384615384
709,0.564701338158998,0.6538461538461539
710,0.4928640129776065,0.5384615384615384
711,0.579765472670446,0.46153846153846156
712,0.5882511620427251,0.5384615384615384
713,0.6635292446690046,0.46153846153846156
714,0.4270703516898209,0.46153846153846156
715,0.6422520131184459,0.5
716,0.4608505760861057,0.5
717,0.5793867983406567,0.46153846153846156
718,0.7599446517876065,0.5
719,0.5838397889258213,0.5384615384615384
720,0.624542474013841,0.4230769230769231
721,0.6009208013438156,0.5384615384615384
722,0.6059681185752734,0.46153846153846156
723,0.5886164640684015,0.5384615384615384
724,0.5561537574303062,0.5384615384615384
725,0.5555445069943872,0.5769230769230769
726,0.7517617887076753,0.5
727,0.4152658948883099,0.6538461538461539
728,0.5879088237298133,0.5384615384615384
729,0.49920111963766134,0.5769230769230769
730,0.5743187201841424,0.5384615384615384
731,0.5938133692907499,0.46153846153846156
732,0.6019738590180861,0.5
733,0.7569612706138171,0.5384615384615384
734,0.6469932435780739,0.6153846153846154
735,0.7208943792163494,0.5
736,0.5383717644807704,0.5
737,0.6592338313009867,0.5
738,0.561926502399436,0.5
739,0.6854952205548361,0.5384615384615384
740,0.5657154466201737,0.6153846153846154
741,0.6203851830839708,0.5769230769230769
742,0.5534929792779493,0.5769230769230769
743,0.662761515019906,0.5384615384615384
744,0.6448313802772629,0.5384615384615384
745,0.5816332239463238,0.5384615384615384
746,0.5763539000430207,0.46153846153846156
747,0.5658184799752193,0.5384615384615384
748,0.5792689443134673,0.46153846153846156
749,0.648261256967793,0.5769230769230769
750,0.6495717804028991,0.5384615384615384
751,0.5413461617281614,0.5769230769230769
752,0.5183336651566295,0.5384615384615384
753,0.428298304221292,0.5384615384615384
754,0.5540700875526268,0.5
755,0.5504475622604259,0.5769230769230769
756,0.5561843867842091,0.5769230769230769
757,0.7021220404641371,0.5
758,0.5407656624028059,0.5
759,0.7571380639386405,0.5
760,0.6178714404745813,0.5
761,0.5408660785157244,0.46153846153846156
762,0.5926883621873706,0.5
763,0.6261133799625282,0.6538461538461539
764,0.4923798027064845,0.5384615384615384
765,0.6364738493395725,0.5769230769230769
766,0.5474048521375523,0.6153846153846154
767,0.5432401970823628,0.5769230769230769
768,0.5603003780025761,0.5384615384615384
769,0.6381200824284177,0.5384615384615384
770,0.5514657630411879,0.5769230769230769
771,0.753271163262133,0.5384615384615384
772,0.5514256320794,0.5384615384615384
773,0.5639337573959677,0.46153846153846156
774,0.5237993493930282,0.5384615384615384
775,0.5609101286159417,0.5769230769230769
776,0.5877507147873064,0.6153846153846154
777,0.6665583792917675,0.6153846153846154
778,0.5515318591373126,0.6153846153846154
779,0.5948533466407091,0.6153846153846154
780,0.5550820259106377,0.4230769230769231
781,0.6100620739801155,0.5769230769230769
782,0.4393199474444831,0.5769230769230769
783,0.5505623310375936,0.5769230769230769
784,0.629486084684947,0.5769230769230769
785,0.5708639251829122,0.5769230769230769
786,0.6083848031216004,0.5769230769230769
787,0.502947394602594,0.5
788,0.4709214216868034,0.46153846153846156
789,0.5459065300113126,0.5384615384615384
790,0.48752600525545686,0.5769230769230769
791,0.5943587587650812,0.5769230769230769
792,0.5744448066076817,0.5
793,0.6592022706386675,0.5769230769230769
794,0.4903307300287998,0.5384615384615384
795,0.5736908647764141,0.5384615384615384
796,0.4993081406123334,0.5384615384615384
797,0.5211659710911216,0.46153846153846156
798,0.6293025196023359,0.46153846153846156
799,0.5327565535536074,0.5384615384615384
800,0.46402090485474634,0.5769230769230769
801,0.5699824377092058,0.6153846153846154
802,0.503709650825952,0.5384615384615384
803,0.5590932717875328,0.5
804,0.46936126767869535,0.5
805,0.4657934017676517,0.5
806,0.5889406051168598,0.46153846153846156
807,0.5416625913978472,0.46153846153846156
808,0.6053248868307879,0.46153846153846156
809,0.47892168433684246,0.5384615384615384
810,0.578234062268713,0.5
811,0.5075081202151344,0.5384615384615384
812,0.5604426474811413,0.6153846153846154
813,0.5339037406847118,0.5384615384615384
814,0.4610050719841716,0.5769230769230769
815,0.5447475390121306,0.5769230769230769
816,0.4962237569102381,0.5769230769230769
817,0.4594919967749562,0.5
818,0.4403725801904912,0.5384615384615384
819,0.40265778972987665,0.5
820,0.5112225257402465,0.5384615384615384
821,0.4172469240172201,0.46153846153846156
822,0.3161627475619535,0.46153846153846156
823,0.515415050884914,0.46153846153846156
824,0.5437810984218703,0.5
825,0.38578160821394913,0.38461538461538464
826,0.5099819459568975,0.5
827,0.529882263718183,0.46153846153846156
828,0.5018673296576841,0.5384615384615384
829,0.49259334226162643,0.5
830,0.44531909019388705,0.46153846153846156
831,0.3912443035587394,0.5384615384615384
832,0.4827204242402954,0.5384615384615384
833,0.4622963728498979,0.46153846153846156
834,0.45554750670536226,0.38461538461538464
835,0.44569348501162187,0.5
836,0.5124375500167049,0.46153846153846156
837,0.5352252943582507,0.4230769230769231
838,0.39719156128387834,0.4230769230769231
839,0.4275597292737694,0.46153846153846156
840,0.5177206624514801,0.5384615384615384
841,0.41570459787634295,0.5
842,0.48197564887373145,0.4230769230769231
843,0.5553364550463349,0.5769230769230769
844,0.515549760778812,0.46153846153846156
845,0.47384838083859204,0.5769230769230769
846,0.4326091304201709,0.5
847,0.6000165797224764,0.5
848,0.44623824859235217,0.4230769230769231
849,0.3037305873735585,0.46153846153846156
850,0.44500445667139266,0.38461538461538464
851,0.42234150223157974,0.46153846153846156
852,0.45222933476786054,0.5769230769230769
853,0.38426599579626775,0.46153846153846156
854,0.4145702946376204,0.46153846153846156
855,0.3503535339548236,0.5
856,0.48473611764873903,0.46153846153846156
857,0.432712324165907,0.5
858,0.4287960890697815,0.5
859,0.42253071952114896,0.5
860,0.5054560537676456,0.4230769230769231
861,0.3294159572860269,0.5384615384615384
862,0.4385022829978511,0.5
863,0.3471411710271761,0.4230769230769231
864,0.38099860715677414,0.46153846153846156
865,0.3863674832123669,0.5
866,0.3738709801810023,0.4230769230769231
867,0.3387279452673937,0.5769230769230769
868,0.4231844401001159,0.5769230769230769
869,0.44322123433681204,0.38461538461538464
870,0.37605987557223797,0.38461538461538464
871,0.4371863225099837,0.46153846153846156
872,0.39440120386395794,0.4230769230769231
873,0.34392242152321595,0.46153846153846156
874,0.4410280416550809,0.46153846153846156
875,0.39054366556244835,0.4230769230769231
876,0.3561408975523328,0.34615384615384615
877,0.5569139083379309,0.5
878,0.2949320154000965,0.5
879,0.43973225039115293,0.46153846153846156
880,0.4160996641173744,0.4230769230769231
881,0.49552452128874647,0.5
882,0.5134921466679647,0.5769230769230769
883,0.4564411624353726,0.4230769230769231
884,0.4430767021494968,0.4230769230769231
885,0.4684245847764892,0.5
886,0.47391382255825887,0.46153846153846156
887,0.3455551410662525,0.5
888,0.3769487796547857,0.46153846153846156
889,0.3750624803977143,0.5
890,0.47694469415830154,0.5
891,0.41280420264086315,0.5
892,0.3591227132081558,0.5
893,0.5114851889697718,0.5
894,0.4674191846038682,0.38461538461538464
895,0.38618075253611783,0.46153846153846156
896,0.4476671709910609,0.5769230769230769
897,0.40335903286910035,0.5384615384615384
898,0.3979551428023873,0.5
899,0.46198391099829683,0.46153846153846156
900,0.3583042440400881,0.5384615384615384
901,0.5622509314735655,0.5384615384615384
902,0.4910234763574186,0.4230769230769231
903,0.4345367683613617,0.5
904,0.4326518945507285,0.5
905,0.3550195461698862,0.4230769230769231
906,0.4219303980736928,0.4230769230769231
907,0.44691485044292456,0.4230769230769231
908,0.5341610795481841,0.46153846153846156
909,0.5229576338727675,0.4230769230769231
910,0.43144261580133625,0.46153846153846156
911,0.4882919308776419,0.4230769230769231
912,0.42629111407258513,0.38461538461538464
913,0.352456121928749,0.46153846153846156
914,0.45366588613291237,0.46153846153846156
915,0.4393376591153406,0.4230769230769231
916,0.5625933119585751,0.46153846153846156
917,0.4206959865441422,0.5
918,0.337224325552159,0.38461538461538464
919,0.39521220685807457,0.46153846153846156
920,0.39273556527414133,0.46153846153846156
921,0.3372634230007918,0.46153846153846156
922,0.3489049650640763,0.5384615384615384
923,0.3071070988282276,0.46153846153846156
924,0.40738697448125194,0.5
925,0.4554098519836387,0.46153846153846156
926,0.44663730515600575,0.5769230769230769
927,0.3478410842916686,0.34615384615384615
928,0.3741610229154544,0.46153846153846156
929,0.3519479842311761,0.46153846153846156
930,0.33577024866354455,0.5384615384615384
931,0.488516063779163,0.46153846153846156
932,0.5686041996135884,0.46153846153846156
933,0.5183569599498838,0.46153846153846156
934,0.37954376188326755,0.4230769230769231
935,0.4580285900747363,0.5
936,0.33203866022170603,0.5
937,0.38356456068481215,0.46153846153846156
938,0.2705183172066623,0.38461538461538464
939,0.4150441348343028,0.5
940,0.41043101815426253,0.5
941,0.31327098766976347,0.46153846153846156
942,0.4103387340342044,0.5
943,0.461085590190216,0.4230769230769231
944,0.3188476544069281,0.5
945,0.4138271838093166,0.5384615384615384
946,0.49195924492133036,0.5
947,0.3665870485865699,0.5384615384615384
948,0.37941958684538557,0.46153846153846156
949,0.4184590786376381,0.5
950,0.4172593730260461,0.4230769230769231
951,0.31377923082555714,0.5384615384615384
952,0.4503916525103753,0.5384615384615384
953,0.3019109001255793,0.4230769230769231
954,0.4412980951831722,0.5769230769230769
955,0.29141200998007477,0.5
956,0.5219599377962529,0.5
957,0.454708323834915,0.38461538461538464
958,0.39073180346514524,0.46153846153846156
959,0.4572577558590556,0.38461538461538464
960,0.28883918455433477,0.5
961,0.402881927924605,0.4230769230769231
962,0.555773505763097,0.46153846153846156
963,0.42096628102960976,0.5769230769230769
964,0.4524094851447775,0.38461538461538464
965,0.40326235909830643,0.46153846153846156
966,0.295674817769743,0.46153846153846156
967,0.401196082931373,0.5
968,0.3626648176449385,0.46153846153846156
969,0.3743756313512452,0.46153846153846156
970,0.2847253646239487,0.5
971,0.3959445229413201,0.5
972,0.4293387854345285,0.38461538461538464
973,0.45041976544464823,0.5
974,0.33234835967205223,0.46153846153846156
975,0.3624863085318566,0.46153846153846156
976,0.3531675657722566,0.5384615384615384
977,0.21265029498917087,0.5769230769230769
978,0.33770845640948055,0.4230769230769231
979,0.45189659985226704,0.5
980,0.267983368380587,0.5
981,0.4234487644733913,0.5384615384615384
982,0.26292800549962836,0.5
983,0.390042443655255,0.4230769230769231
984,0.30950699565557604,0.5
985,1.4121086813775516,0.5769230769230769
986,0.42772670191177253,0.5
987,0.3451060712403087,0.4230769230769231
988,0.3617120074890976,0.5
989,0.3987354692101803,0.5
990,0.29125655719979715,0.46153846153846156
991,0.277019580064064,0.4230769230769231
992,0.338882400126435,0.46153846153846156
993,0.3030381087413607,0.5384615384615384
994,0.2761063010086793,0.5384615384615384
995,0.4142254364642368,0.5384615384615384
996,0.18018772441796127,0.4230769230769231
997,0.36974336163136945,0.46153846153846156
998,0.2870008621001432,0.4230769230769231
999,0.2807693939536371,0.5384615384615384
1000,0.4019361768612013,0.5769230769230769
1001,0.2945623375936939,0.38461538461538464
1002,0.24083003348023846,0.46153846153846156
1003,0.4477509265383848,0.5769230769230769
1004,0.3144147605193788,0.38461538461538464
1005,1.0823491769162876,0.6153846153846154
1006,0.6642765142881464,0.5384615384615384
1007,0.634280201707023,0.5384615384615384
1008,1.749504471382294,0.5769230769230769
1009,1.4283590779506397,0.6153846153846154
1010,0.6231265465182876,0.6153846153846154
1011,0.5785561223510474,0.6538461538461539
1012,0.6316376781425284,0.6538461538461539
1013,1.5894178296567905,0.6153846153846154
1014,1.451431460405146,0.6923076923076923
1015,3.558122085485365,0.7307692307692307
1016,0.800071559625918,0.6923076923076923
1017,1.0495302952301149,0.6153846153846154
1018,3.7432801661365276,0.8461538461538461
1019,1.8038103728236372,0.6538461538461539
1020,4.771710378855298,0.8846153846153846
1021,1.6520090088083013,0.5769230769230769
1022,4.2173553093137475,0.7307692307692307
1023,1.1765068994424892,0.6153846153846154
1024,3.3671485653017696,0.8461538461538461
1025,4.697924104596751,0.7692307692307693
1026,2.850833106542569,0.8076923076923077
1027,2.26772946469449,0.6538461538461539
1028,1.2520574547955423,0.6538461538461539
1029,4.352868940970855,0.7307692307692307
1030,4.850689246863053,0.8461538461538461
1031,2.809904202501146,0.8846153846153846
1032,4.631004606244831,0.7692307692307693
1033,3.837951890164874,0.7692307692307693
1034,5.354139750300353,0.8461538461538461
1035,1.2869297787159133,0.6923076923076923
1036,4.881723349595662,0.7692307692307693
1037,3.7518729150667927,0.7307692307692307
1038,1.5025802666316292,0.6923076923076923
1039,2.8739102736953663,0.8076923076923077
1040,2.758701433132196,0.8461538461538461
1041,1.2518167252516963,0.6923076923076923
1042,1.7103901162798592,0.6923076923076923
1043,2.8938622243601846,0.6923076923076923
1044,3.7782487203718294,0.7307692307692307
1045,3.1427762799065384,0.6153846153846154
1046,2.8326319252596486,0.7307692307692307
1047,2.84558248535411,0.6153846153846154
1048,2.630319502519021,0.7692307692307693
1049,3.252790644985393,0.8076923076923077
1050,3.5142584831057526,0.6923076923076923
1051,2.217972866583896,0.6923076923076923
1052,2.871752926907493,0.7307692307692307
1053,3.868192398431373,0.9615384615384616
1054,1.6956932283371517,0.6153846153846154
1055,2.8558922519639642,0.7692307692307693
1056,2.695066307272064,0.6923076923076923
1057,2.069910222762081,0.6923076923076923
1058,2.513109834462308,0.6538461538461539
1059,3.180089940103228,0.9230769230769231
1060,2.5686722961552007,0.7307692307692307
1061,2.8381918500629384,0.8461538461538461
1062,4.135384889336025,0.8461538461538461
1063,3.5969796446962663,0.8076923076923077
1064,3.359815366928513,0.8076923076923077
1065,4.090634939343514,0.6923076923076923
1066,4.357837663473561,0.9230769230769231
1067,3.9620785230454882,0.8461538461538461
1068,4.623425612688567,0.6923076923076923
1069,4.693134392526499,0.9230769230769231
1070,4.039450749756187,0.8461538461538461
1071,3.7503595672266026,0.9615384615384616
1072,3.023633282068818,0.8846153846153846
1073,3.332033132808654,0.8076923076923077
1074,4.420171966592933,1.0
1075,2.9146664191425784,0.9230769230769231
1076,3.741348627330741,0.8076923076923077
1077,3.7183223018634832,0.8846153846153846
1078,3.129138863251674,0.9230769230769231
1079,3.489443464557622,0.8461538461538461
1080,4.684150116160569,0.9615384615384616
1081,3.091028965109704,0.8076923076923077
1082,3.42097854950868,0.9615384615384616
1083,4.624459632141288,0.8461538461538461
1084,3.418473915031109,0.8846153846153846
1085,3.967772907128171,0.8076923076923077
1086,4.2852685571931595,0.8076923076923077
1087,4.108965884537734,0.6923076923076923
1088,4.972849041545532,0.9230769230769231
1089,5.491375698729564,0.8461538461538461
1090,4.868009656227878,0.8076923076923077
1091,4.46093720248341,0.7307692307692307
1092,3.747652607233751,0.7692307692307693
1093,5.516340787397745,1.0
1094,4.698162242857038,1.0
1095,5.139645368164019,0.9230769230769231
1096,3.2172322565564118,0.8846153846153846
1097,4.075994797520803,0.7307692307692307
1098,3.827507188504304,0.9230769230769231
1099,4.582269514069083,0.6153846153846154
1100,3.8891169272427004,0.8846153846153846
1101,4.036670614600563,0.9230769230769231
1102,5.48022831387715,0.9230769230769231
1103,3.8227397010086173,0.8846153846153846
1104,4.804961559472337,0.9230769230769231
1105,4.8221615509422415,0.9615384615384616
1106,3.629192555134606,0.8076923076923077
1107,3.9842553096695106,0.8461538461538461
1108,3.817910846023285,0.7692307692307693
1109,5.545787918900841,0.8846153846153846
1110,3.9540578831379274,0.7692307692307693
1111,4.421640401313315,0.9230769230769231
1112,4.658484707111814,0.8461538461538461
1113,4.019277624250881,0.8846153846153846
1114,4.676506288839624,0.9230769230769231
1115,3.982370469721591,0.7307692307692307
1116,4.023920384472209,0.9230769230769231
1117,4.2118635590742795,0.8846153846153846
1118,4.670660249586807,0.9615384615384616
1119,4.305965340155907,0.7307692307692307
1120,3.6342709573028014,0.8076923076923077
1121,3.114748993779449,0.7692307692307693
1122,3.5425603633372615,0.7692307692307693
1123,3.2518430846337885,0.6923076923076923
1124,3.34075436092957,0.7307692307692307
1125,3.267955673301513,0.6923076923076923
1126,3.4585117532724334,0.7692307692307693
1127,4.736162599998494,0.9230769230769231
1128,4.622494930668227,0.8076923076923077
1129,3.3150810184045536,0.8076923076923077
1130,3.602801710536557,0.8461538461538461
1131,2.63782317646797,0.8846153846153846
1132,4.060726638879364,0.7692307692307693
1133,4.419848815638123,0.8461538461538461
1134,3.1963002179749336,0.7307692307692307
1135,3.2693499454085186,0.8846153846153846
1136,3.0863717374192223,0.8076923076923077
1137,3.9336575128270512,0.7692307692307693
1138,2.935850918070949,0.8076923076923077
1139,3.0344319652585727,0.7692307692307693
1140,3.042107697327119,0.8076923076923077
1141,3.303106637149404,0.8076923076923077
1142,3.3746157582309255,0.8076923076923077
1143,4.009534637188625,0.8076923076923077
1144,3.998156425045114,0.7692307692307693
1145,3.059851151212749,0.8076923076923077
1146,2.909573025158162,0.8461538461538461
1147,3.372244233316476,0.8076923076923077
1148,2.746627688210409,0.7692307692307693
1149,3.843231102686556,0.7692307692307693
1150,4.067741950148658,0.6923076923076923
1151,3.1878217046406316,0.7692307692307693
1152,4.075194442117144,0.7692307692307693
1153,3.3338312342839593,0.6538461538461539
1154,3.7303815635623487,0.8076923076923077
1155,4.406775128442179,0.8846153846153846
1156,3.51743660000212,0.8076923076923077
1157,3.5406406158337216,0.7692307692307693
1158,2.857988734712231,0.8846153846153846
1159,3.918620402258145,0.8461538461538461
1160,4.070773246566517,0.7307692307692307
1161,4.635208987804503,0.8076923076923077
1162,3.5482297390896123,0.8076923076923077
1163,4.0966894137789795,0.8076923076923077
1164,3.042376474819941,0.8461538461538461
1165,2.478812085916215,0.8076923076923077
1166,3.095478482879903,0.8461538461538461
1167,2.7100316178969996,0.8846153846153846
1168,4.059259211541828,0.8076923076923077
1169,2.8657118169988944,0.8076923076923077
1170,4.342599522272691,0.7692307692307693
1171,4.08098682766188,0.8461538461538461
1172,3.081433986021199,0.7692307692307693
1173,3.8427035275671035,0.7692307692307693
1174,5.018277932089545,0.6923076923076923
1175,3.0780493628491907,0.7307692307692307
1176,4.365981530043152,0.6923076923076923
1177,4.04567101515574,0.7307692307692307
1178,4.214112890126663,0.8461538461538461
1179,3.3808055118507605,0.6538461538461539
1180,3.0768182903704195,0.8076923076923077
1181,3.304148524424609,0.6923076923076923
1182,4.05792821455909,0.8461538461538461
1183,4.049086058981947,0.8461538461538461
1184,3.470291840857567,0.6538461538461539
1185,3.383664300466747,0.6538461538461539
1186,4.38046108070084,0.6923076923076923
1187,2.8323232289833897,0.6153846153846154
1188,3.1357901482884407,0.6538461538461539
1189,3.131162512919629,0.6538461538461539
1190,3.9818396296798,0.6923076923076923
1191,2.95581330765254,0.7692307692307693
1192,3.1512852400553157,0.6153846153846154
1193,3.0621808757783473,0.6923076923076923
1194,3.832408197874147,0.7307692307692307
1195,3.560147984740461,0.7307692307692307
1196,4.104818314820239,0.7307692307692307
1197,3.708712953985159,0.8076923076923077
1198,4.3596085678999135,0.7692307692307693
1199,3.4017560541250287,0.7692307692307693
1200,3.1854919591499757,0.7692307692307693
1201,3.6946904273937373,0.8846153846153846
1202,4.481958293983895,0.9615384615384616
1203,3.869232333812744,0.9230769230769231
1204,3.8172579651841794,0.9230769230769231
1205,4.266763596229387,1.0
1206,4.313142986402552,0.8461538461538461
1207,3.8913428114854542,0.9230769230769231
1208,4.594943575207621,0.9230769230769231
1209,4.027761203438773,0.8461538461538461
1210,4.27556888909733,0.8461538461538461
1211,4.470386654015598,0.8076923076923077
1212,3.9706150455022176,0.8461538461538461
1213,3.9943593290004262,0.9615384615384616
1214,3.9033865756660857,0.8461538461538461
1215,4.25323114230373,0.7692307692307693
1216,3.8765621959719927,0.9230769230769231
1217,3.809557811038799,0.8076923076923077
1218,3.558992463700281,0.8846153846153846
1219,3.562013714653153,0.9230769230769231
1220,3.850802722871162,0.8076923076923077
1221,4.077470869839462,0.8846153846153846
1222,3.682939580226733,0.7692307692307693
1223,3.6536504583483,0.7692307692307693
1224,3.6715724533376823,0.8846153846153846
1225,3.3265963295311414,0.8461538461538461
1226,2.6583278788640476,0.8076923076923077
1227,3.465804247888968,0.9230769230769231
1228,4.904837723992053,0.8461538461538461
1229,3.229961629798547,0.8076923076923077
1230,3.87874260131947,0.6923076923076923
1231,3.5483456207858826,0.8076923076923077
1232,4.080323523974608,0.7692307692307693
1233,3.1942521257371217,0.7307692307692307
1234,2.9174913492529013,0.7307692307692307
1235,4.706336216752907,1.0
1236,4.293378440788227,0.8461538461538461
1237,4.513070601535458,0.8076923076923077
1238,3.8253407535638386,0.7307692307692307
1239,3.066398648458465,0.6538461538461539
1240,3.366827940304437,0.7692307692307693
1241,3.592281175826722,0.7692307692307693
1242,4.595131257717299,0.7307692307692307
1243,3.7335613309409306,0.8461538461538461
1244,2.7674582054917094,0.8461538461538461
1245,2.5694580432037997,0.8461538461538461
1246,4.148188513948973,0.7692307692307693
1247,3.3276708846969285,0.6538461538461539
1248,3.1080081908410486,0.8461538461538461
1249,4.716109359977204,0.8461538461538461
1250,4.572358338426595,0.8076923076923077
1251,4.222666546565937,0.8846153846153846
1252,2.8952487782325065,0.6923076923076923
1253,4.10184349447622,0.6923076923076923
1254,3.130142958513165,0.6923076923076923
1255,3.8539016016780625,0.8846153846153846
1256,3.6178846340523885,0.8076923076923077
1257,3.5397404928851053,0.8076923076923077
1258,4.405067313793398,0.8461538461538461
1259,3.2340605413155834,0.7307692307692307
1260,3.4205198610248857,0.6538461538461539
1261,5.13137123855935,0.9230769230769231
1262,2.869116847024931,0.6538461538461539
1263,3.6495483265364204,0.7692307692307693
1264,4.555965804149627,0.6538461538461539
1265,3.1997931873245524,0.7307692307692307
1266,3.3006229405239393,0.7307692307692307
1267,2.750422630685403,0.8076923076923077
1268,4.4121547220409765,0.7692307692307693
1269,3.5165896987196152,0.6538461538461539
1270,2.799920958596939,0.7692307692307693
1271,3.004965497559729,0.7307692307692307
1272,4.5626871150382495,0.7692307692307693
1273,3.9448801923655337,0.7307692307692307
1274,3.123478201600376,0.7307692307692307
1275,3.52753392785609,0.7307692307692307
1276,4.462259623260579,0.6923076923076923
1277,3.6089278391971034,0.6538461538461539
1278,3.342500265112851,0.7307692307692307
1279,4.91303576202273,0.7307692307692307
1280,4.908521066885601,0.8076923076923077
1281,3.1817507639057414,0.7307692307692307
1282,4.15279345447553,0.8076923076923077
1283,4.879442330895943,0.7307692307692307
1284,4.170643061597406,0.6538461538461539
1285,3.571186568048671,0.6538461538461539
1286,2.9760495954887833,0.6923076923076923
1287,2.4846098874318177,0.8461538461538461
1288,4.551998732085413,0.8461538461538461
1289,3.114286819565548,0.7307692307692307
1290,3.7233154429601742,0.8461538461538461
1291,3.9333431595830106,0.6538461538461539
1292,3.421644575043414,0.8076923076923077
1293,4.129093841481328,0.8076923076923077
1294,3.4409902960148093,0.7692307692307693
1295,4.142423113227259,0.7692307692307693
1296,4.332496548829983,0.7692307692307693
1297,5.303275110237565,0.6538461538461539
1298,3.769792268539729,0.7307692307692307
1299,4.576915581024321,0.8076923076923077
1300,5.041573711564168,0.8846153846153846
1301,3.4588894154016945,0.7692307692307693
1302,4.8097051355578,0.9615384615384616
1303,4.203740972493554,0.8846153846153846
1304,5.675687276780561,0.8461538461538461
1305,5.46062335372566,0.8461538461538461
1306,5.629646689520813,0.9230769230769231
1307,4.063978458813542,0.8076923076923077
1308,4.600889636088856,0.8461538461538461
1309,3.5878461535538264,0.8846153846153846
1310,6.453212497628971,0.8846153846153846
1311,3.7842165129453624,0.9230769230769231
1312,4.584533249877536,0.8846153846153846
1313,4.419418483637938,0.8076923076923077
1314,5.7351940317082875,0.9230769230769231
1315,3.681807074582529,0.8846153846153846
1316,3.958505474436691,1.0
1317,4.035082274251282,0.9615384615384616
1318,3.7632734657936644,0.8846153846153846
1319,4.392658217945097,1.0
1320,3.8218376165393897,0.9615384615384616
1321,6.376749723061899,0.8461538461538461
1322,4.449521681012297,0.8846153846153846
1323,4.1486558256425425,0.8846153846153846
1324,3.903084132184175,0.9615384615384616
1325,4.012225015898556,0.9230769230769231
1326,3.9273348851350254,0.9230769230769231
1327,4.50087801484642,0.8461538461538461
1328,4.719469228720596,0.8076923076923077
1329,3.9182051157707374,0.8461538461538461
1330,3.847147538604722,0.9615384615384616
1331,4.637105048161228,0.8846153846153846
1332,3.4301111218744924,0.9615384615384616
1333,3.066304256101257,0.8461538461538461
1334,4.14512973494907,0.8846153846153846
1335,4.12756617231276,0.8461538461538461
1336,3.683362897920011,0.8076923076923077
1337,4.5287807012735515,0.8846153846153846
1338,3.5354531133973417,0.9615384615384616
1339,3.9764244673382163,0.9230769230769231
1340,4.7497196390204,0.9230769230769231
1341,3.012646267404196,0.8846153846153846
1342,4.429981888244148,0.9615384615384616
1343,3.6354562848389973,0.9615384615384616
1344,4.721274191519717,0.8846153846153846
1345,3.9022953220158394,0.8461538461538461
1346,3.9742157647356806,0.7307692307692307
1347,4.4594681572481045,0.8846153846153846
1348,4.03315495577178,0.8461538461538461
1349,3.835449860145193,0.7692307692307693
1350,4.03978317514983,0.7307692307692307
1351,2.916131932766494,0.6923076923076923
1352,3.0304983778777936,0.7692307692307693
1353,3.148106633579888,0.6923076923076923
1354,2.947886506627521,0.8461538461538461
1355,4.802847130255712,1.0
1356,4.34523981306987,1.0
1357,4.980984062120417,0.8076923076923077
1358,2.9075769109341376,0.8076923076923077
1359,3.701828130499688,0.7692307692307693
1360,5.449470499268038,0.8846153846153846
1361,3.9845691410384063,0.7692307692307693
1362,3.9977372415765644,0.8846153846153846
1363,4.772274350772657,0.8846153846153846
1364,2.8783622835906577,0.6923076923076923
1365,3.796401926285593,1.0
1366,4.105288576843846,0.7692307692307693
1367,4.202658905828747,0.8461538461538461
1368,2.8755205831375785,0.7307692307692307
1369,3.936907898344547,0.7307692307692307
1370,4.150941966011075,0.8846153846153846
1371,4.975090519310764,0.7692307692307693
1372,4.094980145631297,0.9230769230769231
1373,3.971205045935912,0.9230769230769231
1374,3.0855681316438126,0.8461538461538461
1375,3.0896736164553764,0.8076923076923077
1376,2.8935403128230415,0.8461538461538461
1377,4.758816006853794,0.9230769230769231
1378,4.75283876281073,0.8461538461538461
1379,2.869080109020296,0.8846153846153846
1380,2.632962652823597,0.8461538461538461
1381,2.591521786827398,0.8846153846153846
1382,2.92219858833663,0.8846153846153846
1383,3.2772979171135455,0.8846153846153846
1384,3.350376889931986,0.8846153846153846
1385,3.9858126499959448,0.9230769230769231
1386,3.808530423583563,0.8076923076923077
1387,3.803013047001867,0.8461538461538461
1388,4.241525882740957,0.8461538461538461
1389,4.459565137458027,0.8846153846153846
1390,3.8956668273153485,0.7692307692307693
1391,4.3453690841630435,0.8076923076923077
1392,4.027330230290786,0.8461538461538461
1393,4.379270314122345,0.8076923076923077
1394,4.169259001635962,0.9230769230769231
1395,4.592456466606248,0.7692307692307693
1396,4.04776761518149,0.7692307692307693
1397,4.5422780455954115,0.9615384615384616
1398,4.768856057766158,0.9230769230769231
1399,4.916276690016637,0.9230769230769231
1400,4.7626183539257205,0.8846153846153846
1401,4.505361234953923,1.0
1402,3.875377579702091,0.9615384615384616
1403,4.062477841756098,0.8846153846153846
1404,5.0973344356719625,0.9615384615384616
1405,3.9090971371681507,0.9230769230769231
1406,3.652317772233129,0.8846153846153846
1407,4.238474574698163,0.8846153846153846
1408,3.479477776102112,0.8846153846153846
1409,4.682925990269642,0.9230769230769231
1410,4.40610023097555,0.8461538461538461
1411,2.757048307580228,0.9615384615384616
1412,2.9166245643019124,1.0
1413,3.1188578086361325,0.8461538461538461
1414,3.5321466801770205,0.8461538461538461
1415,3.373473493194618,0.8846153846153846
1416,2.86711615707135,0.7692307692307693
1417,3.7414271526109677,0.6923076923076923
1418,3.5011323908041407,0.8461538461538461
1419,3.501207568311327,0.8846153846153846
1420,3.2491968995301455,0.8076923076923077
1421,4.267429824420422,0.8846153846153846
1422,3.84827463568361,0.8846153846153846
1423,3.2645525389621564,0.8461538461538461
1424,3.4426217110438193,0.7692307692307693
1425,2.9091293721079436,0.9230769230769231
1426,3.4529702196744703,0.7692307692307693
1427,3.637342005989277,0.7692307692307693
1428,3.740014136029268,0.8846153846153846
1429,3.303508959073031,0.8461538461538461
1430,3.1730486094204444,0.8461538461538461
1431,3.5865409497974294,0.8461538461538461
1432,3.0702835309342404,0.8846153846153846
1433,3.5024596155664325,0.8846153846153846
1434,3.103361556997444,0.8461538461538461
1435,3.5300577921497576,0.8461538461538461
1436,3.7814286703071054,0.7692307692307693
1437,3.2372607187133577,0.7307692307692307
1438,3.967175465251837,0.9615384615384616
1439,4.514797883098575,0.8846153846153846
1440,4.608300242975523,0.8461538461538461
1441,3.5479503772623726,0.8076923076923077
1442,3.3529174162607207,0.7692307692307693
1443,3.2008224199862703,0.8461538461538461
1444,3.633375389066614,0.7692307692307693
1445,3.5432761394503287,0.8076923076923077
1446,3.5742526845680995,0.7692307692307693
1447,3.1296997381882403,0.8076923076923077
1448,3.225646096579463,0.8461538461538461
1449,3.5173347624448548,0.8461538461538461
1450,3.0603634215867275,0.8846153846153846
1451,3.8969113994009152,0.8461538461538461
1452,3.3761680220511447,0.8846153846153846
1453,4.628258619955956,0.8846153846153846
1454,3.2390528976209696,0.9230769230769231
1455,4.054314577909479,0.8461538461538461
1456,3.585905740333472,0.8846153846153846
1457,3.9801779738736065,0.8461538461538461
1458,4.457252053988387,0.9230769230769231
1459,4.055964691730044,0.8846153846153846
1460,3.824979223322311,0.9230769230769231
1461,4.479405839943353,0.9230769230769231
1462,4.211651685637825,0.8846153846153846
1463,4.343628813770294,0.9230769230769231
1464,4.582146573115251,0.9230769230769231
1465,4.965042989413632,0.8846153846153846
1466,6.09137828101814,0.8076923076923077
1467,5.335723040416368,0.8461538461538461
1468,5.210935377796001,0.8461538461538461
1469,6.145917440254429,0.8461538461538461
1470,5.179795742221163,0.7692307692307693
1471,4.469166879160003,0.7307692307692307
1472,4.268665102913534,0.8076923076923077
1473,4.292755571844498,0.8461538461538461
1474,3.4402300089336393,0.9230769230769231
1475,3.233990339664849,0.9230769230769231
1476,3.1092608956208916,0.8076923076923077
1477,2.8296866313004494,0.7692307692307693
1478,4.600801164504067,0.8076923076923077
1479,4.075574632051636,0.7692307692307693
1480,3.610260584842531,0.7307692307692307
1481,3.4405162900992705,0.8846153846153846
1482,3.318490810342448,0.7692307692307693
1483,3.31940376234496,0.7307692307692307
1484,4.032108766100941,0.7307692307692307
1485,4.693698789656282,0.7692307692307693
1486,3.3057736922564134,0.7692307692307693
1487,3.130605230717685,0.8461538461538461
1488,4.6118670734786935,0.8461538461538461
1489,3.1805811383773275,0.7307692307692307
1490,3.5414358112197135,0.8461538461538461
1491,3.4677046781830305,0.6923076923076923
1492,3.4543136771646386,0.8076923076923077
1493,3.1820277237900987,0.7692307692307693
1494,3.7327162273686105,0.9230769230769231
1495,4.3273674883467494,0.8461538461538461
1496,3.8102639507770677,0.8461538461538461
1497,3.9408433399595335,0.7692307692307693
1498,3.785060329040056,0.6923076923076923
1499,3.850120945235551,0.7307692307692307
1500,3.876943572653766,0.8846153846153846
