Bayesian Fine-Tuning QNSPSA — 1500 iter/trial, 256 shots
Trials ejecutados: 12/12
======================================================================
Rank     ath    L       reg     hd   best_er
------------------------------------------------------------
   1   0.021   11  1.75e-03   1200    0.0769
   2   0.018   13  7.79e-04    750    0.1154
   3   0.030    8  5.00e-04    700    0.1538
   4   0.024    9  1.84e-04    700    0.1538
   5   0.016   14  1.05e-03   1150    0.1538
   6   0.017   13  1.49e-03    850    0.1538
   7   0.020   11  5.00e-04    700    0.1923
   8   0.030    8  5.00e-04   1000    0.1923
   9   0.021   10  2.88e-03   1200    0.1923
  10   0.020   11  5.00e-04   1000    0.2692
  11   0.026    9  4.44e-03    600    0.2692
  12   0.027    8  2.04e-04    700    0.3846

=== MEJOR COMBINACIÓN ===
  ath:            0.0206
  hessian_delay:  1200
  regularization: 1.7524e-03
  best_er:        0.0769
  n_layers:       11
