# Trial 3: ath=0.0200  reg=5.00e-04  hd=1000  L=11  best_er=0.2692
iter,loss,error_rate
1,3.4544707896653915,0.8076923076923077
2,3.6434903306399593,0.7692307692307693
3,3.4543458772832185,0.8076923076923077
4,3.5633007499066283,0.8076923076923077
5,3.802844087334275,0.8076923076923077
6,3.681197023890449,0.8076923076923077
7,3.5736329966782265,0.8076923076923077
8,3.280841894473254,0.7692307692307693
9,3.719429892155536,0.8076923076923077
10,3.483250817962529,0.6923076923076923
11,3.618096234458326,0.7692307692307693
12,3.540353653892366,0.8076923076923077
13,3.5997133445264202,0.7692307692307693
14,3.704363168198517,0.7307692307692307
15,3.1283611312545134,0.6923076923076923
16,3.239893709851764,0.7692307692307693
17,3.0873569470211346,0.7692307692307693
18,3.159183922038423,0.8461538461538461
19,3.310707638240812,0.7307692307692307
20,3.1063533302802924,0.7692307692307693
21,3.241844784340395,0.7307692307692307
22,3.524526436421159,0.7307692307692307
23,2.8162165054560093,0.7692307692307693
24,3.148989774435867,0.6923076923076923
25,3.3247161093036612,0.8076923076923077
26,3.126152067433882,0.6923076923076923
27,2.8263226288665386,0.6923076923076923
28,2.584557179438511,0.6923076923076923
29,2.6282942363407202,0.6923076923076923
30,3.0003534712148214,0.6538461538461539
31,2.7964263695968397,0.6153846153846154
32,2.674159274250826,0.6923076923076923
33,2.789898762070517,0.6923076923076923
34,3.4995941036668743,0.7307692307692307
35,2.7925598510711067,0.6923076923076923
36,2.755390836787996,0.6923076923076923
37,3.122831696973035,0.7307692307692307
38,2.880156629840288,0.7307692307692307
39,2.9599867212514654,0.6538461538461539
40,3.129533166261378,0.7307692307692307
41,2.857866990107884,0.6538461538461539
42,2.458618061540668,0.8076923076923077
43,2.973979039920481,0.7307692307692307
44,3.167128727492711,0.7692307692307693
45,2.9220566780834036,0.5769230769230769
46,3.290150666998755,0.6923076923076923
47,2.9995349720438176,0.6923076923076923
48,2.547788017335451,0.6923076923076923
49,2.74075913605253,0.6923076923076923
50,2.5613869494131576,0.5384615384615384
51,2.7681330264055317,0.6153846153846154
52,2.8900080050032972,0.5769230769230769
53,2.6862198446205467,0.6538461538461539
54,2.509379616242618,0.5769230769230769
55,2.5016568341885757,0.6153846153846154
56,2.722796883042572,0.5769230769230769
57,2.5885229254466844,0.6153846153846154
58,2.5597976331891505,0.6153846153846154
59,2.7872637368999182,0.5769230769230769
60,2.5828501544959517,0.6153846153846154
61,2.3456615368613933,0.5384615384615384
62,2.249932836347765,0.5384615384615384
63,2.7161881273787962,0.6153846153846154
64,2.5042255556621638,0.6538461538461539
65,2.45269439273393,0.6153846153846154
66,2.5617787321560073,0.6538461538461539
67,2.302888025298016,0.5769230769230769
68,2.837501937855513,0.6923076923076923
69,2.6889016999287594,0.5384615384615384
70,2.1915984092685514,0.5769230769230769
71,2.8135086978373804,0.5769230769230769
72,2.457862882482683,0.6153846153846154
73,2.802468797795533,0.6153846153846154
74,2.577709806819129,0.5
75,2.639401780626109,0.6153846153846154
76,2.5896331654601683,0.5769230769230769
77,2.5432268819775867,0.6538461538461539
78,2.4728988904413405,0.6538461538461539
79,2.7623977447529846,0.5384615384615384
80,2.4999096058778294,0.6923076923076923
81,2.4693346620240555,0.5769230769230769
82,2.470752847123471,0.6153846153846154
83,2.6927462020901163,0.5769230769230769
84,2.3301319608641125,0.6923076923076923
85,2.568810105848577,0.6923076923076923
86,2.2185468436094298,0.6153846153846154
87,2.4779590053260603,0.6538461538461539
88,2.465052298762564,0.6538461538461539
89,2.366647774614453,0.6923076923076923
90,2.1674229340549345,0.6923076923076923
91,2.6529225686105233,0.6923076923076923
92,2.4576765907473677,0.5769230769230769
93,2.537335207715204,0.6153846153846154
94,2.667690522809652,0.6923076923076923
95,2.6682309417085044,0.6538461538461539
96,2.704687574369435,0.6153846153846154
97,2.46002890485855,0.5769230769230769
98,2.136332181911758,0.6153846153846154
99,2.4664060443395126,0.5384615384615384
100,2.370173801380412,0.6153846153846154
101,2.250646525169795,0.5769230769230769
102,2.30512843596859,0.5
103,2.2387400046820547,0.6153846153846154
104,2.069267749409745,0.5769230769230769
105,2.372010491878726,0.6153846153846154
106,2.0921371623317233,0.5384615384615384
107,2.349526471328214,0.6153846153846154
108,2.0471570412086004,0.6538461538461539
109,2.3172592835568357,0.5384615384615384
110,2.3665990846709946,0.5384615384615384
111,2.002569802950836,0.5384615384615384
112,2.477430254031967,0.5769230769230769
113,2.4563171961493104,0.5384615384615384
114,2.1484273143133263,0.5384615384615384
115,2.2642343027688128,0.5384615384615384
116,2.4397456671596784,0.5769230769230769
117,2.307704227199908,0.6153846153846154
118,2.53466805982691,0.5769230769230769
119,2.28317709495229,0.5
120,2.3358303335762205,0.5769230769230769
121,2.171998217331023,0.6538461538461539
122,2.4227490053605867,0.46153846153846156
123,2.317252122488367,0.5384615384615384
124,2.103071511050846,0.5384615384615384
125,2.3393277882688652,0.5769230769230769
126,2.434998172236688,0.5769230769230769
127,2.360570282873419,0.5769230769230769
128,2.3199881627147683,0.5769230769230769
129,1.8994407281786005,0.5384615384615384
130,2.4177686843888426,0.5769230769230769
131,2.2548703048756327,0.6153846153846154
132,2.4040167558355883,0.5384615384615384
133,2.3945429920139167,0.5769230769230769
134,2.324283850738313,0.46153846153846156
135,2.187501440101564,0.5384615384615384
136,2.3390192863090093,0.5769230769230769
137,2.144725767458845,0.5769230769230769
138,2.075351687186206,0.5769230769230769
139,2.0587910069475583,0.5
140,2.2059416250825357,0.5384615384615384
141,2.2521514843061476,0.46153846153846156
142,2.3048545836185657,0.5769230769230769
143,2.0479977081290976,0.5384615384615384
144,2.2380494356918694,0.5
145,2.1463536704673754,0.6153846153846154
146,2.2019584597366206,0.6153846153846154
147,2.2738120213839292,0.6538461538461539
148,2.1850345339366184,0.5384615384615384
149,2.175068978362908,0.6153846153846154
150,2.1954869997532303,0.6153846153846154
151,2.0691654790717218,0.6538461538461539
152,2.0989072627750973,0.6153846153846154
153,2.072294673521274,0.6153846153846154
154,2.1012816913309775,0.5769230769230769
155,2.193829849879523,0.46153846153846156
156,2.267262320747176,0.5769230769230769
157,2.3587918087525597,0.5769230769230769
158,2.284754805868637,0.6153846153846154
159,1.9168810171025383,0.5769230769230769
160,2.2741784526039996,0.46153846153846156
161,2.0379529120620843,0.5384615384615384
162,2.3708867223659262,0.6153846153846154
163,1.8665350763330024,0.6538461538461539
164,2.3175370625316827,0.46153846153846156
165,2.4599499588717078,0.6153846153846154
166,2.12489446729644,0.46153846153846156
167,2.1640383327838433,0.5
168,2.3391367956281064,0.5
169,2.143286475870927,0.5769230769230769
170,2.2280471703900577,0.5769230769230769
171,2.24571832859959,0.5384615384615384
172,2.4618077395978943,0.5769230769230769
173,2.411472140358988,0.5384615384615384
174,2.4364528822740095,0.5
175,2.1447311188414173,0.6153846153846154
176,2.2557897124551483,0.6538461538461539
177,2.1482455659149267,0.5
178,2.1286231251890153,0.5384615384615384
179,2.31085005401672,0.5384615384615384
180,2.24194032320926,0.5384615384615384
181,2.1923483101843626,0.5
182,2.4126668109678473,0.5
183,1.8924227035785863,0.5
184,1.869719088757122,0.6153846153846154
185,2.211724790595669,0.5
186,2.366528802041774,0.5
187,1.8661233208394161,0.5384615384615384
188,2.0760767506979434,0.5384615384615384
189,2.181281732718668,0.5384615384615384
190,2.1840762745055518,0.5384615384615384
191,2.271015489995117,0.5384615384615384
192,1.990112299875239,0.5384615384615384
193,1.941296011209748,0.5
194,2.058260623123293,0.5769230769230769
195,2.249284643295022,0.5384615384615384
196,2.266321871262104,0.5384615384615384
197,1.784918906730184,0.5769230769230769
198,2.0282804600445785,0.5384615384615384
199,2.0194666298509745,0.5384615384615384
200,2.2012228785707597,0.5769230769230769
201,2.226058900388974,0.5384615384615384
202,2.2548666486860407,0.46153846153846156
203,2.0297536540368775,0.5769230769230769
204,2.1322980858829967,0.5384615384615384
205,2.0798538670172677,0.5769230769230769
206,1.9603113416855094,0.5384615384615384
207,2.0924071924409198,0.5
208,2.0754098115803092,0.5769230769230769
209,2.0748973772361596,0.5384615384615384
210,2.326102469166195,0.5
211,2.2462125053851585,0.5
212,1.9373254857842492,0.5
213,2.1688505421108033,0.5769230769230769
214,2.4288664306067593,0.6153846153846154
215,2.0400769130156338,0.6153846153846154
216,2.0502013679228064,0.5384615384615384
217,2.0032481183148425,0.5384615384615384
218,2.178297576786189,0.5769230769230769
219,1.9164217582985814,0.5769230769230769
220,1.8732802844631697,0.46153846153846156
221,2.20304909939784,0.6153846153846154
222,2.32857930224475,0.46153846153846156
223,2.1727822491054463,0.5
224,2.212765291002503,0.5384615384615384
225,2.3500443213069513,0.46153846153846156
226,1.9935405483857225,0.5769230769230769
227,2.30717739748684,0.5
228,2.055481715255703,0.5769230769230769
229,1.9732138102064676,0.5769230769230769
230,1.9660354722194349,0.6153846153846154
231,2.3047254792860916,0.6538461538461539
232,2.035081961343345,0.5384615384615384
233,1.8685885339649624,0.5384615384615384
234,2.3185267824391436,0.46153846153846156
235,2.3103876778963937,0.46153846153846156
236,1.9942581810719213,0.6153846153846154
237,2.3751827073738947,0.5
238,2.244413049496184,0.5384615384615384
239,2.1906554077707914,0.5769230769230769
240,1.8276485194373655,0.5769230769230769
241,2.2637602194458264,0.5384615384615384
242,2.061964340930731,0.5769230769230769
243,1.9165307930583557,0.4230769230769231
244,1.9227726807474763,0.5769230769230769
245,2.0279306042410488,0.6153846153846154
246,1.8192817493003648,0.5384615384615384
247,1.9692649879916402,0.6153846153846154
248,2.0454299492999333,0.5
249,2.3579742566157567,0.5
250,2.0414476504049506,0.5
251,2.1250440846634286,0.5384615384615384
252,1.9194284447811003,0.5769230769230769
253,1.955620217248579,0.5
254,2.029461115400375,0.5
255,1.8017794555749913,0.5
256,1.950315834057878,0.38461538461538464
257,1.8609755432074453,0.5384615384615384
258,1.8254702457681613,0.5769230769230769
259,2.029803936699093,0.6538461538461539
260,1.8858317185455913,0.6538461538461539
261,1.9413402245980773,0.6153846153846154
262,1.9956209880974582,0.6153846153846154
263,2.1537366827344577,0.5769230769230769
264,1.927507933123693,0.5
265,2.010862444429205,0.5769230769230769
266,1.821431970330655,0.6538461538461539
267,2.4246801982340562,0.6153846153846154
268,1.958826487269428,0.5
269,1.9492707405205185,0.5769230769230769
270,1.9834614338177485,0.5384615384615384
271,2.2238521202863666,0.5769230769230769
272,2.1512941419336027,0.5
273,1.9995366313374736,0.5384615384615384
274,2.15508512299328,0.6153846153846154
275,2.2229884582183557,0.5
276,1.914051035932465,0.5769230769230769
277,1.966828075738622,0.5384615384615384
278,1.9594976340610304,0.5
279,1.6746653115894135,0.5769230769230769
280,2.0003673217225693,0.5
281,1.9837988536487405,0.5
282,2.0862509231634827,0.5769230769230769
283,2.092463024213149,0.5
284,1.9829082916982503,0.4230769230769231
285,1.9578613421704665,0.5384615384615384
286,1.660632943723104,0.5
287,1.982914250492128,0.5
288,1.9749122785564712,0.5
289,1.8047623160559128,0.46153846153846156
290,1.9699930484913586,0.6153846153846154
291,1.854547625705305,0.5
292,1.6597518772390218,0.5384615384615384
293,1.7198529947503354,0.46153846153846156
294,1.7016506728360064,0.5384615384615384
295,1.7391320078435142,0.5769230769230769
296,1.762156415062992,0.5
297,1.752982482738566,0.5384615384615384
298,1.7087360509476848,0.5
299,1.7787239923543199,0.5
300,1.7181399120659897,0.5
301,1.661486941402695,0.5
302,1.7926926053567804,0.5
303,1.8993914993373573,0.5769230769230769
304,1.6511894471041444,0.5384615384615384
305,1.6097770548612949,0.5384615384615384
306,1.6362335567226127,0.46153846153846156
307,1.679325648584724,0.5
308,1.431749467749559,0.5384615384615384
309,1.7801811922944117,0.5769230769230769
310,1.5371016757757272,0.5384615384615384
311,1.734270720651714,0.5384615384615384
312,1.5188075482780472,0.5384615384615384
313,1.709883828452404,0.5769230769230769
314,1.5876708286158454,0.5
315,1.9287336098693497,0.5
316,1.822901878203334,0.5384615384615384
317,1.7374686460447715,0.5384615384615384
318,1.8255356753373277,0.46153846153846156
319,1.6725051849698063,0.5384615384615384
320,1.6548803560187642,0.5
321,1.8778242908374971,0.5769230769230769
322,1.8534475708538212,0.5384615384615384
323,1.5630476693151492,0.4230769230769231
324,1.8532143570024524,0.5384615384615384
325,1.7078596462902407,0.5384615384615384
326,1.8308144374257895,0.5384615384615384
327,1.7041741293229928,0.5
328,1.6726285403237653,0.46153846153846156
329,1.60157945622848,0.4230769230769231
330,1.7361321189381271,0.5
331,1.670622540285124,0.5384615384615384
332,1.4143115305071465,0.4230769230769231
333,1.5820858138740177,0.5384615384615384
334,1.5925576701880164,0.46153846153846156
335,1.7269116658648749,0.5384615384615384
336,1.8522596140199323,0.4230769230769231
337,1.9210312355018726,0.5
338,1.683619448708789,0.5769230769230769
339,1.622560718798456,0.5384615384615384
340,1.685691792989458,0.46153846153846156
341,1.3714174109040926,0.46153846153846156
342,1.7379790686786745,0.4230769230769231
343,1.6975873614933519,0.5
344,1.885411693777837,0.46153846153846156
345,1.9277389798588436,0.5769230769230769
346,1.6312492505682719,0.5
347,1.5277607757895546,0.5384615384615384
348,1.6207839656853005,0.46153846153846156
349,1.5761257078527156,0.5
350,1.969534335101379,0.5384615384615384
351,1.6253616477667263,0.5
352,1.6611235409957057,0.5
353,1.5074061333191957,0.46153846153846156
354,1.7888244848529828,0.5384615384615384
355,1.5791517638019539,0.4230769230769231
356,1.3717194357293567,0.5769230769230769
357,1.694964248981351,0.5
358,1.734318950081557,0.46153846153846156
359,1.77775071660702,0.5
360,1.5165214513491825,0.5
361,1.4882259256271395,0.5384615384615384
362,1.5481696461295713,0.5
363,1.51039976844016,0.5
364,1.5421255037103827,0.46153846153846156
365,1.6198745726114998,0.46153846153846156
366,1.6400380155107426,0.46153846153846156
367,1.5479470007745844,0.46153846153846156
368,1.3705874002325897,0.46153846153846156
369,1.4698818407092564,0.34615384615384615
370,1.5849751099167952,0.5384615384615384
371,1.5502769833323862,0.46153846153846156
372,1.4798946124826293,0.46153846153846156
373,1.4860438294619793,0.46153846153846156
374,1.4585120503802118,0.5384615384615384
375,1.6461453782278188,0.46153846153846156
376,1.7785262034825915,0.5769230769230769
377,1.6241546641861904,0.5769230769230769
378,1.5912975916497207,0.5384615384615384
379,1.494759108374683,0.46153846153846156
380,1.4845270721032149,0.5
381,1.596867075664301,0.5
382,1.5679762066708476,0.4230769230769231
383,1.5157133889145347,0.5
384,1.484541530641864,0.46153846153846156
385,1.6195948629281913,0.46153846153846156
386,1.2677731121480167,0.46153846153846156
387,1.3317593689003981,0.4230769230769231
388,1.3428599898733977,0.5
389,1.598002676685118,0.5
390,1.4146282612926007,0.4230769230769231
391,1.1158914243108735,0.4230769230769231
392,1.291981137989302,0.4230769230769231
393,1.4012550594969597,0.46153846153846156
394,1.241536171756288,0.46153846153846156
395,1.4232668432423279,0.4230769230769231
396,1.3521367459413949,0.38461538461538464
397,1.370447642574665,0.4230769230769231
398,1.1439949835986727,0.38461538461538464
399,1.1832380781058012,0.38461538461538464
400,1.1594244078243892,0.4230769230769231
401,1.3511158222305126,0.4230769230769231
402,1.36993253656445,0.46153846153846156
403,1.287582050845981,0.4230769230769231
404,1.2769010970844217,0.34615384615384615
405,1.3358827360481653,0.5
406,1.542909107750801,0.4230769230769231
407,1.1321280561091025,0.38461538461538464
408,1.4088159813198713,0.5
409,1.3092092175483736,0.4230769230769231
410,1.2902409836429678,0.38461538461538464
411,1.2849324554985277,0.38461538461538464
412,1.1120426602082079,0.46153846153846156
413,1.0504789733782454,0.4230769230769231
414,1.409682638071247,0.46153846153846156
415,1.2030698485963685,0.46153846153846156
416,1.3555593692620302,0.38461538461538464
417,1.3029320315961206,0.4230769230769231
418,1.2015650106234261,0.4230769230769231
419,1.263908816643353,0.38461538461538464
420,1.1749969717875608,0.38461538461538464
421,1.4652744182462993,0.38461538461538464
422,1.3134748465594845,0.4230769230769231
423,1.2315983069780163,0.4230769230769231
424,1.28351510418877,0.38461538461538464
425,1.3231080771237917,0.4230769230769231
426,1.5897853122328252,0.34615384615384615
427,1.450868050559559,0.38461538461538464
428,1.3153593308749403,0.38461538461538464
429,1.355274901364298,0.38461538461538464
430,1.3672348896637132,0.46153846153846156
431,1.079976560573831,0.4230769230769231
432,1.3914273535169674,0.4230769230769231
433,1.442974847099126,0.38461538461538464
434,1.191183722824061,0.38461538461538464
435,1.4151731145490896,0.38461538461538464
436,1.3350838527580757,0.4230769230769231
437,1.1618619229084453,0.4230769230769231
438,1.1476277148169638,0.4230769230769231
439,1.4620552827026434,0.46153846153846156
440,1.3702433299422254,0.4230769230769231
441,1.1758797197622295,0.46153846153846156
442,1.1025818999347408,0.34615384615384615
443,1.224752813575964,0.5
444,1.2455689307805922,0.5
445,1.2997159676975953,0.5384615384615384
446,1.222008373035859,0.38461538461538464
447,1.3080413728498543,0.34615384615384615
448,1.5091804414068837,0.34615384615384615
449,1.3141966569422223,0.46153846153846156
450,1.2004382057755367,0.4230769230769231
451,1.1028341661825922,0.4230769230769231
452,1.3569630821664331,0.5
453,1.2876505539049217,0.4230769230769231
454,1.2737439744632262,0.38461538461538464
455,1.5538856708944366,0.46153846153846156
456,1.2648653287513203,0.4230769230769231
457,1.2388447822977362,0.5384615384615384
458,1.0517228358196649,0.4230769230769231
459,1.239514850486185,0.4230769230769231
460,1.4272507300095825,0.38461538461538464
461,1.2025274132326347,0.4230769230769231
462,1.188185347579787,0.38461538461538464
463,1.1308662858569825,0.46153846153846156
464,1.046170970625137,0.5
465,1.3951085760515782,0.46153846153846156
466,1.2760466796599594,0.38461538461538464
467,1.4693586221365404,0.38461538461538464
468,1.246343098123151,0.4230769230769231
469,1.1756228814031862,0.5
470,1.1613973412672758,0.38461538461538464
471,1.0315566949041148,0.4230769230769231
472,1.202675982480427,0.5
473,1.2544072658943242,0.4230769230769231
474,1.1952406776660789,0.4230769230769231
475,1.22213585065609,0.4230769230769231
476,1.1095765858212103,0.4230769230769231
477,1.1262541092024334,0.34615384615384615
478,1.2914487246542015,0.4230769230769231
479,1.03758331013909,0.34615384615384615
480,1.208745808463159,0.5
481,1.1650659175527318,0.5
482,1.1233028115254513,0.46153846153846156
483,1.1613007720744821,0.4230769230769231
484,1.10970054772396,0.5
485,1.146576475311309,0.38461538461538464
486,1.3280642929846134,0.4230769230769231
487,1.2103181167838897,0.4230769230769231
488,1.0914876091200632,0.4230769230769231
489,1.2231583010427005,0.5
490,1.10477829871548,0.46153846153846156
491,1.0839726150677245,0.38461538461538464
492,1.2603624910794236,0.5
493,1.2072443422739978,0.4230769230769231
494,0.8789309553501239,0.46153846153846156
495,1.0208817642608483,0.46153846153846156
496,1.1939401908586222,0.4230769230769231
497,1.0441311317066813,0.38461538461538464
498,1.1744073575787985,0.38461538461538464
499,0.94368196968115,0.4230769230769231
500,1.0267446291960667,0.38461538461538464
501,1.1352767837198126,0.46153846153846156
502,0.9987528453740953,0.46153846153846156
503,1.1032206326386698,0.5
504,1.0738588467696966,0.5
505,1.2239314492668278,0.5
506,0.9373225543914638,0.5
507,0.8762918926994843,0.4230769230769231
508,0.9467229621468174,0.46153846153846156
509,1.1368801860882372,0.4230769230769231
510,0.9171952448635432,0.46153846153846156
511,1.0124513359303116,0.46153846153846156
512,0.8729224958086368,0.4230769230769231
513,1.0748919763404494,0.38461538461538464
514,1.125460735099825,0.4230769230769231
515,1.1646937217009445,0.34615384615384615
516,1.2406961489298443,0.5384615384615384
517,1.12482243269026,0.38461538461538464
518,0.9295286747403235,0.34615384615384615
519,1.2075585697002538,0.4230769230769231
520,0.9429587792026524,0.4230769230769231
521,1.231183090820394,0.4230769230769231
522,1.0950538817715432,0.4230769230769231
523,0.7964167608811983,0.4230769230769231
524,1.016752661888606,0.46153846153846156
525,0.9050971936067618,0.5
526,0.9833346113562671,0.34615384615384615
527,0.8914073060982304,0.38461538461538464
528,1.0859404019081549,0.46153846153846156
529,0.8843500269471858,0.38461538461538464
530,1.196921397999176,0.38461538461538464
531,0.9663336577268371,0.38461538461538464
532,0.9192127877413743,0.38461538461538464
533,1.0126440560332655,0.4230769230769231
534,1.2520157362875093,0.38461538461538464
535,0.9521118679469969,0.38461538461538464
536,0.8342232511888645,0.4230769230769231
537,1.0897852868691356,0.46153846153846156
538,1.0818995730780292,0.46153846153846156
539,0.9480481858248804,0.4230769230769231
540,0.8408491337286286,0.46153846153846156
541,1.0895083585969023,0.4230769230769231
542,0.9530349370991857,0.4230769230769231
543,1.1789573536334694,0.46153846153846156
544,1.0862523519754292,0.5
545,1.0319767665205837,0.4230769230769231
546,0.8248474291311036,0.4230769230769231
547,1.1008510854404272,0.38461538461538464
548,1.011341943781353,0.3076923076923077
549,1.1406822845253024,0.5
550,0.889523044382162,0.4230769230769231
551,0.9939402255162137,0.38461538461538464
552,0.9791694332071965,0.5
553,0.947644557957303,0.46153846153846156
554,0.747069994312489,0.46153846153846156
555,0.8863869733339511,0.4230769230769231
556,0.9914766233467598,0.4230769230769231
557,0.9843493849322118,0.38461538461538464
558,1.0470365284135523,0.46153846153846156
559,0.9950667153478043,0.4230769230769231
560,0.9686183391779677,0.4230769230769231
561,1.2450146401136806,0.38461538461538464
562,0.9266671733813197,0.4230769230769231
563,1.0925614417120988,0.46153846153846156
564,0.8926559321083842,0.46153846153846156
565,0.9373656877037155,0.4230769230769231
566,0.801726224708875,0.4230769230769231
567,1.0021544966068372,0.38461538461538464
568,0.9429804059865867,0.46153846153846156
569,0.7683683351112798,0.4230769230769231
570,0.9157732843216131,0.38461538461538464
571,0.9000033009491963,0.34615384615384615
572,1.1486863766917301,0.46153846153846156
573,1.0825591707421838,0.38461538461538464
574,0.9624127494023098,0.46153846153846156
575,1.0196727558044592,0.4230769230769231
576,0.7257834570770001,0.38461538461538464
577,0.8198808997541147,0.38461538461538464
578,0.7943860191398779,0.38461538461538464
579,1.214416609830951,0.46153846153846156
580,0.9837870464800509,0.4230769230769231
581,1.0232617649152653,0.34615384615384615
582,0.8422486825039557,0.4230769230769231
583,0.9386209057998989,0.4230769230769231
584,1.062423187209417,0.38461538461538464
585,0.9718796359876212,0.38461538461538464
586,0.935483980361425,0.5
587,0.7911673995382089,0.5
588,0.9931507015907006,0.46153846153846156
589,0.9013234643905648,0.46153846153846156
590,0.9308169753160449,0.38461538461538464
591,0.8892002798592742,0.34615384615384615
592,1.076456866699525,0.46153846153846156
593,0.8926784543948947,0.4230769230769231
594,0.82090819536824,0.4230769230769231
595,0.8505325440968936,0.46153846153846156
596,1.0474296064447788,0.4230769230769231
597,0.9445863039753699,0.38461538461538464
598,0.9139404640495372,0.4230769230769231
599,0.800758024745384,0.4230769230769231
600,1.0100490466157106,0.46153846153846156
601,0.9839865807423402,0.4230769230769231
602,0.9244507960725188,0.4230769230769231
603,0.9302308923798259,0.34615384615384615
604,1.0136220619480172,0.38461538461538464
605,1.0453621817471968,0.46153846153846156
606,1.0023947935110185,0.4230769230769231
607,1.0826646242713136,0.38461538461538464
608,0.8750305596835368,0.4230769230769231
609,0.9363241670481313,0.46153846153846156
610,1.2703186736183958,0.3076923076923077
611,1.031050292239208,0.4230769230769231
612,0.8753478016825302,0.38461538461538464
613,1.0836777337192027,0.4230769230769231
614,1.0256285934530904,0.4230769230769231
615,0.8923307062753345,0.46153846153846156
616,0.95617943701984,0.46153846153846156
617,1.0644409672934176,0.46153846153846156
618,1.1482188985992405,0.34615384615384615
619,1.0109686766506565,0.38461538461538464
620,0.8423518965169454,0.38461538461538464
621,1.1729068318661582,0.38461538461538464
622,0.9583040945624295,0.4230769230769231
623,0.9205009798842583,0.3076923076923077
624,0.767273924021342,0.34615384615384615
625,1.2017172702816816,0.4230769230769231
626,1.1447931429264198,0.38461538461538464
627,0.998454191708358,0.4230769230769231
628,0.9835684188543476,0.34615384615384615
629,0.8220175232830278,0.4230769230769231
630,0.7730701203222168,0.46153846153846156
631,0.7749546900597308,0.38461538461538464
632,0.7179363086925101,0.46153846153846156
633,1.1276948251468903,0.34615384615384615
634,0.9430840453304654,0.46153846153846156
635,0.956076838783668,0.3076923076923077
636,0.8098878881241209,0.34615384615384615
637,1.2856669993187158,0.46153846153846156
638,0.7878419504887515,0.38461538461538464
639,0.9994614715182442,0.46153846153846156
640,0.8549356259835559,0.46153846153846156
641,0.8478767800909559,0.34615384615384615
642,0.7742778860303376,0.4230769230769231
643,0.8595642275128594,0.38461538461538464
644,0.832766464882833,0.34615384615384615
645,0.8500100975234126,0.4230769230769231
646,0.784063046736827,0.5
647,0.6754654189293068,0.38461538461538464
648,0.8677183527128669,0.5
649,0.8150055531358054,0.46153846153846156
650,0.8218104485382649,0.38461538461538464
651,0.8130630185864496,0.46153846153846156
652,0.5065512982268539,0.34615384615384615
653,0.7305866237124872,0.46153846153846156
654,0.7088684475954343,0.5
655,0.6839700307827927,0.4230769230769231
656,0.6880706633973466,0.38461538461538464
657,0.8315054270833153,0.4230769230769231
658,0.7860276017387666,0.46153846153846156
659,0.6751655461652293,0.38461538461538464
660,0.6649046724746244,0.5
661,0.7180494571024449,0.46153846153846156
662,0.6970631855319782,0.34615384615384615
663,0.9337928112308431,0.46153846153846156
664,1.052173452181072,0.4230769230769231
665,0.8522901600890309,0.38461538461538464
666,0.8478848657657791,0.38461538461538464
667,0.8163124979973682,0.38461538461538464
668,0.8741907783329808,0.46153846153846156
669,0.7300484732431025,0.4230769230769231
670,0.9009447899280485,0.4230769230769231
671,0.6466496305310048,0.4230769230769231
672,0.8737687277897546,0.46153846153846156
673,0.6986062506602702,0.38461538461538464
674,0.796569737975259,0.46153846153846156
675,0.6721098186245182,0.34615384615384615
676,0.7381499900922415,0.46153846153846156
677,1.0597795641193315,0.46153846153846156
678,0.7420923975593272,0.46153846153846156
679,1.005819593100426,0.46153846153846156
680,0.7128376127476472,0.4230769230769231
681,0.8605038090164219,0.46153846153846156
682,0.676727790960336,0.4230769230769231
683,0.7742371859104802,0.4230769230769231
684,0.797307752922837,0.38461538461538464
685,0.7982278048207276,0.4230769230769231
686,0.8020520354020935,0.5
687,0.7138977176160322,0.4230769230769231
688,0.7844677338059238,0.4230769230769231
689,0.9069342981810062,0.38461538461538464
690,1.0094894046531726,0.34615384615384615
691,0.743950979060477,0.34615384615384615
692,0.7486766863663608,0.4230769230769231
693,0.7312267745518444,0.46153846153846156
694,0.8224789971200135,0.46153846153846156
695,0.7947551592634905,0.4230769230769231
696,0.9820535811786568,0.46153846153846156
697,0.8187250118333296,0.4230769230769231
698,0.8655342966083666,0.4230769230769231
699,0.7950166899480333,0.38461538461538464
700,0.7012862809774014,0.5
701,0.6220977307753257,0.46153846153846156
702,0.8335696427644628,0.38461538461538464
703,0.6974828887366553,0.38461538461538464
704,0.6147901281913821,0.46153846153846156
705,0.7211760328952548,0.4230769230769231
706,0.8090044460792143,0.4230769230769231
707,0.6341079487881953,0.38461538461538464
708,0.7188080643414914,0.34615384615384615
709,0.6992434801759946,0.38461538461538464
710,0.6794363495551212,0.5
711,0.657584979451626,0.4230769230769231
712,0.8349626935319452,0.46153846153846156
713,0.8794087409286826,0.4230769230769231
714,0.7634715858693788,0.4230769230769231
715,0.8825443085274456,0.4230769230769231
716,1.0133617109852886,0.46153846153846156
717,0.543542525274443,0.38461538461538464
718,0.8164714515244178,0.38461538461538464
719,0.7012675260326686,0.34615384615384615
720,0.572547385441462,0.4230769230769231
721,0.769343573819393,0.4230769230769231
722,0.8109119987286557,0.38461538461538464
723,0.5378472543931672,0.46153846153846156
724,0.7518668895842695,0.34615384615384615
725,0.7241301986218884,0.38461538461538464
726,0.8112340064229635,0.4230769230769231
727,0.74699430361613,0.4230769230769231
728,0.540681905149579,0.4230769230769231
729,0.8870288335157936,0.38461538461538464
730,0.5328970856950668,0.4230769230769231
731,0.8237718589552832,0.46153846153846156
732,0.7838383644231071,0.4230769230769231
733,0.6852845699864916,0.4230769230769231
734,0.8647049475173874,0.46153846153846156
735,0.9147787335012882,0.5
736,0.800997053765653,0.5384615384615384
737,0.888466049813172,0.34615384615384615
738,0.9967742368199906,0.38461538461538464
739,0.6165849627697573,0.38461538461538464
740,0.742556332248081,0.34615384615384615
741,0.8856910787037178,0.4230769230769231
742,0.8154189098187301,0.34615384615384615
743,0.7555923837641947,0.4230769230769231
744,0.741775705321361,0.38461538461538464
745,0.6534781919919999,0.34615384615384615
746,0.6906025394437085,0.4230769230769231
747,0.621820955335012,0.5
748,0.6857379264504138,0.34615384615384615
749,0.6865770763886649,0.4230769230769231
750,0.9542404619859814,0.4230769230769231
751,0.6877306445789082,0.4230769230769231
752,0.7956537033237243,0.4230769230769231
753,0.7221839239956469,0.46153846153846156
754,0.6819606649297971,0.46153846153846156
755,0.8350086482411663,0.34615384615384615
756,0.7162265096140592,0.38461538461538464
757,0.719847896894632,0.38461538461538464
758,0.6958801757243398,0.3076923076923077
759,0.7391668768739921,0.38461538461538464
760,0.6928044769583477,0.38461538461538464
761,0.7395078923968463,0.3076923076923077
762,0.601722248921972,0.4230769230769231
763,0.7478104681903726,0.38461538461538464
764,0.675633781741241,0.4230769230769231
765,0.5983888619324831,0.4230769230769231
766,0.7319453323516809,0.46153846153846156
767,0.6969657309754442,0.38461538461538464
768,0.5618080411566186,0.3076923076923077
769,0.6125993396002181,0.38461538461538464
770,0.7079822038963464,0.3076923076923077
771,0.6580041048799625,0.4230769230769231
772,0.9103653582526579,0.4230769230769231
773,0.5915613483186672,0.38461538461538464
774,0.7357624813488659,0.38461538461538464
775,0.6267888047730672,0.34615384615384615
776,0.5111637493276877,0.38461538461538464
777,0.8260423391018614,0.4230769230769231
778,0.724832704087585,0.38461538461538464
779,0.6317783552127585,0.46153846153846156
780,0.6787596728132157,0.34615384615384615
781,0.7613394305772432,0.38461538461538464
782,0.7185943139876554,0.38461538461538464
783,0.5919275065350655,0.4230769230769231
784,0.6048904229867818,0.5
785,0.6483973083920564,0.46153846153846156
786,0.643094202940834,0.38461538461538464
787,0.6241249790658077,0.4230769230769231
788,0.6702316524840244,0.4230769230769231
789,0.6326341229091268,0.38461538461538464
790,0.5574718509953005,0.46153846153846156
791,0.7626272486176164,0.4230769230769231
792,0.6012247004975677,0.34615384615384615
793,0.7196609601655997,0.34615384615384615
794,0.5561651880121667,0.5
795,0.6250132787540665,0.38461538461538464
796,0.8338092944948094,0.4230769230769231
797,0.6907634246785315,0.4230769230769231
798,0.5830480798462139,0.4230769230769231
799,0.4047245841683571,0.46153846153846156
800,0.38080813023279525,0.46153846153846156
801,0.6761426558350125,0.38461538461538464
802,0.5617990026162207,0.34615384615384615
803,0.616384769734323,0.38461538461538464
804,0.7185649919222188,0.34615384615384615
805,0.686454953785173,0.38461538461538464
806,0.5333404893231255,0.38461538461538464
807,0.7015088139418983,0.38461538461538464
808,0.6339924948996183,0.38461538461538464
809,0.5302816290389489,0.38461538461538464
810,0.4997595107110251,0.2692307692307692
811,0.557498979204984,0.46153846153846156
812,0.5793582753220323,0.38461538461538464
813,0.43668877089179414,0.46153846153846156
814,0.5571797526360966,0.34615384615384615
815,0.5378710828408217,0.4230769230769231
816,0.5798870191090382,0.4230769230769231
817,0.5618185267878304,0.4230769230769231
818,0.6151895882369272,0.38461538461538464
819,0.6817252932911959,0.38461538461538464
820,0.5635298364335379,0.34615384615384615
821,0.5853769607298758,0.38461538461538464
822,0.6104458869416165,0.4230769230769231
823,0.638363457099175,0.4230769230769231
824,0.6470166848420154,0.38461538461538464
825,0.5949293090815333,0.34615384615384615
826,0.599323677059497,0.38461538461538464
827,0.5657523275033713,0.4230769230769231
828,0.5673281159788388,0.38461538461538464
829,0.557805829678828,0.3076923076923077
830,0.7050935913965262,0.4230769230769231
831,0.4937474018887875,0.4230769230769231
832,0.5227768280185585,0.4230769230769231
833,0.43450346576924526,0.46153846153846156
834,0.636324400976493,0.34615384615384615
835,0.5732240302840781,0.4230769230769231
836,0.40093436943249383,0.38461538461538464
837,0.623250275665745,0.34615384615384615
838,0.48744782429792366,0.4230769230769231
839,0.6030622718954963,0.4230769230769231
840,0.6538976478110823,0.34615384615384615
841,0.548088074079486,0.46153846153846156
842,0.728447204023515,0.38461538461538464
843,0.5649375650796826,0.4230769230769231
844,0.6002618527040169,0.3076923076923077
845,0.5683289670415173,0.38461538461538464
846,0.5602400883430092,0.4230769230769231
847,0.5146387170264393,0.46153846153846156
848,0.584807752538131,0.46153846153846156
849,0.7692493243092411,0.4230769230769231
850,0.6053054888486082,0.46153846153846156
851,0.6510364589730933,0.3076923076923077
852,0.5503095429615876,0.46153846153846156
853,0.5766131588940837,0.38461538461538464
854,0.6453160836067773,0.34615384615384615
855,0.47130152705707706,0.38461538461538464
856,0.6438317174921955,0.4230769230769231
857,0.6453854909642978,0.38461538461538464
858,0.49454904737136696,0.46153846153846156
859,0.503354787908016,0.3076923076923077
860,0.6460062277153402,0.2692307692307692
861,0.5097290859910606,0.5
862,0.4714432069407528,0.38461538461538464
863,0.55072783444996,0.38461538461538464
864,0.5348237636374242,0.4230769230769231
865,0.5107340795873321,0.34615384615384615
866,0.5995362518893361,0.3076923076923077
867,0.6260093703258556,0.46153846153846156
868,0.5357702769267481,0.3076923076923077
869,0.6224487220826496,0.38461538461538464
870,0.5217552791682354,0.34615384615384615
871,0.5370208959594458,0.34615384615384615
872,0.6078192676848553,0.34615384615384615
873,0.38707041787696683,0.3076923076923077
874,0.4547146390123107,0.38461538461538464
875,0.7253453670595325,0.34615384615384615
876,0.6431591409144288,0.2692307692307692
877,0.6692101679659772,0.3076923076923077
878,0.5656453843884779,0.4230769230769231
879,0.7395392644505598,0.34615384615384615
880,0.6518318284513507,0.3076923076923077
881,0.5373437273003296,0.38461538461538464
882,0.4242849927421273,0.3076923076923077
883,0.5074059276242049,0.4230769230769231
884,0.5890026661717425,0.46153846153846156
885,0.44796844232442856,0.38461538461538464
886,0.5673138967358176,0.38461538461538464
887,0.48785108407260847,0.3076923076923077
888,0.5772125237321593,0.46153846153846156
889,0.37133380668929217,0.4230769230769231
890,0.4642135174454656,0.34615384615384615
891,0.49188801307083807,0.34615384615384615
892,0.5351536794913332,0.38461538461538464
893,0.4145906005088058,0.4230769230769231
894,0.4786221957854666,0.38461538461538464
895,0.42790044824316675,0.34615384615384615
896,0.4531159564607008,0.46153846153846156
897,0.5925505448843884,0.38461538461538464
898,0.5013635978225919,0.4230769230769231
899,0.5316177638851429,0.38461538461538464
900,0.42727543898111797,0.34615384615384615
901,0.5822597532415221,0.38461538461538464
902,0.6017206292584198,0.38461538461538464
903,0.48989504402012596,0.38461538461538464
904,0.5958683142176091,0.34615384615384615
905,0.5054288131376437,0.4230769230769231
906,0.5778811344494805,0.4230769230769231
907,0.5430545314294748,0.2692307692307692
908,0.661837616064255,0.34615384615384615
909,0.7401023027949662,0.34615384615384615
910,0.43107823705192816,0.38461538461538464
911,0.4233624675877099,0.4230769230769231
912,0.5860213592260388,0.38461538461538464
913,0.6927703699170213,0.4230769230769231
914,0.7260115160815559,0.4230769230769231
915,0.36697467446666465,0.4230769230769231
916,0.5735453756854088,0.38461538461538464
917,0.48992781065376745,0.34615384615384615
918,0.58620543539825,0.4230769230769231
919,0.7322621985941646,0.3076923076923077
920,0.6141904739142907,0.3076923076923077
921,0.7199378562914962,0.4230769230769231
922,0.6272997750610623,0.46153846153846156
923,0.6719341997016928,0.4230769230769231
924,0.7845802751460416,0.4230769230769231
925,0.44376199402948924,0.34615384615384615
926,0.44463057843616705,0.34615384615384615
927,0.43446194738843236,0.4230769230769231
928,0.5716931928960753,0.38461538461538464
929,0.5744465071863538,0.38461538461538464
930,0.48955104925673165,0.38461538461538464
931,0.6757858561770789,0.46153846153846156
932,0.5322775735451097,0.38461538461538464
933,0.49646699329055144,0.38461538461538464
934,0.5206925288544326,0.34615384615384615
935,0.44105603567586105,0.46153846153846156
936,0.5145482219950863,0.4230769230769231
937,0.49402507541518936,0.4230769230769231
938,0.45056036621383644,0.4230769230769231
939,0.5725698500038003,0.3076923076923077
940,0.4194275796718454,0.4230769230769231
941,0.6879269886483046,0.34615384615384615
942,0.46618591058060055,0.34615384615384615
943,0.44918475446961903,0.46153846153846156
944,0.4702643051433393,0.34615384615384615
945,0.4957450467345077,0.4230769230769231
946,0.38256634793913236,0.4230769230769231
947,0.43701312242140755,0.3076923076923077
948,0.46344683307121226,0.38461538461538464
949,0.49672866411132555,0.34615384615384615
950,0.4487556641389525,0.38461538461538464
951,0.6994594187327756,0.46153846153846156
952,0.44020910871341323,0.4230769230769231
953,0.4959593775117299,0.2692307692307692
954,0.45361377221314747,0.38461538461538464
955,0.3002802665694375,0.38461538461538464
956,0.45421779876059665,0.38461538461538464
957,0.5213395362060718,0.46153846153846156
958,0.5240550463081388,0.34615384615384615
959,0.5121267593574301,0.38461538461538464
960,0.46393588093093596,0.34615384615384615
961,0.3396701198502394,0.38461538461538464
962,0.5019297198641834,0.34615384615384615
963,0.3133432077164855,0.34615384615384615
964,0.4393711158152156,0.4230769230769231
965,0.41423450769696,0.34615384615384615
966,0.42587328611161634,0.34615384615384615
967,0.6419096869451262,0.3076923076923077
968,0.4418999136741255,0.38461538461538464
969,0.5934726619192556,0.38461538461538464
970,0.5335592725114133,0.38461538461538464
971,0.5741865900723151,0.38461538461538464
972,0.39131030046159454,0.34615384615384615
973,0.466046796252908,0.4230769230769231
974,0.5023239123908216,0.3076923076923077
975,0.4045412937541948,0.2692307692307692
976,0.4275897554131678,0.3076923076923077
977,0.40126286791561494,0.38461538461538464
978,0.3113696900755607,0.4230769230769231
979,0.4673319615864324,0.3076923076923077
980,0.4660192161376089,0.38461538461538464
981,0.29986308895154457,0.46153846153846156
982,0.30036174779087643,0.38461538461538464
983,0.45897633414633265,0.4230769230769231
984,0.3047259708729322,0.2692307692307692
985,0.38417225344890804,0.46153846153846156
986,0.4597575737694086,0.34615384615384615
987,0.3503866041976602,0.34615384615384615
988,0.43026927970483264,0.34615384615384615
989,0.44597448273237683,0.34615384615384615
990,0.33908710940556164,0.4230769230769231
991,0.5548123153540918,0.4230769230769231
992,0.4239058746744777,0.3076923076923077
993,0.5697514270783066,0.38461538461538464
994,0.49938128889578204,0.4230769230769231
995,0.42566278129867197,0.38461538461538464
996,0.3422895616920929,0.38461538461538464
997,0.4210039659380298,0.3076923076923077
998,0.45271311547514115,0.3076923076923077
999,0.5454300833021657,0.38461538461538464
1000,0.2929605801966306,0.3076923076923077
1001,0.2871286458257827,0.38461538461538464
1002,2.5660861034116333,0.6538461538461539
1003,1.0199651939849617,0.34615384615384615
1004,1.1086527869492833,0.46153846153846156
1005,1.026992668348965,0.46153846153846156
1006,0.8707857283517093,0.34615384615384615
1007,0.3539113221372361,0.34615384615384615
1008,0.7329051208480402,0.4230769230769231
1009,0.46950445907360105,0.3076923076923077
1010,0.35034846944028963,0.38461538461538464
1011,0.3356263465573259,0.4230769230769231
1012,1.0710288703033426,0.38461538461538464
1013,0.5051203965987754,0.46153846153846156
1014,1.5985929202399078,0.46153846153846156
1015,1.7068179195775475,0.46153846153846156
1016,4.706442867998239,0.9615384615384616
1017,0.5328564946689025,0.4230769230769231
1018,1.4905786853704641,0.38461538461538464
1019,3.347342588945102,0.5384615384615384
1020,0.5583203388033198,0.34615384615384615
1021,0.5213245697046109,0.34615384615384615
1022,0.7074560853729266,0.38461538461538464
1023,1.3339844443238698,0.5
1024,1.509102477716973,0.46153846153846156
1025,0.6951919965897106,0.34615384615384615
1026,0.8474120099828575,0.38461538461538464
1027,1.2850088653940515,0.4230769230769231
1028,1.8108664839607518,0.38461538461538464
1029,0.633422339858075,0.38461538461538464
1030,3.9478681383046657,0.8076923076923077
1031,0.9045102688629532,0.3076923076923077
1032,1.0266404753114198,0.46153846153846156
1033,1.0303412946935049,0.46153846153846156
1034,0.7134989048168734,0.4230769230769231
1035,0.9480897717456371,0.4230769230769231
1036,4.73564059952344,0.7307692307692307
1037,3.668868062468622,0.6538461538461539
1038,1.2475247343722362,0.4230769230769231
1039,3.9809834192101943,0.8076923076923077
1040,4.593466010142065,0.9615384615384616
1041,3.327866494996504,0.6153846153846154
1042,4.028680801375131,0.6538461538461539
1043,1.616403404811881,0.46153846153846156
1044,4.091067300957723,0.8461538461538461
1045,1.7789626070071647,0.4230769230769231
1046,1.4392174213324271,0.4230769230769231
1047,2.9292818581709135,0.5384615384615384
1048,2.1790389170917184,0.5
1049,4.5803168557843925,0.7692307692307693
1050,4.387242267678003,0.8461538461538461
1051,3.9060508192673784,0.6538461538461539
1052,1.391954516090618,0.46153846153846156
1053,3.039291029983997,0.5
1054,1.7532254327721453,0.38461538461538464
1055,2.9872601530907943,0.6538461538461539
1056,4.2705988260898415,0.6538461538461539
1057,1.3933951421870376,0.46153846153846156
1058,2.7036183878227797,0.46153846153846156
1059,4.9311425082037355,0.7692307692307693
1060,1.2022907346653546,0.4230769230769231
1061,1.2750590183783719,0.46153846153846156
1062,4.297017811978426,0.8076923076923077
1063,4.619771774941624,0.9615384615384616
1064,1.347891934191295,0.4230769230769231
1065,1.3878467012247724,0.46153846153846156
1066,2.129111167729046,0.5384615384615384
1067,2.852668935223872,0.5384615384615384
1068,1.6554710363254839,0.46153846153846156
1069,2.717985557477287,0.5
1070,2.6908609751730235,0.5769230769230769
1071,1.7757496620731819,0.5384615384615384
1072,2.5352596360611264,0.6923076923076923
1073,3.093473103581929,0.6923076923076923
1074,4.595709084941383,0.9230769230769231
1075,3.660251537642302,0.7692307692307693
1076,2.8559254902956583,0.7307692307692307
1077,3.042687215940959,0.7307692307692307
1078,4.494368682052497,0.8846153846153846
1079,3.103586028755819,0.7692307692307693
1080,1.858470877754534,0.5769230769230769
1081,2.526337159430573,0.5769230769230769
1082,2.2940168547580377,0.5769230769230769
1083,2.9217836303780365,0.8076923076923077
1084,1.9693422840134087,0.5384615384615384
1085,4.523860863766837,0.9230769230769231
1086,1.8370222319933593,0.5384615384615384
1087,2.3527040118113725,0.6153846153846154
1088,3.584807427734174,0.6923076923076923
1089,4.671659693112635,1.0
1090,1.978392624552696,0.4230769230769231
1091,4.264892671756628,0.9615384615384616
1092,4.542392774069775,0.9615384615384616
1093,4.168608830480831,0.5769230769230769
1094,3.2243285532124273,0.8461538461538461
1095,4.064351416829014,0.9230769230769231
1096,2.8436070380719016,0.7692307692307693
1097,1.999523739551636,0.5769230769230769
1098,3.4329378478548795,0.7307692307692307
1099,4.562882250519087,0.8461538461538461
1100,4.56742491008243,0.8076923076923077
1101,5.370752773473522,0.8461538461538461
1102,1.5758388534111492,0.5769230769230769
1103,1.972110129807953,0.5384615384615384
1104,3.510167836039033,0.6538461538461539
1105,3.277172187513106,0.7307692307692307
1106,3.945532817044109,0.9230769230769231
1107,3.857541694551751,0.5384615384615384
1108,2.9787946566243746,0.6923076923076923
1109,2.2686721241528933,0.5384615384615384
1110,4.447124229947269,0.7692307692307693
1111,4.545312246324736,0.6923076923076923
1112,2.407712431087772,0.6153846153846154
1113,4.791247472571091,0.9230769230769231
1114,3.0213912810139263,0.5769230769230769
1115,4.959901686973607,0.8461538461538461
1116,4.475167583897765,0.8461538461538461
1117,2.241233936471007,0.5
1118,3.3763957183089697,0.6538461538461539
1119,2.0756502562855985,0.5384615384615384
1120,4.954298373905689,1.0
1121,2.602225321329583,0.6153846153846154
1122,4.253934643189671,0.6153846153846154
1123,3.714429586752162,0.8076923076923077
1124,5.8878059496439645,0.9615384615384616
1125,4.673117126981088,0.8846153846153846
1126,5.524731989788739,0.8846153846153846
1127,1.8971628353071568,0.5384615384615384
1128,1.7483009363647994,0.46153846153846156
1129,1.7301281967154427,0.46153846153846156
1130,2.120594716397053,0.6153846153846154
1131,2.3742572366951538,0.6538461538461539
1132,2.511876116886805,0.6153846153846154
1133,1.9499772722438078,0.5384615384615384
1134,3.4338249110801877,0.6538461538461539
1135,2.491958704476976,0.5769230769230769
1136,3.5032557667797346,0.6923076923076923
1137,2.449449123756734,0.46153846153846156
1138,2.6231429900425622,0.5
1139,4.193440759432131,0.8076923076923077
1140,2.6211470624983653,0.5384615384615384
1141,4.084528036632581,0.7307692307692307
1142,4.264566856650916,0.8846153846153846
1143,4.250023551029159,0.8076923076923077
1144,1.9306207712187724,0.5384615384615384
1145,2.268989413961371,0.5384615384615384
1146,4.435273395510376,0.8846153846153846
1147,3.8707982099157845,0.5384615384615384
1148,2.1447421983038124,0.5
1149,3.054117209308977,0.5769230769230769
1150,5.290895333930967,0.8076923076923077
1151,3.212293848047346,0.6538461538461539
1152,2.375918328549865,0.5
1153,2.1700309669290374,0.5
1154,2.2553255309132663,0.5769230769230769
1155,3.4392955752596137,0.6153846153846154
1156,4.137375702865774,0.6538461538461539
1157,3.107568146438308,0.7307692307692307
1158,2.360197184557163,0.5769230769230769
1159,3.0416016674671194,0.5384615384615384
1160,3.80486259924304,0.7307692307692307
1161,3.02153510778275,0.5
1162,2.648588237985406,0.5769230769230769
1163,2.9703266556158354,0.6153846153846154
1164,3.4178396818485663,0.8461538461538461
1165,3.296115430259726,0.6923076923076923
1166,2.839029387434496,0.6153846153846154
1167,4.171037810157059,0.8076923076923077
1168,3.248141021770568,0.6153846153846154
1169,4.4572680194030045,0.8076923076923077
1170,2.57187245727474,0.5769230769230769
1171,2.8097877067192836,0.6538461538461539
1172,3.482382387605165,0.7692307692307693
1173,5.376006916571081,0.8461538461538461
1174,3.0889868964989096,0.6153846153846154
1175,4.173551741224294,0.8076923076923077
1176,5.626733009766729,0.8461538461538461
1177,2.6078772540682493,0.6538461538461539
1178,4.337436138178341,0.7692307692307693
1179,3.5963440395134034,0.6923076923076923
1180,2.7965091797823938,0.6153846153846154
1181,6.3634419420572685,0.8461538461538461
1182,3.533455805868816,0.6923076923076923
1183,3.283283421695125,0.8846153846153846
1184,2.789224940943749,0.5769230769230769
1185,2.903300963096094,0.5384615384615384
1186,3.3984924614894023,0.7307692307692307
1187,3.460951312594643,0.6153846153846154
1188,2.915887057926628,0.5769230769230769
1189,4.219834096773099,0.7692307692307693
1190,4.647032451994365,0.6153846153846154
1191,5.11294361334291,0.9230769230769231
1192,4.441900582001921,0.6538461538461539
1193,3.544826985882568,0.7307692307692307
1194,3.4407286690732484,0.6923076923076923
1195,2.7202022691275793,0.7692307692307693
1196,3.766915839715283,0.8076923076923077
1197,4.432364049046679,0.6923076923076923
1198,3.3705134897926925,0.8076923076923077
1199,3.1800229032137497,0.7692307692307693
1200,3.1161427899490937,0.6538461538461539
1201,3.149585508673712,0.7307692307692307
1202,4.236579582302533,0.9230769230769231
1203,2.9375032192043697,0.6538461538461539
1204,4.186192644237476,0.6538461538461539
1205,2.920763228325022,0.6538461538461539
1206,3.4095968939165564,0.6923076923076923
1207,3.450001514900989,0.7307692307692307
1208,2.7299694509033587,0.6153846153846154
1209,3.270432583787129,0.7307692307692307
1210,3.280876881881455,0.7692307692307693
1211,3.43656614935501,0.7307692307692307
1212,4.162563267754401,0.8461538461538461
1213,3.13109586248746,0.5769230769230769
1214,3.084719587945849,0.7692307692307693
1215,2.898994659745264,0.6923076923076923
1216,2.745134580149281,0.6923076923076923
1217,2.93974531197244,0.7692307692307693
1218,3.228227970608537,0.7307692307692307
1219,3.556682568488546,0.7692307692307693
1220,2.9682589363886773,0.7307692307692307
1221,2.641903419403549,0.6923076923076923
1222,3.1647051704499463,0.6923076923076923
1223,2.9379059318068625,0.6923076923076923
1224,2.3104253873960108,0.6153846153846154
1225,2.7877373561479866,0.7307692307692307
1226,2.6232901899217627,0.7307692307692307
1227,2.7943283195256394,0.7692307692307693
1228,2.4505943901111022,0.6538461538461539
1229,2.824726542757666,0.6923076923076923
1230,2.7304564781183096,0.7307692307692307
1231,2.5726373094729684,0.6153846153846154
1232,3.2557751800440684,0.6923076923076923
1233,2.3170126852704,0.6153846153846154
1234,2.7705975014702995,0.8076923076923077
1235,2.229531435577025,0.6153846153846154
1236,5.03394383233395,0.7692307692307693
1237,2.547647537955731,0.7307692307692307
1238,2.7403848695654194,0.6923076923076923
1239,4.2660677499223905,0.9230769230769231
1240,3.5165117037847753,0.7692307692307693
1241,2.7368512862383465,0.6923076923076923
1242,3.135268371147817,0.7307692307692307
1243,2.664207794243562,0.6538461538461539
1244,2.7349571693594044,0.6923076923076923
1245,3.3274333965374905,0.8076923076923077
1246,3.165142651953963,0.8461538461538461
1247,3.110398723378834,0.8076923076923077
1248,2.72324605584253,0.7692307692307693
1249,2.9581622179574296,0.6538461538461539
1250,3.161097803635763,0.7307692307692307
1251,2.531857191047668,0.7307692307692307
1252,2.5166907573240724,0.8076923076923077
1253,3.535684496812114,0.6923076923076923
1254,6.819873390826838,0.6153846153846154
1255,2.1811678012015414,0.7307692307692307
1256,3.700279968107053,0.8076923076923077
1257,3.4685013627834174,0.7307692307692307
1258,6.057468771116046,0.9230769230769231
1259,3.1722788741194554,0.6538461538461539
1260,4.133819695025954,0.8461538461538461
1261,4.336318352385483,0.7692307692307693
1262,2.2114863019286775,0.7692307692307693
1263,2.4453934742783403,0.7307692307692307
1264,2.96192888910344,0.6153846153846154
1265,3.7634181428460427,0.8076923076923077
1266,3.246022933785218,0.7307692307692307
1267,3.6119989156354024,0.7692307692307693
1268,2.471476076647086,0.7692307692307693
1269,3.3390458647711005,0.7307692307692307
1270,2.3505843596218767,0.6923076923076923
1271,2.275964086184842,0.7692307692307693
1272,2.875870783409084,0.8076923076923077
1273,2.9456035283250093,0.6538461538461539
1274,3.21943124045703,0.7307692307692307
1275,2.396042510115871,0.7307692307692307
1276,2.4207136439675185,0.6923076923076923
1277,2.1752451745811245,0.7692307692307693
1278,2.847236417047907,0.7692307692307693
1279,3.4835414690547735,0.7692307692307693
1280,3.891125697479931,0.7692307692307693
1281,2.549852789562487,0.8461538461538461
1282,3.0281538291647547,0.8076923076923077
1283,2.4677348098777876,0.7692307692307693
1284,2.578460902853586,0.8461538461538461
1285,5.085647788313597,0.9230769230769231
1286,3.200399517879685,0.8076923076923077
1287,3.6095008185573274,0.8846153846153846
1288,3.471323491566365,0.8076923076923077
1289,3.669560685615158,0.8076923076923077
1290,2.9331917900701523,0.8461538461538461
1291,2.87050875690146,0.5769230769230769
1292,2.2647309437035616,0.8076923076923077
1293,3.0025056238359076,0.7692307692307693
1294,2.2319839800772967,0.7692307692307693
1295,2.1009162294999455,0.7692307692307693
1296,2.9716124283552356,0.8461538461538461
1297,2.560640469865893,0.8076923076923077
1298,3.9998294160344736,0.8461538461538461
1299,2.3709452275032223,0.7307692307692307
1300,3.0069470393076143,0.6923076923076923
1301,3.700790417255556,0.6923076923076923
1302,2.794225875016861,0.6923076923076923
1303,5.891963831184304,0.9230769230769231
1304,2.9949398468606243,0.8076923076923077
1305,3.738644675205783,0.6923076923076923
1306,3.585191945130649,0.7307692307692307
1307,2.454673624613016,0.6538461538461539
1308,2.4984057817956016,0.5769230769230769
1309,4.249543772407827,0.8461538461538461
1310,3.4878396872857453,0.7692307692307693
1311,2.45649602313266,0.6923076923076923
1312,3.034458180555445,0.6538461538461539
1313,2.4875319964606604,0.6923076923076923
1314,4.188801913594935,0.8076923076923077
1315,2.234674123165227,0.7307692307692307
1316,4.093303715427437,0.8076923076923077
1317,2.67811468934589,0.6538461538461539
1318,3.145839261002336,0.7692307692307693
1319,3.989756198247299,0.8461538461538461
1320,2.8225291610892738,0.8076923076923077
1321,3.4376982840357604,0.8076923076923077
1322,4.427158198449118,0.7692307692307693
1323,2.864658283916373,0.7307692307692307
1324,4.485556002370722,1.0
1325,2.2708773901993062,0.6153846153846154
1326,4.1343402325156555,0.7307692307692307
1327,3.2284299749285728,0.7307692307692307
1328,2.5097698445404033,0.6923076923076923
1329,4.39899949956691,0.9230769230769231
1330,6.062607831857988,0.8461538461538461
1331,2.8818767024424683,0.8076923076923077
1332,3.048729846469791,0.7692307692307693
1333,5.7376981267824,1.0
1334,3.2514990627989047,0.7692307692307693
1335,3.707099376229874,0.8461538461538461
1336,4.116469777034263,0.8076923076923077
1337,3.2161366251654298,0.7692307692307693
1338,3.777000840600287,0.8461538461538461
1339,4.057834235488004,0.9230769230769231
1340,3.628644739929883,0.8076923076923077
1341,4.251060464151026,0.8461538461538461
1342,3.2873567419184617,0.8461538461538461
1343,3.2229364776997924,0.7307692307692307
1344,3.095249778470302,0.7692307692307693
1345,3.33136094399466,0.7692307692307693
1346,3.2066645755976753,0.7692307692307693
1347,3.671062499865367,0.7692307692307693
1348,2.4399468089552636,0.8076923076923077
1349,2.9230192022027928,0.7692307692307693
1350,3.9751493509284828,0.7307692307692307
1351,3.243639685229817,0.8461538461538461
1352,3.2251023999943564,0.7307692307692307
1353,2.9271819243325607,0.8461538461538461
1354,2.8367455344297223,0.7307692307692307
1355,3.2738318807634768,0.7692307692307693
1356,3.540505108583779,0.7307692307692307
1357,3.2740666263453493,0.8076923076923077
1358,2.7847662952331165,0.8076923076923077
1359,2.940148074932706,0.8076923076923077
1360,4.766420449339421,0.7307692307692307
1361,3.2006574225062367,0.8076923076923077
1362,2.7612864904078527,0.8076923076923077
1363,2.8795931722314276,0.8076923076923077
1364,2.963758083751344,0.8076923076923077
1365,2.9665013047258304,0.8076923076923077
1366,2.910895220327465,0.8461538461538461
1367,3.3096548371377263,0.7307692307692307
1368,2.9084212924913704,0.8076923076923077
1369,3.2719076808839342,0.8461538461538461
1370,3.3250922716542153,0.8076923076923077
1371,3.4121674805392144,0.7692307692307693
1372,3.344480882835941,0.6538461538461539
1373,3.252707242248959,0.8076923076923077
1374,3.4308244168528748,0.7692307692307693
1375,3.479202346109296,0.8076923076923077
1376,4.604835090389478,0.7307692307692307
1377,3.4275200933784755,0.7692307692307693
1378,3.5709851326193034,0.7307692307692307
1379,4.653717012902498,0.8076923076923077
1380,4.117000981346243,0.8076923076923077
1381,3.6269251494868455,0.8076923076923077
1382,3.842297983322397,0.8846153846153846
1383,4.128596088873599,0.8846153846153846
1384,4.445883603942442,0.8846153846153846
1385,3.544813600464167,0.9615384615384616
1386,4.461055806115018,0.9615384615384616
1387,4.422594218860062,0.8461538461538461
1388,3.7988288006103765,0.7692307692307693
1389,3.7505991601022313,0.8846153846153846
1390,4.187773740274976,0.8846153846153846
1391,4.816828952434461,0.9615384615384616
1392,4.989379596100891,0.9615384615384616
1393,4.697920860825693,0.9230769230769231
1394,3.822781285436104,0.9615384615384616
1395,3.5357908092860013,0.8846153846153846
1396,3.3931261321887787,1.0
1397,3.6332811409390597,0.8461538461538461
1398,3.7196955191734675,0.8846153846153846
1399,4.810071329813141,0.9230769230769231
1400,4.188323949757887,0.9230769230769231
1401,3.576277220552811,0.8076923076923077
1402,3.869173251981147,0.9230769230769231
1403,4.435981257516885,0.9615384615384616
1404,4.199759582565538,0.8461538461538461
1405,4.401809611291137,0.8846153846153846
1406,4.095871563386129,0.7692307692307693
1407,3.6030453981241872,0.8076923076923077
1408,3.985289091049896,0.8846153846153846
1409,3.8377309140680875,0.8076923076923077
1410,4.17388985780022,0.8461538461538461
1411,4.053050673483288,0.9230769230769231
1412,4.2544160551976145,0.8076923076923077
1413,4.312749279513113,0.8461538461538461
1414,4.269609067393804,0.9230769230769231
1415,3.6549206162434738,0.8461538461538461
1416,3.813624437621349,0.8461538461538461
1417,4.319081063981233,0.8076923076923077
1418,4.746421856751074,0.8461538461538461
1419,4.627040123373942,0.9230769230769231
1420,3.7458903017319867,0.8461538461538461
1421,4.532410228737314,0.8076923076923077
1422,4.489302543712611,0.9230769230769231
1423,4.251391281780028,1.0
1424,3.9564442188162823,0.9230769230769231
1425,4.531001600189686,0.8461538461538461
1426,3.609357153778002,0.8461538461538461
1427,3.771167324299225,0.9230769230769231
1428,4.6678935947267925,0.8461538461538461
1429,5.455082893364664,0.9230769230769231
1430,4.0403306448018075,0.8461538461538461
1431,6.387399472147715,1.0
1432,4.15578801588403,0.8076923076923077
1433,4.435682536043733,0.9230769230769231
1434,4.734745506878394,0.7692307692307693
1435,4.835496545415445,0.8846153846153846
1436,4.5744738441662935,0.8461538461538461
1437,5.424306788999141,1.0
1438,4.01689934395809,0.7692307692307693
1439,4.632829413314968,0.7307692307692307
1440,3.910003522040679,0.7307692307692307
1441,4.598589982290607,0.8846153846153846
1442,5.135672686058204,0.8076923076923077
1443,5.573988852536328,0.8076923076923077
1444,4.646000754935765,0.9230769230769231
1445,4.636867148811263,0.7307692307692307
1446,5.92353383035582,0.7692307692307693
1447,3.9851667083302815,0.7692307692307693
1448,4.831105618645458,1.0
1449,3.243191318333264,0.8461538461538461
1450,4.122141186641702,0.8461538461538461
1451,3.384468875661805,0.6923076923076923
1452,3.8916343688438157,0.6923076923076923
1453,3.5678935726546976,0.8461538461538461
1454,4.035568741175746,0.9230769230769231
1455,3.619757635874862,0.8076923076923077
1456,4.09549161392388,0.8461538461538461
1457,3.830384147859082,0.8076923076923077
1458,3.7167707221429414,0.5769230769230769
1459,2.7235783839133214,0.6538461538461539
1460,3.6009970544566983,0.6153846153846154
1461,3.052900139400057,0.6538461538461539
1462,3.473230304590646,0.8461538461538461
1463,4.0035930649616684,0.7307692307692307
1464,5.3083933572703845,0.8846153846153846
1465,4.204713447591003,0.6538461538461539
1466,3.0994762905115603,0.6538461538461539
1467,4.3073195636914,0.6923076923076923
1468,3.023372271102076,0.7692307692307693
1469,3.2425362491971303,0.6538461538461539
1470,3.370754396900652,0.6923076923076923
1471,2.7725892072666083,0.6153846153846154
1472,3.4482307302676065,0.6923076923076923
1473,3.2432794570964365,0.7307692307692307
1474,3.0741741741739474,0.5769230769230769
1475,2.8372900276905737,0.6538461538461539
1476,3.1626800872258194,0.8461538461538461
1477,3.9492387665809616,0.8076923076923077
1478,3.2045459854674734,0.7692307692307693
1479,3.071788046167485,0.6923076923076923
1480,3.0901471047057703,0.8076923076923077
1481,5.9748610439277225,0.8846153846153846
1482,4.952148223727425,0.8846153846153846
1483,4.081687424769197,0.9230769230769231
1484,3.084541865773161,0.8076923076923077
1485,3.510381987659845,0.8846153846153846
1486,3.781788786808929,0.9230769230769231
1487,5.215911699311641,0.9615384615384616
1488,3.3977686321232214,0.9230769230769231
1489,3.279423597340648,0.9230769230769231
1490,3.6211025317024506,0.8076923076923077
1491,3.61292904343803,0.7307692307692307
1492,4.835789287163597,0.8076923076923077
1493,3.7226643738645318,0.7307692307692307
1494,3.99406841900317,0.7692307692307693
1495,5.316650129682668,0.9615384615384616
1496,3.815805961345652,0.8461538461538461
1497,3.164291947391735,0.8076923076923077
1498,4.10925743274765,0.8846153846153846
1499,4.180832281187034,0.7692307692307693
1500,5.353613291857592,0.8461538461538461
