# Trial 8: ath=0.0256  reg=1.67e-02  hd=200  L=9  best_er=0.3462
iter,loss,error_rate
1,3.413533273711785,0.7692307692307693
2,3.40851978406457,0.7307692307692307
3,3.0693578854567183,0.7307692307692307
4,3.1747262392982663,0.8076923076923077
5,2.9322118827158024,0.7692307692307693
6,3.506147739969223,0.8076923076923077
7,3.138038248166535,0.7307692307692307
8,3.3876616049189545,0.7692307692307693
9,3.0203154592854493,0.6923076923076923
10,3.479642574650477,0.7307692307692307
11,3.093513407181155,0.7692307692307693
12,2.8413092585837285,0.6923076923076923
13,2.7709385520074195,0.6923076923076923
14,4.418482253756762,0.6923076923076923
15,2.9873517232685645,0.7692307692307693
16,3.264909299940448,0.6923076923076923
17,2.945584423180191,0.7307692307692307
18,3.2982575397347027,0.6923076923076923
19,3.066027104588245,0.6923076923076923
20,2.9840847469123832,0.6538461538461539
21,3.1635367367244487,0.7692307692307693
22,3.0964558667323123,0.6538461538461539
23,2.6809684024953584,0.6153846153846154
24,3.027828115852153,0.6923076923076923
25,3.2439740952337246,0.6538461538461539
26,2.538416440424593,0.6923076923076923
27,3.126408404098626,0.6923076923076923
28,2.8421954195482586,0.6538461538461539
29,3.0780188413021907,0.6538461538461539
30,2.983120275016679,0.6923076923076923
31,3.9059727039537218,0.6923076923076923
32,3.7320450474893674,0.7307692307692307
33,3.2774245464440512,0.6923076923076923
34,2.8932204326480635,0.6538461538461539
35,2.935613711787921,0.6153846153846154
36,3.00540877385314,0.6923076923076923
37,3.061471836517977,0.6538461538461539
38,3.0278964515185463,0.6538461538461539
39,3.1818129708274485,0.6538461538461539
40,2.858007867569802,0.6538461538461539
41,2.8123182873124795,0.6153846153846154
42,3.0115580080999997,0.6538461538461539
43,2.896738966933933,0.6923076923076923
44,3.1585222948330918,0.7692307692307693
45,2.782111769111313,0.6538461538461539
46,2.9608936957932057,0.5769230769230769
47,3.2066767751053518,0.6923076923076923
48,2.792499602463276,0.6153846153846154
49,2.846602164013179,0.6538461538461539
50,3.033653257622269,0.6538461538461539
51,2.9115795271235787,0.6538461538461539
52,3.090139272791799,0.7307692307692307
53,2.8349202831278966,0.6923076923076923
54,3.0183383758776614,0.6153846153846154
55,2.606243294411784,0.6153846153846154
56,2.984060960056514,0.5769230769230769
57,2.6752077662901534,0.6538461538461539
58,2.892438153190143,0.5769230769230769
59,2.667420215519687,0.6153846153846154
60,2.8619684336249462,0.6153846153846154
61,3.445364855405242,0.6153846153846154
62,3.262632206694056,0.5384615384615384
63,2.9039180207264987,0.6538461538461539
64,2.667421494656458,0.6538461538461539
65,3.900995762431167,0.6923076923076923
66,3.0440531072189856,0.6153846153846154
67,2.7559738136326306,0.6153846153846154
68,2.433806053940833,0.6153846153846154
69,2.450996162370247,0.6153846153846154
70,2.62649432813556,0.5
71,2.908461128972786,0.5769230769230769
72,2.9184921194705673,0.5769230769230769
73,2.4913044537225764,0.5769230769230769
74,2.329463357552207,0.5769230769230769
75,2.727742266014709,0.5384615384615384
76,2.825950854762479,0.5
77,2.3756324794721317,0.5
78,2.7373989740965827,0.5769230769230769
79,2.4753117807558036,0.5769230769230769
80,2.624601115574052,0.5384615384615384
81,3.5687455532972754,0.6153846153846154
82,2.462301323717555,0.5384615384615384
83,2.4691264386375065,0.5384615384615384
84,2.598267294484688,0.5769230769230769
85,2.1602393124416204,0.6153846153846154
86,2.319670333877069,0.5
87,2.695654399242934,0.6153846153846154
88,2.390718292999049,0.5384615384615384
89,2.739572716934879,0.5384615384615384
90,2.6951456496184854,0.5769230769230769
91,2.485034001926436,0.5769230769230769
92,2.7518467733212195,0.5769230769230769
93,3.6598365471867513,0.5769230769230769
94,2.5468710049585757,0.5
95,2.4499401641241736,0.5384615384615384
96,2.3712148682323884,0.5
97,2.613837977610668,0.5769230769230769
98,2.471940506939286,0.5769230769230769
99,2.2375355439908695,0.5
100,2.5309542992641028,0.46153846153846156
101,2.258050103657075,0.4230769230769231
102,2.342159832374118,0.46153846153846156
103,2.4232506818968655,0.4230769230769231
104,2.3985158212793927,0.5
105,2.1299668043212243,0.4230769230769231
106,2.315189058302502,0.5
107,2.213143727643519,0.46153846153846156
108,2.460431939212496,0.4230769230769231
109,2.4084316596279547,0.46153846153846156
110,2.346760448698708,0.5
111,2.609905853511169,0.46153846153846156
112,2.1255154789531447,0.5
113,2.2152775338796293,0.46153846153846156
114,2.1179408975903242,0.4230769230769231
115,2.1625527576356447,0.5
116,2.3261655324585613,0.46153846153846156
117,2.307543411776506,0.5
118,2.198208214805904,0.46153846153846156
119,3.2724786651344253,0.46153846153846156
120,1.9687158826469853,0.46153846153846156
121,2.0356671540712408,0.46153846153846156
122,2.0007206335438337,0.4230769230769231
123,2.405699064143485,0.46153846153846156
124,2.2004698594475123,0.4230769230769231
125,1.8207824414469727,0.46153846153846156
126,2.323654850020038,0.4230769230769231
127,2.052809552410071,0.46153846153846156
128,2.168004867332167,0.46153846153846156
129,2.1932502499215873,0.4230769230769231
130,2.437680210229773,0.46153846153846156
131,2.340855028111428,0.4230769230769231
132,2.096037246529936,0.38461538461538464
133,1.9440868582071382,0.5
134,1.8845687791886554,0.4230769230769231
135,1.7562104599073298,0.5
136,2.0380249781957964,0.5
137,2.345016920196315,0.5
138,2.204984945534177,0.5
139,2.2846542501821396,0.46153846153846156
140,2.4978575107893928,0.4230769230769231
141,1.9037194240638287,0.4230769230769231
142,1.9038547194965465,0.38461538461538464
143,1.8379778591182752,0.46153846153846156
144,2.313540613118408,0.4230769230769231
145,1.8536808324929583,0.38461538461538464
146,2.071025072023496,0.5
147,2.175259996729445,0.4230769230769231
148,1.998669196283989,0.4230769230769231
149,1.9972013742376462,0.4230769230769231
150,1.8391380273815274,0.46153846153846156
151,2.0852558707504407,0.46153846153846156
152,1.7601566641951214,0.5
153,1.983499442795839,0.4230769230769231
154,1.7532651574909333,0.4230769230769231
155,1.8695449814266945,0.5
156,2.2136352583351515,0.4230769230769231
157,1.6906745409888015,0.46153846153846156
158,1.5591693815082597,0.4230769230769231
159,2.0518086880010107,0.46153846153846156
160,1.9948549348105913,0.5
161,2.004112572587903,0.5
162,1.9109448979377148,0.46153846153846156
163,1.8948284131490944,0.4230769230769231
164,2.0065197986692667,0.38461538461538464
165,1.6926863511922545,0.46153846153846156
166,2.026590088415798,0.5384615384615384
167,2.064313611318029,0.46153846153846156
168,1.644567396930355,0.38461538461538464
169,1.8008244414636798,0.46153846153846156
170,1.691225452451641,0.46153846153846156
171,1.6244038230317643,0.4230769230769231
172,1.5273543105638385,0.4230769230769231
173,1.9660185036126825,0.4230769230769231
174,1.6312177802703556,0.46153846153846156
175,2.088127085289906,0.4230769230769231
176,1.4958843348668096,0.46153846153846156
177,1.7409840214810834,0.46153846153846156
178,1.5478744763847352,0.5384615384615384
179,1.7866212295003536,0.4230769230769231
180,1.7239211916725763,0.38461538461538464
181,1.766289090843369,0.46153846153846156
182,2.054477036651526,0.38461538461538464
183,1.7560743925920834,0.4230769230769231
184,1.4833536710396595,0.38461538461538464
185,1.6589129593793048,0.38461538461538464
186,1.9828003370195648,0.4230769230769231
187,1.68315665375425,0.4230769230769231
188,1.9227058924930116,0.38461538461538464
189,1.7068014844549078,0.4230769230769231
190,1.796816611094466,0.5
191,2.103468975139254,0.38461538461538464
192,1.7982009918013317,0.46153846153846156
193,1.6086249437812103,0.46153846153846156
194,1.7179060158243484,0.4230769230769231
195,1.4273412621227242,0.4230769230769231
196,1.6307811479592307,0.4230769230769231
197,1.5172183408572777,0.34615384615384615
198,1.578786741910977,0.4230769230769231
199,1.846232573550517,0.5
200,1.8411438343713737,0.46153846153846156
201,2.35947443573696,0.46153846153846156
202,2.12921973677149,0.46153846153846156
203,1.9972729110159175,0.46153846153846156
204,2.12654939812021,0.4230769230769231
205,2.4532123337932323,0.5769230769230769
206,2.688662634856944,0.5
207,2.7445574420696595,0.4230769230769231
208,4.519905588501056,0.8461538461538461
209,2.965425918293945,0.7307692307692307
210,2.9207348606744294,0.6153846153846154
211,3.4988932010923843,0.8461538461538461
212,3.216432942200588,0.6538461538461539
213,3.22855529686721,0.6153846153846154
214,3.481295443460226,0.6923076923076923
215,3.6199103564582917,0.7307692307692307
216,3.431645957033526,0.6538461538461539
217,3.565591422060734,0.7307692307692307
218,3.5466330267100368,0.6538461538461539
219,2.8272671135106475,0.5384615384615384
220,3.069571569743877,0.7307692307692307
221,3.3829903207146983,0.7692307692307693
222,3.599812499168473,0.7692307692307693
223,3.5100092563349317,0.8461538461538461
224,3.285697641956168,0.7692307692307693
225,2.507378402259404,0.6153846153846154
226,3.125967756626406,0.6538461538461539
227,3.0997898462403035,0.6538461538461539
228,2.38929268406946,0.7692307692307693
229,2.895419407643444,0.7307692307692307
230,5.053950907776336,0.7307692307692307
231,2.8415751879027367,0.6538461538461539
232,2.4038185018537757,0.7307692307692307
233,2.4788830868878176,0.6923076923076923
234,2.006840970702923,0.8076923076923077
235,2.761771272511237,0.6153846153846154
236,2.7366594869389855,0.6923076923076923
237,2.7204691396944476,0.6923076923076923
238,2.6109414759487826,0.7307692307692307
239,2.721685054443067,0.7692307692307693
240,2.558589658762902,0.6923076923076923
241,3.0649458579402498,0.6923076923076923
242,2.296442660114385,0.6923076923076923
243,2.9311131102754744,0.7307692307692307
244,1.9619867680705947,0.8076923076923077
245,2.199643657841971,0.7692307692307693
246,2.246240660951104,0.8461538461538461
247,2.452846790932742,0.8461538461538461
248,3.1655925000382776,0.6923076923076923
249,3.186837627389803,0.9230769230769231
250,2.2729778371315037,0.7692307692307693
251,2.893224965764799,0.8076923076923077
252,2.7088512000774037,0.7307692307692307
253,2.523468400780399,0.6923076923076923
254,2.48813440743331,0.7692307692307693
255,2.419100000642494,0.6923076923076923
256,2.969374066390515,0.7307692307692307
257,3.0216443082004383,0.7692307692307693
258,2.4105824329858923,0.6538461538461539
259,2.8556778872623347,0.6153846153846154
260,2.46222345390195,0.5769230769230769
261,2.7520713191394663,0.7692307692307693
262,3.2079451847538323,0.6923076923076923
263,2.762706990185672,0.6538461538461539
264,2.940697669403269,0.7307692307692307
265,2.855159842388847,0.7307692307692307
266,3.966459645352713,0.6538461538461539
267,2.7585614696299157,0.5769230769230769
268,4.266592239594196,0.6538461538461539
269,2.8949685786330033,0.6153846153846154
270,4.290749518614679,0.7692307692307693
271,3.040202316919519,0.6923076923076923
272,2.918539211688961,0.7692307692307693
273,3.917905970059288,0.8461538461538461
274,2.8025428541371253,0.7692307692307693
275,3.1564373124874594,0.7692307692307693
276,2.7274392088936947,0.6923076923076923
277,4.209659909641914,0.7307692307692307
278,3.7726294897307526,0.7692307692307693
279,2.9318004806512405,0.8076923076923077
280,4.000952136716892,0.7307692307692307
281,2.7805796318544855,0.7307692307692307
282,3.1331140361429686,0.7692307692307693
283,2.9204573363342057,0.6153846153846154
284,4.057377676622744,0.7307692307692307
285,3.4466816160994296,0.7307692307692307
286,3.4015218952596835,0.6923076923076923
287,4.196517742210095,0.9615384615384616
288,3.2151177915673452,0.7307692307692307
289,3.1631723646177647,0.9230769230769231
290,2.977206362317169,0.7692307692307693
291,3.6064946199922354,0.6923076923076923
292,3.991168304580762,0.8076923076923077
293,3.2301036696414753,0.7307692307692307
294,3.6856770453600207,0.7307692307692307
295,3.0649437401252593,0.8076923076923077
296,3.9553617534802368,0.7307692307692307
297,3.4703561732261683,0.7307692307692307
298,4.188130019474333,0.7692307692307693
299,3.295112750847693,0.7692307692307693
300,3.317716475066784,0.6923076923076923
301,4.0541804508386345,0.6923076923076923
302,3.7810231711652813,0.8461538461538461
303,3.327243376013592,0.8461538461538461
304,2.9864607963250194,0.7692307692307693
305,3.145247399821515,0.7307692307692307
306,3.326785610229714,0.7307692307692307
307,3.223899943214431,0.9230769230769231
308,3.7745069195578407,0.8076923076923077
309,3.0658177674258393,0.7307692307692307
310,3.5774679830556604,0.8076923076923077
311,4.003124574370106,0.8076923076923077
312,4.478089997029412,0.8076923076923077
313,3.3212756273183093,0.8076923076923077
314,3.173677170798337,0.6923076923076923
315,3.3954498619648215,0.6923076923076923
316,3.1923567387826086,0.8076923076923077
317,3.319022588046497,0.8076923076923077
318,3.4050020169022366,0.7692307692307693
319,3.5064079031828106,0.8846153846153846
320,3.3305691446759487,0.7692307692307693
321,3.256526836616877,0.7692307692307693
322,3.7652617909637094,0.8461538461538461
323,3.7869370197916856,0.7307692307692307
324,3.7144790568075186,0.7692307692307693
325,3.353841887860769,0.8461538461538461
326,3.491457736914186,0.8461538461538461
327,3.2288900692492217,0.8076923076923077
328,4.323844185854003,0.8461538461538461
329,4.626612210976998,0.8461538461538461
330,3.595122803085628,0.7692307692307693
331,2.9367106546741235,0.8076923076923077
332,4.332292588390008,0.8461538461538461
333,3.6849892447335044,0.8076923076923077
334,3.4080621192339446,0.7307692307692307
335,3.45976548711964,0.7692307692307693
336,3.8710418761258767,0.7692307692307693
337,3.5381505519505723,0.7692307692307693
338,3.7755246072282107,0.8461538461538461
339,3.992878580660304,0.8461538461538461
340,3.6640205029704913,0.7692307692307693
341,3.9092801113167295,0.7692307692307693
342,3.8544830007003195,0.7692307692307693
343,3.9752571185927135,0.8076923076923077
344,3.299435474194084,0.7307692307692307
345,4.276508515664145,0.8846153846153846
346,4.1802926486459775,0.8076923076923077
347,3.9091502291209577,0.7692307692307693
348,3.6615621788432993,0.8076923076923077
349,3.967903749527302,0.7692307692307693
350,5.168390923938895,0.8461538461538461
351,3.5642950952962607,0.6923076923076923
352,3.7168560970827387,0.7307692307692307
353,4.030152206050804,0.8076923076923077
354,3.787659899837213,0.7692307692307693
355,4.286254832551572,0.7307692307692307
356,3.977039067008366,0.8076923076923077
357,4.166113458789113,0.7692307692307693
358,3.7630979613075444,0.7692307692307693
359,4.054113787062432,0.7307692307692307
360,3.6275041259921688,0.8461538461538461
361,3.3430520382971824,0.6923076923076923
362,3.1580251874048777,0.8076923076923077
363,2.9154357915036586,0.9230769230769231
364,3.1677309433763114,0.8461538461538461
365,2.9072571160158778,0.9230769230769231
366,2.916199710363184,0.9615384615384616
367,2.765234462519595,0.8461538461538461
368,2.779916240012437,0.9230769230769231
369,3.1795079761331215,0.9230769230769231
370,3.723091629845456,0.9230769230769231
371,2.83172930689184,0.8846153846153846
372,3.7899139201763963,0.8076923076923077
373,3.281531719621631,0.8461538461538461
374,3.4571217813134667,0.9615384615384616
375,3.2437755735703213,0.9230769230769231
376,3.226398132617692,0.8846153846153846
377,3.083454717041975,0.7692307692307693
378,3.34440407938365,0.8461538461538461
379,3.455247090695072,0.7692307692307693
380,3.3767391954066177,0.7307692307692307
381,3.7179092725511906,0.8461538461538461
382,3.8232042876041454,0.8076923076923077
383,3.400600688860974,0.8461538461538461
384,4.1345813668077005,0.8846153846153846
385,3.716194959197514,0.8076923076923077
386,3.4148670503275422,0.8076923076923077
387,2.944513498636461,0.6538461538461539
388,3.5213300498382125,0.6153846153846154
389,3.2403372786415083,0.7692307692307693
390,3.1146519497192227,0.8076923076923077
391,3.4134704835049554,0.8076923076923077
392,3.3030705670067997,0.8076923076923077
393,3.3471321627834367,0.8076923076923077
394,3.2758389035994813,0.7307692307692307
395,3.8548368200161605,0.8076923076923077
396,3.3736685166135594,0.7692307692307693
397,3.2432612968159167,0.7692307692307693
398,3.806205718916205,0.7692307692307693
399,4.231631257173041,0.8076923076923077
400,3.3280567076941585,0.8076923076923077
401,3.2843575924987523,0.7692307692307693
402,3.6063199027532384,0.7307692307692307
403,3.715655621930172,0.8846153846153846
404,4.6637664267574275,0.8461538461538461
405,3.874522368552154,0.8846153846153846
406,4.259636460496981,0.8076923076923077
407,3.14730044692823,0.7692307692307693
408,3.5465691707736466,0.8076923076923077
409,3.696520731018023,0.9230769230769231
410,4.813877286226168,0.8846153846153846
411,4.134583212646446,0.8846153846153846
412,4.111119885655603,0.8461538461538461
413,4.071713290963395,0.8846153846153846
414,3.4523343707471734,0.8461538461538461
415,5.151600439541184,0.8846153846153846
416,3.6276903958946134,0.9230769230769231
417,3.4512784000725714,0.8461538461538461
418,3.050342607668336,0.9230769230769231
419,3.696446614472798,0.9230769230769231
420,3.261624119793877,0.8846153846153846
421,4.252881310124305,0.8461538461538461
422,3.7544162653739193,0.8461538461538461
423,3.8088915140588733,0.9230769230769231
424,3.66252899178796,0.8461538461538461
425,3.5955666530915806,0.9230769230769231
426,4.020281278291733,0.9230769230769231
427,3.638861079699116,0.8461538461538461
428,2.8199081261906107,0.9230769230769231
429,3.370953261443992,0.9230769230769231
430,3.0703784236919542,0.8846153846153846
431,3.6968478081557947,0.8461538461538461
432,3.870444617335322,0.7307692307692307
433,3.41164799477749,0.8461538461538461
434,3.031918516673871,0.8076923076923077
435,3.5492326235470357,0.7692307692307693
436,3.22414990268676,0.7307692307692307
437,3.52879842168951,0.8076923076923077
438,3.1604295304260575,0.8461538461538461
439,3.541560504321346,0.6923076923076923
440,3.4488352321296265,0.7692307692307693
441,3.2935898551375264,0.6923076923076923
442,3.429424554939696,0.7692307692307693
443,3.3387067806430673,0.8461538461538461
444,3.843538333320091,0.7307692307692307
445,3.5535602625008424,0.7307692307692307
446,3.344026875672201,0.8076923076923077
447,3.739890103023822,0.7692307692307693
448,5.0193379381336705,0.8461538461538461
449,4.133768987436307,0.8461538461538461
450,3.8137995969921548,0.9230769230769231
451,4.038721374210009,0.8846153846153846
452,3.6717148059250806,0.7692307692307693
453,3.1136791949155076,0.7692307692307693
454,3.647924580801441,0.7692307692307693
455,3.779864040621355,0.6923076923076923
456,3.7388758017469153,0.8461538461538461
457,3.329769648341043,0.7692307692307693
458,3.1861611563040984,0.8846153846153846
459,3.6220910500930428,0.7692307692307693
460,2.8482655943270374,0.7692307692307693
461,3.2889096325170044,0.8076923076923077
462,3.513177345818652,0.8461538461538461
463,3.2868764380310895,0.7692307692307693
464,3.414686435360016,0.7692307692307693
465,3.139301076633614,0.7692307692307693
466,2.883329246154032,0.7692307692307693
467,2.6931898533293275,0.8076923076923077
468,2.960390244824513,0.8076923076923077
469,2.858111392666351,0.7307692307692307
470,2.976407329282271,0.7692307692307693
471,4.030350840751501,0.7692307692307693
472,4.001669984743045,0.8076923076923077
473,2.865053453035433,0.8461538461538461
474,2.8061992994663747,0.8461538461538461
475,2.8064714101620436,0.8461538461538461
476,3.268815031348613,0.8846153846153846
477,3.1072850285054865,0.8846153846153846
478,2.9092983028216715,0.8846153846153846
479,3.0126673201433496,0.6923076923076923
480,2.8649188243968515,0.8846153846153846
481,3.330637801980282,0.8076923076923077
482,3.1629039954353853,0.7307692307692307
483,3.294064361101073,0.5769230769230769
484,3.396003640616624,0.7307692307692307
485,2.747287058327059,0.8461538461538461
486,2.918421932992076,0.6153846153846154
487,3.080328632157803,0.7692307692307693
488,3.2707117999383613,0.6923076923076923
489,3.0745888605386824,0.7307692307692307
490,2.9058815692136717,0.6538461538461539
491,3.412675426747042,0.6153846153846154
492,3.2785961964835297,0.6923076923076923
493,3.212576696179901,0.6538461538461539
494,3.4467817735373956,0.7307692307692307
495,3.5420440923650536,0.7692307692307693
496,3.149129749328471,0.7692307692307693
497,3.350357602503208,0.8076923076923077
498,3.2827011640095587,0.8076923076923077
499,3.4564180223685934,0.7692307692307693
500,2.8879311298171664,0.8846153846153846
501,3.111343105879376,0.7307692307692307
502,3.1150484263021863,0.7307692307692307
503,3.1651086363709178,0.7692307692307693
504,3.0868678759672257,0.6923076923076923
505,3.238251476073093,0.6923076923076923
506,3.0459968888411213,0.6923076923076923
507,3.0684496777634473,0.7307692307692307
508,3.2495131133118536,0.7692307692307693
509,3.580276868798724,0.7692307692307693
510,3.0967089147028677,0.8461538461538461
511,2.9684172117955234,0.7307692307692307
512,3.3663019860510017,0.7307692307692307
513,3.35775939102575,0.8461538461538461
514,2.8548799046007396,0.6153846153846154
515,3.0390680772610876,0.7692307692307693
516,3.8414959178913595,0.6923076923076923
517,3.076670951481409,0.6923076923076923
518,4.692094050517371,0.8461538461538461
519,3.0963190823242224,0.6538461538461539
520,3.0896778126946445,0.6538461538461539
521,3.159448100862932,0.5769230769230769
522,2.601914119756748,0.7307692307692307
523,3.050465486391478,0.7307692307692307
524,3.1164145049279246,0.6538461538461539
525,2.9255663436910404,0.7307692307692307
526,3.263268731137429,0.9230769230769231
527,3.1547766366132075,0.9230769230769231
528,3.497316182162644,0.8461538461538461
529,3.1113314803803114,0.8846153846153846
530,3.0160140257271215,0.8461538461538461
531,2.9893593782887278,0.9230769230769231
532,3.7788755701453187,0.8846153846153846
533,2.7998978801570673,0.8846153846153846
534,3.2858700308061137,0.8846153846153846
535,2.9978794736932977,0.9230769230769231
536,4.781301722640782,0.6538461538461539
537,3.169639432750782,0.9615384615384616
538,3.354761860883624,0.8846153846153846
539,2.9499443450557408,0.9230769230769231
540,3.898327907274399,0.8461538461538461
541,3.5457702420703296,0.8461538461538461
542,4.903442666290252,0.8461538461538461
543,3.414214151033878,0.8846153846153846
544,3.5771480043745156,0.8846153846153846
545,3.216182743867663,0.8461538461538461
546,2.848188383085568,0.8846153846153846
547,3.798883236747795,0.8846153846153846
548,3.6517391066085567,0.8846153846153846
549,3.155727782378,0.8461538461538461
550,3.4145176411559848,0.9230769230769231
551,3.1134052960899514,0.9615384615384616
552,3.30505828467836,0.8461538461538461
553,3.850846327609911,0.9230769230769231
554,3.9533383799104596,0.8461538461538461
555,3.6998179914472296,0.8076923076923077
556,3.5705183823112887,0.7692307692307693
557,3.7233786550262185,0.8076923076923077
558,3.5107538788705663,0.7307692307692307
559,3.915380055071055,0.7307692307692307
560,3.2112923309207866,0.8461538461538461
561,3.384958420902733,0.7692307692307693
562,3.3843698764577335,0.8076923076923077
563,2.643126999055724,0.8076923076923077
564,3.031067249941442,0.8461538461538461
565,3.1056292070025626,0.6923076923076923
566,3.1880446064056644,0.7307692307692307
567,3.436303107273726,0.8076923076923077
568,3.780445956261784,0.7307692307692307
569,3.493554457335023,0.6923076923076923
570,3.821048681783293,0.6538461538461539
571,3.71127237593705,0.6923076923076923
572,3.8937685715682475,0.6923076923076923
573,3.7164270078489254,0.7692307692307693
574,2.2315589403702907,0.6153846153846154
575,2.377963349539317,0.5769230769230769
576,2.9603275591388347,0.6923076923076923
577,2.5286899924596953,0.6153846153846154
578,2.680734086365865,0.6923076923076923
579,2.6550736421963457,0.6153846153846154
580,2.898623414762534,0.6538461538461539
581,3.5185472928885795,0.5769230769230769
582,2.906469535694563,0.7307692307692307
583,3.0665762077968592,0.7307692307692307
584,2.9309477977087965,0.8076923076923077
585,2.523508607452415,0.7307692307692307
586,2.2287895763301546,0.6153846153846154
587,2.026565015348449,0.6538461538461539
588,2.3362832865082948,0.7307692307692307
589,2.226902040542308,0.7307692307692307
590,2.6643846011349366,0.8076923076923077
591,2.4402972977665205,0.6538461538461539
592,2.373668748054492,0.7692307692307693
593,2.3796277276764295,0.7307692307692307
594,2.5934081731611927,0.7307692307692307
595,2.465466626317274,0.7692307692307693
596,2.7545041712131586,0.7692307692307693
597,2.3341552653006,0.8076923076923077
598,2.3977757895007414,0.7692307692307693
599,2.337064914210253,0.6923076923076923
600,2.910264783158921,0.6923076923076923
601,2.8531419332666736,0.7307692307692307
602,2.605313996871236,0.7307692307692307
603,3.082423506715669,0.7307692307692307
604,2.9519233647990504,0.7692307692307693
605,2.9277357785160376,0.7692307692307693
606,3.5804108028148063,0.8076923076923077
607,2.477106367710708,0.6923076923076923
608,2.7117235840599685,0.8076923076923077
609,2.679163770380684,0.7307692307692307
610,3.048598980435793,0.8076923076923077
611,2.559071025761551,0.8076923076923077
612,3.004271236264758,0.8461538461538461
613,3.2786696994793862,0.8076923076923077
614,2.8932891771809075,0.7307692307692307
615,3.487104559989848,0.7307692307692307
616,2.4083099410484117,0.8076923076923077
617,2.6135740828704224,0.7692307692307693
618,2.7520296462669935,0.6538461538461539
619,2.7570929606821966,0.7692307692307693
620,4.015793264438035,0.8846153846153846
621,2.912631506704797,0.7692307692307693
622,2.9092478162630693,0.7692307692307693
623,3.1921364389577387,0.7307692307692307
624,3.5823828781350335,0.7307692307692307
625,3.066556316243826,0.8461538461538461
626,3.688154104072464,0.6538461538461539
627,2.8704097677878595,0.7307692307692307
628,3.044844789480189,0.7307692307692307
629,2.9896480979070716,0.6923076923076923
630,2.5334775768922917,0.7692307692307693
631,2.387032278416506,0.8076923076923077
632,2.3953148056807883,0.6923076923076923
633,2.6514592213154193,0.7692307692307693
634,3.245422281442459,0.6153846153846154
635,3.278873066493474,0.8076923076923077
636,2.694605345965858,0.8846153846153846
637,3.38328335410199,0.8846153846153846
638,4.0735230674029355,0.8076923076923077
639,2.8448305561461478,0.7692307692307693
640,2.5562338812048084,0.7692307692307693
641,2.9613975414629747,0.8076923076923077
642,2.7750989447527807,0.7692307692307693
643,3.212111643443444,0.6538461538461539
644,3.060907659598536,0.8846153846153846
645,2.9888391192557653,0.7692307692307693
646,2.7134442200825664,0.7692307692307693
647,3.598723645112959,0.6538461538461539
648,3.2238171375620097,0.7692307692307693
649,2.6131271788257635,0.6923076923076923
650,2.6283754784008506,0.7307692307692307
651,2.941614347305055,0.7692307692307693
652,2.4593917962879477,0.6923076923076923
653,2.5554847520975508,0.6538461538461539
654,2.296524807183719,0.6923076923076923
655,3.596250532518272,0.6153846153846154
656,2.685021460525319,0.8461538461538461
657,2.4724152932705277,0.7692307692307693
658,2.7630934224320116,0.8846153846153846
659,3.188041259726451,0.8461538461538461
660,2.163046926283697,0.7307692307692307
661,2.4589458440572596,0.7692307692307693
662,2.6537332165831926,0.7692307692307693
663,2.64804621235791,0.8076923076923077
664,4.028836939435033,0.9615384615384616
665,2.9390804874597642,0.7307692307692307
666,2.7124264767907453,0.8846153846153846
667,2.686326334539665,0.8461538461538461
668,2.9404579582994925,0.8461538461538461
669,3.85361448512569,0.8846153846153846
670,2.647466061476498,0.6923076923076923
671,2.3623907698017756,0.6923076923076923
672,2.350555863019829,0.6538461538461539
673,3.203002719534127,0.6153846153846154
674,3.356836288808285,0.6538461538461539
675,2.7945643658838373,0.8461538461538461
676,2.8418136036704307,0.7692307692307693
677,2.487336640465131,0.6153846153846154
678,2.555076028828007,0.6923076923076923
679,2.7342518872482886,0.6538461538461539
680,2.696363846559336,0.6923076923076923
681,2.3379596898183275,0.6923076923076923
682,3.6014969384532565,0.9230769230769231
683,2.220522612039503,0.6923076923076923
684,2.214032569240315,0.5
685,2.2677777769992096,0.7307692307692307
686,2.259621267645513,0.6923076923076923
687,2.0283969191718447,0.6538461538461539
688,3.0096684972284518,0.6538461538461539
689,2.2743062821865148,0.6538461538461539
690,2.1080776734592144,0.5384615384615384
691,2.185287139507996,0.5769230769230769
692,2.2231326169956938,0.6153846153846154
693,2.444926546169814,0.6538461538461539
694,2.695933227392091,0.6923076923076923
695,3.3885445553924076,0.6538461538461539
696,3.132847973430164,0.7307692307692307
697,2.366917929257563,0.6153846153846154
698,3.7181066232563467,0.6538461538461539
699,2.748644775006124,0.7307692307692307
700,3.119006693595549,0.7692307692307693
701,3.022484418391879,0.6923076923076923
702,3.5112404499829846,0.8076923076923077
703,2.9116162074978007,0.7307692307692307
704,2.487464736752215,0.7307692307692307
705,3.2623761677197223,0.8076923076923077
706,2.8049313209346605,0.6538461538461539
707,3.1587574281935114,0.6538461538461539
708,3.4589179423799736,0.6923076923076923
709,2.738404371809094,0.7307692307692307
710,3.278808484818467,0.7692307692307693
711,2.9437981754606684,0.7692307692307693
712,3.20800574986283,0.6538461538461539
713,3.618295575811803,0.7692307692307693
714,2.905601169765927,0.7307692307692307
715,3.6274557127995903,0.7307692307692307
716,2.491585938987868,0.5769230769230769
717,2.985951771946124,0.6923076923076923
718,2.9764307443403153,0.7307692307692307
719,3.048531374231376,0.8461538461538461
720,3.1788062260887577,0.8076923076923077
721,2.6175988439237723,0.6923076923076923
722,3.241471353553181,0.7307692307692307
723,3.524913856618708,0.8076923076923077
724,3.1809923601335295,0.7307692307692307
725,2.5994563125380363,0.6923076923076923
726,3.3891822382437793,0.6153846153846154
727,3.011623695103505,0.6923076923076923
728,3.0593796169230245,0.7307692307692307
729,3.1222188478157404,0.6538461538461539
730,2.727558286305282,0.6538461538461539
731,3.7120950514744497,0.6923076923076923
732,3.295880752717723,0.6923076923076923
733,3.821214306607129,0.6538461538461539
734,2.574765199399943,0.6153846153846154
735,2.9467622840244347,0.6153846153846154
736,3.206202910887443,0.5769230769230769
737,2.991848886252529,0.6923076923076923
738,3.599633096878273,0.7307692307692307
739,2.8523615236794946,0.6153846153846154
740,3.1286114198077906,0.6538461538461539
741,3.588075083329096,0.6923076923076923
742,3.793419595404646,0.7692307692307693
743,3.8869758863902084,0.6538461538461539
744,3.3342709584036347,0.6538461538461539
745,3.715111851835246,0.6923076923076923
746,2.7623619535347808,0.6923076923076923
747,2.8465898313899576,0.7307692307692307
748,2.669384174858465,0.6538461538461539
749,3.3016408232847168,0.6153846153846154
750,3.2392405620244236,0.6923076923076923
751,2.711205189889597,0.6923076923076923
752,3.1444148162922283,0.6923076923076923
753,3.160913918675436,0.6923076923076923
754,3.313496984303495,0.6923076923076923
755,2.9300847277524875,0.8076923076923077
756,2.386252178746281,0.6923076923076923
757,2.887346067567655,0.7307692307692307
758,3.573137585171511,0.6923076923076923
759,3.431970351997668,0.6923076923076923
760,2.6553502829604074,0.7692307692307693
761,2.682455185137586,0.6538461538461539
762,2.8248628534146336,0.7307692307692307
763,2.5038680916695597,0.7307692307692307
764,2.782992185656177,0.8076923076923077
765,3.3520703468626514,0.6923076923076923
766,2.9483106137435726,0.8076923076923077
767,3.10242009642543,0.8461538461538461
768,3.0149847530846174,0.6538461538461539
769,3.237083242152573,0.7692307692307693
770,3.175501488992997,0.8076923076923077
771,3.2359136058315605,0.6923076923076923
772,3.213143755083311,0.6923076923076923
773,3.168553406486814,0.6923076923076923
774,3.0553273221575585,0.7692307692307693
775,2.4852181258739714,0.6538461538461539
776,3.588936615103683,0.8461538461538461
777,3.510400268888552,0.7692307692307693
778,3.2039161140832335,0.6923076923076923
779,3.9848921447892187,0.8846153846153846
780,3.4233292642009987,0.7692307692307693
781,3.202121178334501,0.7692307692307693
782,3.4352582993030434,0.7307692307692307
783,3.125471027188525,0.7692307692307693
784,3.181522354316696,0.7307692307692307
785,3.6377445575846283,0.6538461538461539
786,2.968225350802968,0.8846153846153846
787,3.8798532803706496,0.7692307692307693
788,3.2063719256669794,0.8076923076923077
789,3.434979164045668,0.8461538461538461
790,3.084437294432716,0.7692307692307693
791,3.510428422981306,0.7692307692307693
792,3.2284965282510765,0.7307692307692307
793,3.4033067444846417,0.8846153846153846
794,3.3125376868861434,0.8461538461538461
795,2.836583997910341,0.7307692307692307
796,2.7327353694774237,0.7307692307692307
797,2.610228083625232,0.6923076923076923
798,3.062608472832025,0.7692307692307693
799,2.821100241754867,0.7307692307692307
800,2.6644201631372044,0.7307692307692307
801,2.931700287318866,0.7307692307692307
802,3.053864482304352,0.7692307692307693
803,3.5197268539243556,0.6538461538461539
804,3.4364203903435913,0.6923076923076923
805,3.0959761578125002,0.6153846153846154
806,4.336853749470446,0.7692307692307693
807,3.2829379818095807,0.7692307692307693
808,3.050168889865411,0.6923076923076923
809,2.921732826988655,0.6153846153846154
810,2.8261952830354713,0.7692307692307693
811,2.8412268839860615,0.6538461538461539
812,2.759606712152716,0.7692307692307693
813,2.834705366626914,0.6923076923076923
814,3.030472975193022,0.7692307692307693
815,3.410813800755209,0.7307692307692307
816,3.645003506941741,0.6923076923076923
817,3.4556500896743123,0.7307692307692307
818,3.613866977899983,0.7307692307692307
819,3.2724681648076137,0.7307692307692307
820,3.74514714162127,0.7692307692307693
821,3.6025748830313455,0.6923076923076923
822,3.2706392618589444,0.7307692307692307
823,3.1237006018107585,0.7307692307692307
824,3.32866793376755,0.7307692307692307
825,3.573131512973148,0.7307692307692307
826,3.3593567876217025,0.7307692307692307
827,3.2985345639568386,0.8461538461538461
828,3.701846143713323,0.8076923076923077
829,3.693861396821425,0.8076923076923077
830,3.491582900577217,0.7692307692307693
831,3.112461179039239,0.6923076923076923
832,3.4292064062664718,0.6923076923076923
833,3.0255206698310766,0.7692307692307693
834,2.996045349870794,0.6923076923076923
835,3.4884173441214417,0.7307692307692307
836,3.308413888049066,0.7307692307692307
837,2.968531514909495,0.7307692307692307
838,3.3271740212167273,0.7307692307692307
839,3.073561352267742,0.6538461538461539
840,3.2660715081686096,0.6153846153846154
841,3.242041640762197,0.6538461538461539
842,3.4648380863692294,0.6923076923076923
843,3.1645755966101246,0.7692307692307693
844,3.844072792286758,0.6923076923076923
845,3.322094678360778,0.6538461538461539
846,3.433335167365409,0.6923076923076923
847,3.9124710182704194,0.6538461538461539
848,3.468618894293353,0.6923076923076923
849,3.440759629028239,0.6923076923076923
850,3.1827066459476407,0.8076923076923077
851,3.0463433499236876,0.6538461538461539
852,3.4946608130315795,0.7307692307692307
853,3.471089658879211,0.7307692307692307
854,3.1498281185355976,0.6538461538461539
855,2.4032323464568504,0.6153846153846154
856,3.4370655962555343,0.6153846153846154
857,2.96646609337013,0.7692307692307693
858,3.050288779104142,0.5769230769230769
859,2.42254293465171,0.6538461538461539
860,2.8761895778090394,0.6923076923076923
861,2.421771086088989,0.6538461538461539
862,2.9821739625221593,0.6153846153846154
863,3.296215253355408,0.6923076923076923
864,2.5975987771055427,0.6153846153846154
865,3.3509337035434865,0.6153846153846154
866,2.821775951115785,0.6538461538461539
867,2.8377956625805716,0.5769230769230769
868,2.8021008905356597,0.6538461538461539
869,2.873704071243282,0.6153846153846154
870,2.889876931910407,0.6153846153846154
871,4.342933149472606,0.6153846153846154
872,2.9481134546388814,0.5769230769230769
873,3.1192483735500094,0.6153846153846154
874,2.744425944858383,0.6538461538461539
875,2.6049979143406534,0.6153846153846154
876,2.5962362068604765,0.6153846153846154
877,2.850419045048952,0.6153846153846154
878,2.8319896390723347,0.5769230769230769
879,3.273432948279358,0.7692307692307693
880,2.745433720231963,0.6538461538461539
881,2.776068503417169,0.5769230769230769
882,2.7327423553646795,0.6923076923076923
883,2.8538619361370796,0.6538461538461539
884,2.931015529048408,0.6153846153846154
885,2.7314471406058853,0.7692307692307693
886,3.2175136768354906,0.7692307692307693
887,2.6590118595102146,0.7307692307692307
888,2.943741104321722,0.6923076923076923
889,2.470309425940979,0.6538461538461539
890,2.964486979716574,0.6153846153846154
891,2.8419967278434584,0.7692307692307693
892,2.3828969629638217,0.5384615384615384
893,2.867638496897201,0.6923076923076923
894,2.219155637873289,0.6153846153846154
895,2.550660517090844,0.5769230769230769
896,2.642075744695048,0.6923076923076923
897,2.7545755018975737,0.5769230769230769
898,2.8065191474561115,0.6538461538461539
899,2.674450402406194,0.6153846153846154
900,2.8934634667954295,0.6538461538461539
901,2.725142245726235,0.6538461538461539
902,2.748178170468659,0.6153846153846154
903,2.748780274477416,0.5769230769230769
904,2.73401081403802,0.6538461538461539
905,2.5703096594821067,0.6538461538461539
906,2.9501213460363176,0.6153846153846154
907,2.3736811372884383,0.6538461538461539
908,2.920195798059218,0.7307692307692307
909,2.8079292975205523,0.6923076923076923
910,4.269942421613575,0.7307692307692307
911,3.0077983631064447,0.6538461538461539
912,2.77539896140454,0.6923076923076923
913,3.2750650143940896,0.6923076923076923
914,3.0708635461290896,0.6153846153846154
915,2.829955444528375,0.6538461538461539
916,2.5225164266765088,0.6153846153846154
917,3.2426550634320463,0.7692307692307693
918,2.695999197177439,0.5384615384615384
919,2.7654347733550564,0.5769230769230769
920,2.9226545145126157,0.6153846153846154
921,3.3635000139471813,0.6923076923076923
922,3.0002004948701373,0.5769230769230769
923,2.750992506645032,0.6923076923076923
924,3.003143977386144,0.6538461538461539
925,2.880031379085783,0.5769230769230769
926,2.9006204573767995,0.5384615384615384
927,2.5897233159249753,0.6153846153846154
928,3.0439958275763956,0.6153846153846154
929,2.797009829205356,0.6923076923076923
930,2.924315205843034,0.5384615384615384
931,2.7202324180983517,0.6153846153846154
932,2.359638159125133,0.6153846153846154
933,2.7193877139794402,0.5769230769230769
934,2.861803834031355,0.6538461538461539
935,2.5669140580876197,0.6153846153846154
936,2.8776532377585102,0.6153846153846154
937,2.821338296431832,0.5769230769230769
938,2.562525891633158,0.6538461538461539
939,3.3260076834370107,0.5384615384615384
940,3.793046437775649,0.5769230769230769
941,2.2815504072822375,0.6538461538461539
942,2.6996810005033316,0.7307692307692307
943,2.7824599444602467,0.6538461538461539
944,2.793744834737589,0.6538461538461539
945,2.703086450721001,0.6153846153846154
946,2.611149008259579,0.6153846153846154
947,3.1384762477152224,0.7307692307692307
948,2.6469841119908026,0.6538461538461539
949,2.971981404643176,0.6153846153846154
950,2.7106140946661723,0.6538461538461539
951,2.6667784244955635,0.7307692307692307
952,3.0781687132973983,0.7307692307692307
953,2.4931423870656895,0.6538461538461539
954,2.529432475745415,0.6538461538461539
955,2.8477728154449595,0.7692307692307693
956,2.767618589846861,0.6538461538461539
957,2.5503904885441226,0.6153846153846154
958,3.15783023490306,0.6923076923076923
959,2.6291955403265086,0.6923076923076923
960,2.564158711516076,0.6923076923076923
961,3.0514772175974922,0.6923076923076923
962,3.001192548963715,0.7307692307692307
963,3.3953040929085647,0.8461538461538461
964,3.3801943193197133,0.7307692307692307
965,2.9884526781448244,0.6923076923076923
966,3.1667137956339024,0.7692307692307693
967,2.8357749115656405,0.6538461538461539
968,3.036666122470777,0.6538461538461539
969,2.9195119201959367,0.7307692307692307
970,2.8472910860670346,0.6538461538461539
971,2.387133906256801,0.6923076923076923
972,2.984956480060139,0.7307692307692307
973,2.777137138076297,0.7692307692307693
974,3.0661458785225837,0.6153846153846154
975,2.866291983763551,0.7307692307692307
976,3.2458323820024746,0.6538461538461539
977,2.8491476731592993,0.6538461538461539
978,3.410039811195309,0.6538461538461539
979,3.0427051823819413,0.7307692307692307
980,3.0240688075463655,0.6923076923076923
981,3.459281521773083,0.6923076923076923
982,3.223078419541412,0.7692307692307693
983,3.8784791997617027,0.8461538461538461
984,3.4598279309765916,0.6538461538461539
985,2.7776864782343944,0.8461538461538461
986,3.3097584602782097,0.7307692307692307
987,3.419383193173025,0.7307692307692307
988,3.4180686505568922,0.6538461538461539
989,3.312339360324086,0.6923076923076923
990,2.9213026394955572,0.7692307692307693
991,2.8932659385199906,0.6538461538461539
992,2.8546242292064252,0.6538461538461539
993,2.9523971569964202,0.6153846153846154
994,3.04978751558939,0.6538461538461539
995,3.258915694205164,0.6538461538461539
996,3.0023444229445952,0.6923076923076923
997,2.6752685029618632,0.6923076923076923
998,3.435041436297567,0.6923076923076923
999,3.641558708800965,0.6923076923076923
1000,3.2394008854582386,0.6538461538461539
1001,4.567598744440863,0.6538461538461539
1002,3.9988899660696617,0.6538461538461539
1003,3.0835893532886187,0.6923076923076923
1004,3.247390559161205,0.6538461538461539
1005,2.8069828956290404,0.7307692307692307
1006,2.941242303793344,0.6538461538461539
1007,3.927100104670286,0.6923076923076923
1008,2.775415917284765,0.6923076923076923
1009,2.7920902256529976,0.7692307692307693
1010,3.075536385015071,0.7307692307692307
1011,3.005484713067343,0.8076923076923077
1012,3.014005492980017,0.7307692307692307
1013,2.6710591826332966,0.8461538461538461
1014,2.9856935834249843,0.7692307692307693
1015,3.4195837197574273,0.7692307692307693
1016,2.6694402219519553,0.7692307692307693
1017,3.278912313495012,0.8076923076923077
1018,3.7993745608339293,0.8846153846153846
1019,3.039671197396811,0.7692307692307693
1020,2.759566636853177,0.8461538461538461
1021,3.095088788201321,0.8076923076923077
1022,2.6425613459211315,0.7307692307692307
1023,2.81682276832214,0.8076923076923077
1024,2.3293365637647323,0.7307692307692307
1025,2.7462870543097067,0.7307692307692307
1026,2.9616496512005885,0.6923076923076923
1027,2.722399775105954,0.6923076923076923
1028,2.4371194210935903,0.5769230769230769
1029,3.0887455061437814,0.7307692307692307
1030,2.4385802088133945,0.6923076923076923
1031,2.8425589437250456,0.7692307692307693
1032,3.6353581631497756,0.6923076923076923
1033,2.630423182542218,0.6923076923076923
1034,3.9891222741823897,0.5769230769230769
1035,2.8737205091235856,0.5769230769230769
1036,3.031113592515254,0.6923076923076923
1037,3.120303413804834,0.6538461538461539
1038,3.360536618536095,0.8076923076923077
1039,2.8775258512619835,0.8076923076923077
1040,3.0455516249680676,0.8461538461538461
1041,3.1211345500868903,0.8076923076923077
1042,3.9455536443466968,0.8461538461538461
1043,3.894229181838398,0.8846153846153846
1044,3.470726436352614,0.8846153846153846
1045,5.25766266912816,0.9230769230769231
1046,4.109466048356202,0.8461538461538461
1047,3.486908781199687,0.8846153846153846
1048,3.474386384501787,0.8846153846153846
1049,3.1249880467894213,0.8846153846153846
1050,3.061655981880238,0.9230769230769231
1051,3.865045065274104,0.8846153846153846
1052,3.295559018804576,0.9230769230769231
1053,3.317500135698932,0.8461538461538461
1054,3.68043905369417,0.8846153846153846
1055,4.503843617710087,0.8461538461538461
1056,3.5810673718498274,0.8846153846153846
1057,3.982357133408372,0.7692307692307693
1058,4.522878014294319,0.8461538461538461
1059,3.363325075093522,0.8846153846153846
1060,3.212700966385562,0.7692307692307693
1061,3.499077524103331,0.8076923076923077
1062,3.4586536750305115,0.8076923076923077
1063,3.0392248682176666,0.8076923076923077
1064,4.12934181692083,0.8461538461538461
1065,3.4372972007176625,0.7307692307692307
1066,3.011670068900723,0.8076923076923077
1067,4.097071077869706,0.7692307692307693
1068,4.041437972777079,0.8076923076923077
1069,2.9158871111575304,0.8076923076923077
1070,3.2036160865676107,0.7692307692307693
1071,3.3723468190828267,0.8846153846153846
1072,3.179662681366091,0.8846153846153846
1073,3.6766048543742453,0.9615384615384616
1074,3.1644406338839985,0.8846153846153846
1075,3.2993580954672197,0.8076923076923077
1076,3.3677134551887655,0.8076923076923077
1077,4.278674046605741,0.8461538461538461
1078,3.6330310079452333,0.8076923076923077
1079,3.672791328863457,0.8076923076923077
1080,3.5577149169495996,0.7307692307692307
1081,3.8754516102615213,0.7307692307692307
1082,3.760812298553384,0.7692307692307693
1083,3.587969130213925,0.7692307692307693
1084,4.136176737149178,0.8076923076923077
1085,3.8131216738628244,0.8076923076923077
1086,3.426360997096013,0.7307692307692307
1087,3.7528262725979293,0.6538461538461539
1088,3.445635477090295,0.7692307692307693
1089,4.043451601457459,0.7692307692307693
1090,3.6462297497813014,0.6538461538461539
1091,3.5926714210662594,0.6538461538461539
1092,3.846673514657878,0.6153846153846154
1093,3.600357177464594,0.6538461538461539
1094,3.246294232915269,0.6153846153846154
1095,3.7718961546512,0.6538461538461539
1096,3.429810931967944,0.6923076923076923
1097,3.322752393889667,0.6538461538461539
1098,3.059107901294372,0.7307692307692307
1099,3.84353032259652,0.7307692307692307
1100,3.627801757113269,0.6153846153846154
1101,3.6248062441693785,0.6538461538461539
1102,3.818785870310182,0.7307692307692307
1103,3.5451514009514176,0.7692307692307693
1104,3.304005732885922,0.6923076923076923
1105,2.6009119087222796,0.6153846153846154
1106,2.8937972875661946,0.6923076923076923
1107,3.1588757603824713,0.6923076923076923
1108,3.1987364736831245,0.6923076923076923
1109,2.7960738744477376,0.6923076923076923
1110,3.0585531008200086,0.6923076923076923
1111,3.0877715175063507,0.5769230769230769
1112,2.879775385167892,0.5769230769230769
1113,2.8826691364605983,0.5769230769230769
1114,2.729709063130286,0.5384615384615384
1115,3.537069581049143,0.5384615384615384
1116,3.2688734549746945,0.6153846153846154
1117,2.739761361167377,0.46153846153846156
1118,2.885915896026625,0.5384615384615384
1119,2.475272858040184,0.5384615384615384
1120,2.5892537688185815,0.6153846153846154
1121,2.573493481283754,0.5769230769230769
1122,2.179625074273682,0.6538461538461539
1123,1.9685594434204479,0.6923076923076923
1124,2.3124418952586954,0.6538461538461539
1125,2.289872669660478,0.6923076923076923
1126,2.4242267076936423,0.6153846153846154
1127,2.2168637038028725,0.7307692307692307
1128,2.463872880248046,0.6538461538461539
1129,2.833741395109119,0.7307692307692307
1130,2.832028830006798,0.6538461538461539
1131,2.901263172433728,0.6153846153846154
1132,3.165842960823777,0.7692307692307693
1133,2.6976575428955902,0.6153846153846154
1134,2.5161667902402414,0.6923076923076923
1135,2.77825338395862,0.8076923076923077
1136,3.576506763838581,0.7692307692307693
1137,2.3142233010194246,0.6538461538461539
1138,2.23841440634041,0.6538461538461539
1139,2.748203514488341,0.8461538461538461
1140,2.5725758755239294,0.7307692307692307
1141,2.2187829578383305,0.7307692307692307
1142,2.610190440737232,0.6923076923076923
1143,2.983118197950664,0.7307692307692307
1144,2.552896783415021,0.7692307692307693
1145,2.562781962747814,0.6923076923076923
1146,2.719455372578217,0.7692307692307693
1147,2.6774556217302705,0.6923076923076923
1148,2.523425507372056,0.6923076923076923
1149,2.4629704621131516,0.8076923076923077
1150,2.8254819088077525,0.8076923076923077
1151,2.5160752205567296,0.8076923076923077
1152,2.5741022674145873,0.8076923076923077
1153,3.2197762663428673,0.7692307692307693
1154,2.9035055554306766,0.7307692307692307
1155,3.0234362340014,0.7692307692307693
1156,2.8581730014648112,0.8461538461538461
1157,3.1606604059607277,0.7307692307692307
1158,3.0379437970655996,0.7692307692307693
1159,2.853386170128301,0.6153846153846154
1160,2.8096043983985055,0.7307692307692307
1161,2.66744376552085,0.6923076923076923
1162,2.900831932871946,0.6923076923076923
1163,3.104975102064527,0.7307692307692307
1164,3.2686316037819387,0.7307692307692307
1165,2.8666197049085635,0.7692307692307693
1166,3.00697992842835,0.6923076923076923
1167,3.003318385022367,0.7307692307692307
1168,3.5097602256776685,0.8461538461538461
1169,3.2929009566642655,0.7307692307692307
1170,3.174850881265691,0.7692307692307693
1171,4.135310885715778,0.8076923076923077
1172,3.1011913518449483,0.7307692307692307
1173,3.676428592882396,0.7692307692307693
1174,3.0903633564215296,0.7307692307692307
1175,3.4528077511820015,0.8076923076923077
1176,3.678350877444443,0.7307692307692307
1177,3.5874718521184055,0.8461538461538461
1178,3.713879913244537,0.6923076923076923
1179,3.68133323879955,0.7307692307692307
1180,3.6831499619239207,0.7307692307692307
1181,4.420635536627963,0.8076923076923077
1182,3.2619590801093565,0.8076923076923077
1183,4.219378095215908,0.7692307692307693
1184,3.3035308806499204,0.8076923076923077
1185,3.941071448708951,0.6923076923076923
1186,4.324035878781639,0.8461538461538461
1187,4.4141887979853704,0.8461538461538461
1188,3.0933054496701198,0.8461538461538461
1189,3.435893969285852,0.8076923076923077
1190,3.553259925839689,0.7307692307692307
1191,3.443705419688561,0.7692307692307693
1192,2.8268164968261615,0.7692307692307693
1193,3.3032311094797615,0.6923076923076923
1194,3.2471263216968094,0.7692307692307693
1195,3.4362713583203766,0.7692307692307693
1196,3.530874130660341,0.8461538461538461
1197,2.996769786109157,0.8461538461538461
1198,3.2524128178845895,0.8076923076923077
1199,2.7369376655429445,0.7307692307692307
1200,4.2833221820670735,0.7307692307692307
1201,2.9605716063376697,0.7692307692307693
1202,3.2435472297680117,0.8076923076923077
1203,2.463182193130407,0.6538461538461539
1204,3.184243065997185,0.8846153846153846
1205,3.170289618951739,0.7692307692307693
1206,3.6691269536180426,0.7307692307692307
1207,3.366405990247827,0.7692307692307693
1208,3.304104804553444,0.8076923076923077
1209,3.2708143823577642,0.7692307692307693
1210,3.2247936547930798,0.7307692307692307
1211,2.8168969315328125,0.6923076923076923
1212,3.3664445010404807,0.6923076923076923
1213,3.2989819812402814,0.7692307692307693
1214,3.531372104955174,0.8076923076923077
1215,2.984331005182823,0.8461538461538461
1216,3.508055635370777,0.8076923076923077
1217,3.284270098193818,0.6538461538461539
1218,3.4931324657129883,0.7307692307692307
1219,3.7305202765005223,0.7307692307692307
1220,3.175347996582702,0.6153846153846154
1221,2.9882127272321677,0.6538461538461539
1222,2.334234237958254,0.5769230769230769
1223,3.4247560175846252,0.6923076923076923
1224,3.102638077741595,0.5769230769230769
1225,3.816991827471468,0.6923076923076923
1226,3.9293115112144745,0.6538461538461539
1227,3.1135405590537757,0.5769230769230769
1228,3.2879721894454876,0.6538461538461539
1229,3.429471697753994,0.6538461538461539
1230,3.1684452711630953,0.6538461538461539
1231,4.148752657958372,0.6923076923076923
1232,3.3426780055599736,0.6538461538461539
1233,3.7162385574197456,0.6538461538461539
1234,3.744643819022028,0.6923076923076923
1235,3.2299885778852815,0.6923076923076923
1236,3.2286817765239633,0.6923076923076923
1237,3.343115729087148,0.6923076923076923
1238,3.4730854882553763,0.6153846153846154
1239,3.2703205973983427,0.6923076923076923
1240,3.9930928668592247,0.5384615384615384
1241,3.3046234131289447,0.6923076923076923
1242,3.225407601255713,0.6538461538461539
1243,4.105074870609303,0.6923076923076923
1244,3.0785341622331277,0.6153846153846154
1245,3.2120617408296117,0.7692307692307693
1246,3.142000190972309,0.7692307692307693
1247,3.4513466725409194,0.6923076923076923
1248,3.8697173327221335,0.6923076923076923
1249,3.668766174446868,0.6923076923076923
1250,3.839725799100359,0.6923076923076923
1251,3.5435163438504866,0.7692307692307693
1252,3.6774855675825275,0.6153846153846154
1253,3.5588603216935932,0.7307692307692307
1254,3.469670406785515,0.6153846153846154
1255,3.252159605297599,0.7307692307692307
1256,3.4500192829399183,0.6923076923076923
1257,3.1631128300528495,0.7307692307692307
1258,2.9208594313612366,0.6153846153846154
1259,3.067829309860382,0.7307692307692307
1260,4.134401053814325,0.6923076923076923
1261,3.312738852894406,0.6538461538461539
1262,3.3048041260752257,0.7307692307692307
1263,3.429323322593336,0.6538461538461539
1264,3.2715859912780845,0.6153846153846154
1265,3.1905971925674743,0.7307692307692307
1266,3.342067657470155,0.6538461538461539
1267,3.3527820848248657,0.6153846153846154
1268,4.285876288159538,0.7692307692307693
1269,3.433995143590093,0.6538461538461539
1270,3.192395228126937,0.8076923076923077
1271,3.416869510535946,0.6538461538461539
1272,3.357516834627541,0.6923076923076923
1273,3.3805025803215556,0.6153846153846154
1274,2.64569764830856,0.7307692307692307
1275,3.3249481770846665,0.6153846153846154
1276,2.871774581934365,0.6538461538461539
1277,2.955532062165811,0.6923076923076923
1278,2.9607312397906442,0.7692307692307693
1279,2.9363667328182412,0.6538461538461539
1280,2.6128056363761463,0.6923076923076923
1281,2.3389385422210953,0.7307692307692307
1282,2.853471214653237,0.6538461538461539
1283,3.230347598094007,0.6538461538461539
1284,3.0523467537399327,0.6923076923076923
1285,2.7556340988327754,0.6538461538461539
1286,2.5704640331050417,0.6538461538461539
1287,2.9846189097593574,0.6538461538461539
1288,2.7290915172456103,0.6153846153846154
1289,4.690328231200719,0.8461538461538461
1290,3.169866087838999,0.7692307692307693
1291,3.1296653057490684,0.6153846153846154
1292,3.09759876142385,0.7307692307692307
1293,2.816375764841662,0.5769230769230769
1294,2.7210987496762833,0.5769230769230769
1295,3.387276697789219,0.7307692307692307
1296,3.0032309607863485,0.7307692307692307
1297,2.9654049716986783,0.6923076923076923
1298,2.49340749696018,0.8076923076923077
1299,3.137320325834373,0.6923076923076923
1300,2.659504793937032,0.6153846153846154
1301,2.5129920692400285,0.6538461538461539
1302,3.239037871046996,0.7307692307692307
1303,2.633662781816413,0.7307692307692307
1304,2.529488327930238,0.6923076923076923
1305,2.773868758229377,0.6538461538461539
1306,3.20512825713815,0.8076923076923077
1307,2.155890720378754,0.7307692307692307
1308,2.330362623925152,0.7307692307692307
1309,2.622186464362998,0.6923076923076923
1310,2.7138416855900127,0.7692307692307693
1311,2.837893107763807,0.6538461538461539
1312,2.947624077521735,0.7307692307692307
1313,2.4377819210921614,0.6538461538461539
1314,2.366696561346867,0.7307692307692307
1315,2.680921421635424,0.7692307692307693
1316,2.5352224708335553,0.6923076923076923
1317,3.901840585226035,0.5769230769230769
1318,2.7611673764785,0.6538461538461539
1319,3.1650442961614527,0.8076923076923077
1320,2.2973807340888026,0.6538461538461539
1321,2.734845100460147,0.7692307692307693
1322,2.5103598680002284,0.6923076923076923
1323,2.4383400865463845,0.7307692307692307
1324,2.46280295158813,0.7692307692307693
1325,3.012218180048566,0.7307692307692307
1326,1.9236335377844282,0.8076923076923077
1327,2.2499621902661646,0.7692307692307693
1328,2.7919915439592793,0.6538461538461539
1329,2.1552945739903433,0.6538461538461539
1330,2.305949642040678,0.6923076923076923
1331,2.542355236336624,0.6538461538461539
1332,2.7066388505650716,0.7307692307692307
1333,3.083038612972876,0.7307692307692307
1334,2.5872322522898132,0.6923076923076923
1335,2.982680021967238,0.6538461538461539
1336,2.8478331367561136,0.5769230769230769
1337,2.094071424393421,0.6923076923076923
1338,2.66753010774419,0.6538461538461539
1339,3.9263429726873684,0.7307692307692307
1340,2.6816986979195896,0.7307692307692307
1341,2.7791733282426367,0.6153846153846154
1342,2.222669325182464,0.6153846153846154
1343,2.3951933858780414,0.7307692307692307
1344,2.3128269143972155,0.6153846153846154
1345,3.443580969025122,0.6538461538461539
1346,2.5553420925901986,0.6923076923076923
1347,2.283623425520415,0.6538461538461539
1348,2.549433484978664,0.6153846153846154
1349,2.9606935214093113,0.7307692307692307
1350,3.7497168367268423,0.5769230769230769
1351,2.9607384283048552,0.7307692307692307
1352,2.45400336384536,0.6923076923076923
1353,2.7797451368020045,0.7307692307692307
1354,3.165103736732259,0.8076923076923077
1355,3.3699413168340726,0.8461538461538461
1356,3.151395623990128,0.7692307692307693
1357,3.5832807525623647,0.8076923076923077
1358,3.5008281881980388,0.7692307692307693
1359,3.289338644746318,0.8846153846153846
1360,3.5889269059356828,0.8461538461538461
1361,3.1785180577398515,0.8461538461538461
1362,3.8145296201923196,0.7692307692307693
1363,3.5791873725764773,0.7692307692307693
1364,3.6557888114702832,0.8461538461538461
1365,3.4723550864262283,0.8461538461538461
1366,3.652734678773335,0.7307692307692307
1367,3.6437058050301743,0.7307692307692307
1368,3.242842599832376,0.8076923076923077
1369,3.299911251566434,0.8076923076923077
1370,3.114374185227292,0.8846153846153846
1371,2.9882831170248503,0.7692307692307693
1372,3.1796417213032515,0.9230769230769231
1373,3.410242062398971,0.8461538461538461
1374,2.984875842951311,0.8076923076923077
1375,2.7067641966849223,0.8076923076923077
1376,2.7123984479612595,0.8076923076923077
1377,2.361356559337151,0.7692307692307693
1378,2.7793237612645725,0.8076923076923077
1379,2.67509453192935,0.6923076923076923
1380,3.0138669992420466,0.6923076923076923
1381,3.1089946615162223,0.7692307692307693
1382,2.904005600014814,0.8076923076923077
1383,2.5501173299569313,0.7692307692307693
1384,3.404480279857002,0.7692307692307693
1385,2.4202594321322644,0.8076923076923077
1386,3.086460109823528,0.7692307692307693
1387,2.8096908335706683,0.8461538461538461
1388,3.0263668476539767,0.6923076923076923
1389,2.9409696326644736,0.7692307692307693
1390,3.018439281065805,0.6923076923076923
1391,2.997544480891754,0.7307692307692307
1392,2.8725549826068244,0.7307692307692307
1393,3.508365202000333,0.7307692307692307
1394,2.5953223187109913,0.6923076923076923
1395,2.763482078683996,0.6923076923076923
1396,3.161790808898297,0.6153846153846154
1397,3.0104993446609845,0.7692307692307693
1398,2.8719516098739652,0.7307692307692307
1399,2.959119287311692,0.7692307692307693
1400,2.921766643710619,0.6923076923076923
1401,3.2047082596063268,0.6538461538461539
1402,2.6263560916005497,0.5769230769230769
1403,2.8275318146096238,0.5769230769230769
1404,3.0664999090518963,0.6538461538461539
1405,2.495613598824298,0.5384615384615384
1406,2.692962148833498,0.6153846153846154
1407,2.5430745754673927,0.6923076923076923
1408,3.0939736938192866,0.6923076923076923
1409,3.123349205796081,0.6923076923076923
1410,2.8996539308217826,0.5769230769230769
1411,2.7122903679013595,0.6538461538461539
1412,3.2511697497064684,0.8076923076923077
1413,2.7635860214132517,0.6538461538461539
1414,2.7176868602523507,0.6153846153846154
1415,2.6363239394712865,0.6538461538461539
1416,2.664229535667633,0.6538461538461539
1417,2.5471555282529295,0.6923076923076923
1418,2.8646092023325016,0.6538461538461539
1419,2.5729196197209143,0.6923076923076923
1420,2.423804251102985,0.5384615384615384
1421,2.4411415255561515,0.6538461538461539
1422,2.973131367688687,0.6538461538461539
1423,2.4354691493460905,0.6538461538461539
1424,2.5228185630025086,0.5769230769230769
1425,2.4516252684942343,0.6153846153846154
1426,2.9996247178877598,0.6923076923076923
1427,3.1332300231706927,0.6923076923076923
1428,2.2732788942643394,0.6538461538461539
1429,2.9850590783043067,0.5384615384615384
1430,2.5283534488598214,0.5769230769230769
1431,2.1949417848711925,0.5384615384615384
1432,2.1961762336523645,0.6153846153846154
1433,2.079389007059507,0.6153846153846154
1434,2.4751254745944316,0.5384615384615384
1435,2.5843180477065637,0.5384615384615384
1436,3.3106075401273767,0.5769230769230769
1437,2.9534276645936535,0.5384615384615384
1438,2.675005376780719,0.5384615384615384
1439,3.0298970185819867,0.5769230769230769
1440,2.6122001701375046,0.5
1441,2.6091442683847603,0.5384615384615384
1442,2.766991614569682,0.5384615384615384
1443,2.5466096963091687,0.5
1444,2.6379051006746987,0.5
1445,2.9152143667923722,0.5769230769230769
1446,2.5245445865596317,0.4230769230769231
1447,2.982694264590709,0.5384615384615384
1448,2.6850977908202336,0.5384615384615384
1449,2.881918156741454,0.5384615384615384
1450,2.955097317297959,0.5769230769230769
1451,3.2523223939261268,0.6153846153846154
1452,3.318221666864571,0.5769230769230769
1453,3.3240320157368055,0.5769230769230769
1454,3.3694661607671534,0.5384615384615384
1455,2.9963565988578424,0.6153846153846154
1456,3.0209021266596294,0.6153846153846154
1457,2.972682133249875,0.5769230769230769
1458,2.983141113003465,0.6538461538461539
1459,2.7745479458351356,0.6538461538461539
1460,2.933526015418945,0.6538461538461539
1461,3.3107037234683347,0.6923076923076923
1462,2.8072585263740697,0.6538461538461539
1463,3.106242822007701,0.6538461538461539
1464,2.993765282072907,0.6538461538461539
1465,3.1050711591191775,0.6538461538461539
1466,3.092009145597033,0.6153846153846154
1467,3.1412195851497997,0.6538461538461539
1468,3.6286920466284722,0.6153846153846154
1469,4.2612164467021385,0.5769230769230769
1470,2.58477211159139,0.5384615384615384
1471,2.6415103797109953,0.5384615384615384
1472,3.256502079088109,0.6153846153846154
1473,2.764914012503473,0.6153846153846154
1474,2.6911881544755056,0.5
1475,3.16709890549631,0.5384615384615384
1476,2.6114860521527388,0.5384615384615384
1477,2.3791400672589096,0.5769230769230769
1478,2.9679846469962885,0.6923076923076923
1479,2.7766944625941,0.6538461538461539
1480,2.9739044687379774,0.7307692307692307
1481,2.7862914239531347,0.7692307692307693
1482,2.9605797039395565,0.6538461538461539
1483,2.985925767919421,0.6923076923076923
1484,3.100967117156939,0.6538461538461539
1485,3.0725481400231667,0.6923076923076923
1486,2.5050651842314955,0.7307692307692307
1487,3.1132744540617554,0.7307692307692307
1488,2.9820763321566597,0.6923076923076923
1489,3.2897873760880176,0.6538461538461539
1490,3.370992990768817,0.8076923076923077
1491,3.069807176199423,0.6923076923076923
1492,2.543464902866009,0.7307692307692307
1493,2.68811910989698,0.7307692307692307
1494,2.5375482923257584,0.7307692307692307
1495,3.280646891751681,0.7692307692307693
1496,3.3364736455700363,0.9230769230769231
1497,2.8789915737956484,0.6923076923076923
1498,2.6776179739143746,0.7307692307692307
1499,3.0514421001032916,0.6153846153846154
1500,2.9905817542401,0.6923076923076923
