# Trial 11: ath=0.0215  reg=2.88e-03  hd=1200  L=10  best_er=0.1923
iter,loss,error_rate
1,3.8006830182005054,0.7692307692307693
2,4.066635578611287,0.6923076923076923
3,3.64984636662244,0.6923076923076923
4,3.7623494591274658,0.7692307692307693
5,3.8849876475329825,0.7692307692307693
6,3.735478270404334,0.8461538461538461
7,3.8300635479733987,0.7692307692307693
8,3.2221545317480116,0.8461538461538461
9,3.5095273069921995,0.8461538461538461
10,3.3087843037117985,0.8461538461538461
11,3.2762524789954024,0.8846153846153846
12,3.179820807455569,0.8461538461538461
13,3.665801251556222,0.8461538461538461
14,3.9019366520455114,0.8461538461538461
15,3.394023344274014,0.8076923076923077
16,3.639841587104866,0.8461538461538461
17,3.500516564731705,0.8461538461538461
18,3.520409445180796,0.8076923076923077
19,3.7707256939861393,0.8846153846153846
20,3.5895115546061356,0.8461538461538461
21,3.661530996886919,0.8461538461538461
22,3.5917330730054116,0.8461538461538461
23,3.60267854273993,0.8461538461538461
24,3.3155461426615567,0.8846153846153846
25,3.7680994825741045,0.9230769230769231
26,3.3967626447436805,0.8461538461538461
27,3.580022254838427,0.9230769230769231
28,3.583316532841951,0.8461538461538461
29,3.552183178329969,0.9230769230769231
30,3.5300337005121807,0.6923076923076923
31,3.254796209571981,0.8076923076923077
32,3.4384768796566036,0.8461538461538461
33,3.2915101654625705,0.8461538461538461
34,3.3473311184788987,0.8846153846153846
35,3.431773553408139,0.9230769230769231
36,3.7313687229913186,0.8461538461538461
37,3.07641259611964,0.8076923076923077
38,3.4440048225298145,0.7692307692307693
39,3.397134192796552,0.7692307692307693
40,3.427992771858845,0.8461538461538461
41,3.19783236965132,0.8461538461538461
42,3.499808367951734,0.8846153846153846
43,3.092612755318863,0.8461538461538461
44,3.402598296850456,0.8846153846153846
45,2.9088533152557363,0.7307692307692307
46,2.9477906480278344,0.7307692307692307
47,3.3138523989777533,0.8076923076923077
48,2.9177382610817313,0.9230769230769231
49,3.306162296672378,0.8076923076923077
50,3.6065511924996425,0.8076923076923077
51,3.7645554119693623,0.8076923076923077
52,3.3509893092906213,0.7692307692307693
53,2.8128747318616547,0.7307692307692307
54,3.359892361027543,0.6923076923076923
55,3.3662091145591586,0.7692307692307693
56,3.3209538689199896,0.6923076923076923
57,3.858350342365705,0.7307692307692307
58,2.874326356484854,0.7692307692307693
59,3.602704755814835,0.8461538461538461
60,3.3294607626887203,0.6923076923076923
61,2.7393523288637938,0.7307692307692307
62,3.443024993617839,0.7307692307692307
63,3.494546719665779,0.6923076923076923
64,3.1585252856240036,0.7307692307692307
65,2.7102633202337705,0.7307692307692307
66,3.2923236054937903,0.7692307692307693
67,3.2864897203518955,0.7307692307692307
68,3.1766312946240767,0.6923076923076923
69,3.0703227133032764,0.7307692307692307
70,2.79113260760127,0.7307692307692307
71,3.118856772004846,0.7307692307692307
72,2.884703918215729,0.6538461538461539
73,3.538450126322985,0.6923076923076923
74,3.4285356354827448,0.6923076923076923
75,3.536380562967235,0.6923076923076923
76,3.2459867261277866,0.7692307692307693
77,3.4751415994801613,0.6923076923076923
78,3.304021946475362,0.7307692307692307
79,3.2050549338956356,0.6923076923076923
80,2.706362066091285,0.6538461538461539
81,2.7453378981634904,0.6538461538461539
82,2.8506761722358682,0.6923076923076923
83,2.998414794616682,0.6153846153846154
84,3.288051911014005,0.6923076923076923
85,3.0040043843760365,0.7307692307692307
86,2.9491102223318455,0.6923076923076923
87,3.0235681376789825,0.6923076923076923
88,3.3549275719900575,0.6538461538461539
89,3.1641065958712518,0.7307692307692307
90,3.3439545606659826,0.6153846153846154
91,3.107261653377156,0.6538461538461539
92,2.7235237407191235,0.7692307692307693
93,3.435354521680605,0.6153846153846154
94,3.0461534408912465,0.6538461538461539
95,3.622239520178646,0.6923076923076923
96,3.1879676806009867,0.5769230769230769
97,3.2718542794555696,0.5769230769230769
98,3.567900070457084,0.6538461538461539
99,2.88715813208085,0.6923076923076923
100,2.998088260354798,0.6153846153846154
101,3.389728958207657,0.6153846153846154
102,3.029567084289713,0.6538461538461539
103,2.9477148603447447,0.7307692307692307
104,3.3859465852997346,0.7307692307692307
105,3.0981273664120907,0.5769230769230769
106,2.5427136624736377,0.7307692307692307
107,2.630473287555928,0.7307692307692307
108,2.750713110118258,0.7307692307692307
109,2.7272930344295245,0.6538461538461539
110,3.189822853048043,0.7307692307692307
111,2.9117781487226337,0.6923076923076923
112,2.5879871768618408,0.6538461538461539
113,2.5555171166914867,0.6538461538461539
114,2.805406649864096,0.7307692307692307
115,3.1291865994112724,0.7692307692307693
116,2.93904037950555,0.7307692307692307
117,2.7597110682332846,0.7692307692307693
118,2.953082882176857,0.7692307692307693
119,2.873385319927838,0.7307692307692307
120,2.9290574534573377,0.7307692307692307
121,3.173605630009911,0.7307692307692307
122,2.8289441546759257,0.7307692307692307
123,3.1501211063225742,0.6538461538461539
124,2.7990249747799822,0.7307692307692307
125,2.875273298558399,0.7692307692307693
126,2.841200020920317,0.7307692307692307
127,3.1403700254640925,0.6923076923076923
128,2.819584801428202,0.6153846153846154
129,2.9009939074259803,0.6538461538461539
130,2.7528975053291522,0.6538461538461539
131,2.676137374795794,0.5769230769230769
132,3.1730563237202203,0.6923076923076923
133,2.6497816571790915,0.6538461538461539
134,2.9182575274853275,0.7307692307692307
135,2.685221765996503,0.6538461538461539
136,2.4202052962168663,0.6923076923076923
137,2.5186750094169943,0.7692307692307693
138,2.801262678686423,0.6538461538461539
139,2.584335282928402,0.6538461538461539
140,3.021278950840415,0.6153846153846154
141,2.957388366262554,0.6538461538461539
142,2.869164855057111,0.7307692307692307
143,2.4075171880404276,0.6538461538461539
144,2.529910508382674,0.6923076923076923
145,2.818288728701286,0.6923076923076923
146,2.798200725472486,0.6153846153846154
147,2.7727616862057065,0.6923076923076923
148,2.933259426167595,0.6153846153846154
149,2.882808329061724,0.6153846153846154
150,2.4905731423171464,0.6153846153846154
151,2.5045281023851134,0.6153846153846154
152,2.4477822379655034,0.7692307692307693
153,2.2739211828791666,0.5
154,2.52780508494616,0.5
155,2.2382000764575447,0.6153846153846154
156,2.4514261555565087,0.5769230769230769
157,2.255646194790782,0.5
158,2.4476562188907613,0.6153846153846154
159,2.1827714919808257,0.5769230769230769
160,2.15250590068841,0.5769230769230769
161,2.3593593490337113,0.5
162,2.098541025200084,0.5769230769230769
163,2.192475238174155,0.6923076923076923
164,2.3738196440358896,0.5769230769230769
165,2.267474322038709,0.6153846153846154
166,2.327994607613839,0.6153846153846154
167,2.6222145033767275,0.5384615384615384
168,2.469135325231097,0.46153846153846156
169,2.2569490793592215,0.5384615384615384
170,1.9485670364218655,0.46153846153846156
171,2.26180932012741,0.5384615384615384
172,2.0871469431690826,0.46153846153846156
173,2.1308323056126492,0.5
174,2.103569179959393,0.46153846153846156
175,2.0499657313899338,0.46153846153846156
176,2.383214031374864,0.5
177,2.14709769918289,0.5384615384615384
178,2.4400908301922897,0.5
179,2.0804476074847056,0.46153846153846156
180,1.9247357842887731,0.5
181,2.174244568133642,0.5384615384615384
182,2.4471760372298377,0.5
183,2.4652774422679835,0.5384615384615384
184,2.2383046846635883,0.5
185,2.209681716037748,0.5769230769230769
186,2.413691240231806,0.5
187,1.6680602812851513,0.5769230769230769
188,1.7308884154738273,0.5
189,2.1262382842190704,0.46153846153846156
190,2.0692821796850254,0.5384615384615384
191,2.163308175480001,0.5
192,2.2710629466941756,0.5
193,2.1553783915197045,0.5384615384615384
194,1.992683850571553,0.5
195,2.269621408444583,0.5
196,2.40788415933986,0.5769230769230769
197,2.044871623688693,0.5
198,2.4659180148675643,0.5384615384615384
199,1.6994512316283057,0.5769230769230769
200,2.4175355161665224,0.5769230769230769
201,2.045634573595084,0.6153846153846154
202,2.3012074464961163,0.5384615384615384
203,2.0809428596097472,0.6153846153846154
204,2.1395999683272997,0.5384615384615384
205,2.2900468784081935,0.4230769230769231
206,2.610217164228644,0.5
207,2.301402691715657,0.5384615384615384
208,2.046349110948771,0.4230769230769231
209,2.1056778924037456,0.5
210,1.764585897654741,0.5769230769230769
211,2.559023660410959,0.5769230769230769
212,2.3783244699742827,0.5
213,2.107211569364458,0.46153846153846156
214,2.1136202981696384,0.5769230769230769
215,2.085601293631009,0.5
216,2.054480085388962,0.4230769230769231
217,2.215795380418138,0.46153846153846156
218,2.155712163767788,0.6153846153846154
219,2.0108049653185107,0.5769230769230769
220,2.3017924525331446,0.5
221,2.1881475637132928,0.5384615384615384
222,2.1526907285049157,0.5
223,1.8141364475149975,0.4230769230769231
224,2.2379873025907004,0.4230769230769231
225,2.1592692227042427,0.5384615384615384
226,2.0461879187587044,0.5
227,2.4150797001309656,0.5
228,2.3159129544396757,0.5384615384615384
229,1.9360591573893828,0.5
230,2.3557953776231515,0.5384615384615384
231,2.047622071296578,0.4230769230769231
232,2.159638290400284,0.46153846153846156
233,2.0081701868032735,0.5
234,2.800800492702612,0.5
235,3.071028799267869,0.5
236,1.7840141983471751,0.5
237,1.754550923614047,0.4230769230769231
238,1.7203918299098517,0.4230769230769231
239,2.01412617567615,0.5769230769230769
240,1.9760023688681692,0.5769230769230769
241,1.5352257429148803,0.5384615384615384
242,1.8763674912271344,0.5
243,1.4309720655032945,0.46153846153846156
244,2.064466314491889,0.5384615384615384
245,1.8520993797448897,0.5769230769230769
246,1.3881224171674258,0.5
247,1.5652408259085386,0.6153846153846154
248,1.8607589438308199,0.46153846153846156
249,1.9327745345479466,0.46153846153846156
250,1.7491094282134065,0.5384615384615384
251,1.658183700560708,0.5769230769230769
252,1.8430301711883221,0.5384615384615384
253,1.6567903589852528,0.5384615384615384
254,1.52826913179589,0.5384615384615384
255,1.8232381412936018,0.5769230769230769
256,1.7511110877137095,0.5384615384615384
257,1.8811684335252257,0.5384615384615384
258,1.6631578262014635,0.5384615384615384
259,1.7746981006098883,0.5769230769230769
260,1.7317268217667898,0.5
261,1.6671549119545674,0.46153846153846156
262,1.632989053532986,0.5769230769230769
263,1.8205241274967332,0.5384615384615384
264,1.6177665914570487,0.5384615384615384
265,1.8991037076788808,0.6153846153846154
266,1.702157978347159,0.5769230769230769
267,1.4779265117003884,0.5384615384615384
268,1.6676026255325818,0.5
269,1.5254916970167431,0.6538461538461539
270,1.7565650585197665,0.5
271,1.6171673851216386,0.5
272,2.610986577604012,0.5
273,1.463981210151894,0.5
274,1.540547453630117,0.38461538461538464
275,1.605581603559655,0.5384615384615384
276,1.583193675213528,0.38461538461538464
277,1.672381377767772,0.4230769230769231
278,1.6923575037852001,0.38461538461538464
279,1.5172458353928917,0.4230769230769231
280,1.2308444376171437,0.4230769230769231
281,1.5139710510588769,0.46153846153846156
282,1.5216157561088348,0.46153846153846156
283,1.4457812600045856,0.5
284,1.25550069608473,0.46153846153846156
285,1.6602811065273615,0.5384615384615384
286,1.658269797184242,0.46153846153846156
287,1.3443038253221826,0.46153846153846156
288,1.8428179558867268,0.46153846153846156
289,2.0915551951913764,0.5769230769230769
290,1.391309957378837,0.46153846153846156
291,1.8109020915815062,0.46153846153846156
292,1.8797587273827594,0.5
293,2.369097784212855,0.46153846153846156
294,2.448982516763233,0.5769230769230769
295,1.6314518425046327,0.38461538461538464
296,1.8739558204180982,0.5
297,1.841616290026777,0.4230769230769231
298,1.8774769091299064,0.5
299,1.5032268129234145,0.46153846153846156
300,1.5909329634772762,0.5
301,1.8473663767588184,0.5769230769230769
302,1.6998374000829217,0.5
303,1.9886137457139474,0.46153846153846156
304,2.3006984286115033,0.38461538461538464
305,1.6186758026584942,0.4230769230769231
306,1.743991845467327,0.46153846153846156
307,1.6942013881923126,0.4230769230769231
308,1.4110596604482437,0.34615384615384615
309,1.4509806080369554,0.4230769230769231
310,1.7064829159456514,0.4230769230769231
311,1.245170405136657,0.4230769230769231
312,1.5481001496658053,0.4230769230769231
313,1.4342370674372416,0.38461538461538464
314,1.4504286103276225,0.38461538461538464
315,1.5845640200835123,0.38461538461538464
316,1.6037668319085188,0.34615384615384615
317,1.8024421730104276,0.4230769230769231
318,1.6627409215986089,0.38461538461538464
319,1.4339517998191873,0.4230769230769231
320,1.664264925618637,0.4230769230769231
321,1.8000323705742014,0.46153846153846156
322,1.4922756708277691,0.38461538461538464
323,1.8283068427559046,0.5384615384615384
324,1.5993546192589507,0.38461538461538464
325,1.9427328037831182,0.5
326,1.5653834379271478,0.4230769230769231
327,1.469832266504214,0.34615384615384615
328,1.369089758576644,0.4230769230769231
329,1.5301563951914554,0.46153846153846156
330,1.4544476348262383,0.46153846153846156
331,1.6474275026809662,0.4230769230769231
332,1.6730279764988858,0.5
333,1.4373207277386681,0.46153846153846156
334,1.6462775202214606,0.4230769230769231
335,1.1123832390547947,0.4230769230769231
336,1.70214877632497,0.5
337,1.7366930352191678,0.5
338,1.2716327525531979,0.34615384615384615
339,2.5031460073579486,0.38461538461538464
340,1.3631739964568872,0.46153846153846156
341,1.5924640521654325,0.38461538461538464
342,1.8081951695651277,0.46153846153846156
343,1.2873661684137407,0.38461538461538464
344,2.347425225595618,0.4230769230769231
345,1.337835179007556,0.4230769230769231
346,1.2278258079285522,0.4230769230769231
347,1.443374518689196,0.34615384615384615
348,1.6629963552955038,0.46153846153846156
349,1.2688524580954712,0.4230769230769231
350,1.0697083488861885,0.34615384615384615
351,0.9897452913635547,0.4230769230769231
352,1.3026151696820532,0.38461538461538464
353,1.3437282660324033,0.38461538461538464
354,1.433196898762755,0.34615384615384615
355,1.6073320115906635,0.34615384615384615
356,1.1891798446068662,0.4230769230769231
357,1.6259752249631472,0.3076923076923077
358,1.2680270302353027,0.4230769230769231
359,1.11291654795779,0.4230769230769231
360,1.519556352435404,0.4230769230769231
361,1.5715681444934275,0.4230769230769231
362,1.1342252726036488,0.34615384615384615
363,1.4904636406912442,0.4230769230769231
364,1.0233334617344174,0.2692307692307692
365,1.2317438679868518,0.34615384615384615
366,1.2694422001352117,0.38461538461538464
367,1.211198107099883,0.4230769230769231
368,1.20848763167443,0.38461538461538464
369,1.2635953844171848,0.38461538461538464
370,1.4242883320663613,0.34615384615384615
371,1.218774346803876,0.34615384615384615
372,1.0482926004668216,0.3076923076923077
373,1.2052538059698334,0.4230769230769231
374,1.1822623875074325,0.34615384615384615
375,1.3540826407783886,0.2692307692307692
376,1.0778803517562618,0.34615384615384615
377,1.0929505830895512,0.34615384615384615
378,1.4536247696153208,0.38461538461538464
379,1.224707426396943,0.34615384615384615
380,1.1365169459935132,0.38461538461538464
381,1.2961042942255536,0.34615384615384615
382,1.4626121318154566,0.34615384615384615
383,1.105463847194577,0.38461538461538464
384,0.9016228975696561,0.34615384615384615
385,1.106083084868497,0.38461538461538464
386,0.825199950449921,0.4230769230769231
387,1.1243380322870469,0.3076923076923077
388,1.4601454372410114,0.38461538461538464
389,1.3923940652437596,0.3076923076923077
390,1.213336194451442,0.38461538461538464
391,1.2246717871053259,0.3076923076923077
392,1.0361261468390262,0.38461538461538464
393,1.2524274515028977,0.34615384615384615
394,1.340092231454234,0.34615384615384615
395,1.0213312738772284,0.34615384615384615
396,1.1304251095468674,0.3076923076923077
397,0.9844989872819623,0.4230769230769231
398,1.0091167977876618,0.38461538461538464
399,1.1557891182197149,0.3076923076923077
400,1.0987514399485532,0.38461538461538464
401,0.9378672497717866,0.34615384615384615
402,1.105392407581082,0.34615384615384615
403,1.1119472859328412,0.38461538461538464
404,1.0412165825296955,0.38461538461538464
405,0.7658636088842377,0.34615384615384615
406,1.1391843337467846,0.4230769230769231
407,1.100697742004829,0.4230769230769231
408,0.7481062175700366,0.38461538461538464
409,0.8858445682737495,0.34615384615384615
410,1.3171388230798984,0.38461538461538464
411,1.1385744261872812,0.34615384615384615
412,1.9913397521532472,0.38461538461538464
413,1.0228581610793737,0.34615384615384615
414,1.0216418549710697,0.34615384615384615
415,0.9310684914296283,0.38461538461538464
416,0.8775413515590826,0.34615384615384615
417,0.865901307492996,0.38461538461538464
418,1.203212534809969,0.34615384615384615
419,1.1619815676152307,0.4230769230769231
420,1.0112348979082362,0.38461538461538464
421,1.0410652089936692,0.34615384615384615
422,1.0506090646589015,0.38461538461538464
423,1.0441359702537643,0.3076923076923077
424,1.2772400024408137,0.2692307692307692
425,0.8677301471834147,0.3076923076923077
426,0.9915920251262444,0.34615384615384615
427,1.1509526598199398,0.34615384615384615
428,1.0986195009435775,0.23076923076923078
429,1.1453111520692052,0.38461538461538464
430,1.3174348267236193,0.34615384615384615
431,1.070022076070409,0.2692307692307692
432,1.0859295533104092,0.34615384615384615
433,0.7770377903627539,0.34615384615384615
434,1.9307057138193633,0.38461538461538464
435,2.093801289079102,0.38461538461538464
436,0.94243840732925,0.38461538461538464
437,1.166766690197535,0.38461538461538464
438,0.9348674795064902,0.2692307692307692
439,1.0726834951501627,0.34615384615384615
440,0.8652421940023345,0.3076923076923077
441,0.8071870104418113,0.3076923076923077
442,1.0699252895567786,0.4230769230769231
443,0.9367654559052077,0.3076923076923077
444,0.842274327312539,0.34615384615384615
445,0.7608694939876188,0.38461538461538464
446,0.8962940078290769,0.34615384615384615
447,0.8098635309571525,0.3076923076923077
448,0.8384043625906945,0.3076923076923077
449,0.8353342916849802,0.3076923076923077
450,0.9285174912890102,0.38461538461538464
451,1.023310314823083,0.38461538461538464
452,0.8701867205741269,0.3076923076923077
453,0.9793819730387963,0.38461538461538464
454,0.7488702734180657,0.34615384615384615
455,0.8255012234623709,0.34615384615384615
456,0.7391884743959278,0.38461538461538464
457,0.8616472462917928,0.38461538461538464
458,0.7678136007516176,0.34615384615384615
459,1.1425315865564705,0.38461538461538464
460,0.7796030264889802,0.34615384615384615
461,1.0552750115943792,0.38461538461538464
462,0.9848202336369312,0.34615384615384615
463,0.8917702579484987,0.3076923076923077
464,0.8380674673046804,0.38461538461538464
465,0.904558965773612,0.34615384615384615
466,0.8598359001668427,0.38461538461538464
467,0.7931138679328646,0.38461538461538464
468,0.8817737298514432,0.38461538461538464
469,1.1128036572624107,0.3076923076923077
470,0.9437508959801693,0.3076923076923077
471,0.9936335640417768,0.34615384615384615
472,2.0363433215149565,0.38461538461538464
473,1.1046835935846873,0.34615384615384615
474,0.9337512072746756,0.3076923076923077
475,1.9177376071492132,0.38461538461538464
476,1.9213002291288057,0.34615384615384615
477,0.9968755042552457,0.34615384615384615
478,1.0498974697042898,0.34615384615384615
479,1.0848846993434984,0.34615384615384615
480,0.8181900713317103,0.34615384615384615
481,0.8976348951316448,0.34615384615384615
482,1.0356505881559341,0.38461538461538464
483,0.9696278576936253,0.34615384615384615
484,0.9020463202341278,0.46153846153846156
485,0.984434809327027,0.38461538461538464
486,0.9698531067489617,0.38461538461538464
487,1.014349350137586,0.3076923076923077
488,1.8203600218761267,0.38461538461538464
489,0.8781591345990769,0.34615384615384615
490,0.9189551921713028,0.34615384615384615
491,1.1165283758704445,0.23076923076923078
492,0.8526083988586746,0.34615384615384615
493,1.9517053912675277,0.34615384615384615
494,0.8985886009059332,0.3076923076923077
495,1.8514688710054772,0.34615384615384615
496,0.8159923851401052,0.3076923076923077
497,1.0431137595647995,0.2692307692307692
498,0.9133529858782428,0.34615384615384615
499,1.1051887531119673,0.3076923076923077
500,1.0207806464674416,0.38461538461538464
501,0.9918454560748793,0.3076923076923077
502,1.1166430128497358,0.4230769230769231
503,0.8658741914071957,0.4230769230769231
504,0.9583501787715143,0.34615384615384615
505,0.8519572975728029,0.3076923076923077
506,2.0236506876975877,0.34615384615384615
507,0.789717241395075,0.38461538461538464
508,0.8255352597924386,0.38461538461538464
509,2.300305287797306,0.34615384615384615
510,0.9158256373312081,0.38461538461538464
511,1.2065418407125015,0.34615384615384615
512,0.8873281077500068,0.34615384615384615
513,1.299115665379568,0.38461538461538464
514,1.7773794017427686,0.38461538461538464
515,1.108832673086973,0.3076923076923077
516,0.7448642271970907,0.23076923076923078
517,0.9039976583741804,0.34615384615384615
518,1.0073554930087159,0.2692307692307692
519,0.8783590112727335,0.34615384615384615
520,0.9293368891725438,0.23076923076923078
521,1.0288603915686987,0.38461538461538464
522,1.1834708947681936,0.4230769230769231
523,0.9352703327822414,0.34615384615384615
524,0.9327177925095005,0.38461538461538464
525,0.8143244552292792,0.38461538461538464
526,1.8712338871071053,0.34615384615384615
527,0.8848452850480597,0.38461538461538464
528,0.8566689704821053,0.46153846153846156
529,1.0003935591100057,0.38461538461538464
530,2.181436404188128,0.38461538461538464
531,1.1283377596276212,0.34615384615384615
532,0.9013551377791469,0.4230769230769231
533,0.912394637881933,0.46153846153846156
534,0.9713893417888013,0.4230769230769231
535,0.767897439048931,0.38461538461538464
536,0.6688020882727566,0.3076923076923077
537,1.996650518886291,0.3076923076923077
538,0.9300012665575537,0.38461538461538464
539,1.0361633013927638,0.34615384615384615
540,0.7955615970347387,0.4230769230769231
541,0.8495956280259125,0.38461538461538464
542,0.985796762389354,0.34615384615384615
543,0.9848038838185817,0.3076923076923077
544,1.9067308173551232,0.34615384615384615
545,1.01432283575165,0.38461538461538464
546,0.918704648592052,0.38461538461538464
547,0.8239050252245965,0.34615384615384615
548,1.1777611344138499,0.34615384615384615
549,0.7631011124589269,0.38461538461538464
550,1.9557555252828454,0.38461538461538464
551,0.8937528009549727,0.2692307692307692
552,0.8203313528540623,0.34615384615384615
553,1.0582251755675607,0.34615384615384615
554,0.9363733821576257,0.34615384615384615
555,0.7359408321868628,0.34615384615384615
556,1.0895148361024063,0.3076923076923077
557,0.781542836685575,0.38461538461538464
558,0.8916919591317831,0.38461538461538464
559,1.9960192110641142,0.38461538461538464
560,1.8140634213978388,0.3076923076923077
561,0.9345072528934282,0.38461538461538464
562,1.0996883092436573,0.38461538461538464
563,0.9251536176610382,0.3076923076923077
564,1.7962031634151554,0.4230769230769231
565,0.88222723058781,0.46153846153846156
566,1.0470108005842524,0.3076923076923077
567,0.8341922414612606,0.38461538461538464
568,0.9192091376167757,0.34615384615384615
569,0.810087448624643,0.3076923076923077
570,0.6430504862207136,0.38461538461538464
571,2.0116511873819753,0.2692307692307692
572,0.7137362539775545,0.2692307692307692
573,0.7174133230611499,0.3076923076923077
574,0.7254518964142154,0.38461538461538464
575,0.9332518703333603,0.4230769230769231
576,0.842528306195673,0.2692307692307692
577,0.844084675349392,0.38461538461538464
578,0.7338015798124058,0.3076923076923077
579,0.5209310740857038,0.2692307692307692
580,0.7963106084601859,0.3076923076923077
581,0.7528256033234992,0.3076923076923077
582,1.0005431791862147,0.34615384615384615
583,0.6487219081449989,0.34615384615384615
584,0.59069470315973,0.34615384615384615
585,0.7669987306549757,0.38461538461538464
586,0.8617586191238638,0.34615384615384615
587,0.7704896745268828,0.34615384615384615
588,0.6246919581560588,0.3076923076923077
589,0.7019377627351799,0.34615384615384615
590,0.6012248245555871,0.34615384615384615
591,0.6949030711301987,0.2692307692307692
592,0.7128682748176818,0.34615384615384615
593,0.5689788275716992,0.38461538461538464
594,0.7321752982460668,0.38461538461538464
595,0.655942767452768,0.3076923076923077
596,0.5941749939068854,0.3076923076923077
597,0.7728907033004231,0.4230769230769231
598,0.677572812689669,0.3076923076923077
599,0.6539406646927435,0.34615384615384615
600,0.5272033105559721,0.2692307692307692
601,0.7589385900649837,0.34615384615384615
602,0.6265126863102339,0.38461538461538464
603,0.658289350906621,0.3076923076923077
604,0.6963627971531139,0.3076923076923077
605,0.5797723127936005,0.38461538461538464
606,0.387161084697361,0.2692307692307692
607,0.743695661011444,0.38461538461538464
608,0.7536093817419132,0.3076923076923077
609,0.8258122478604375,0.38461538461538464
610,0.9960751401387693,0.34615384615384615
611,0.8129545947154937,0.3076923076923077
612,0.6840952464780261,0.38461538461538464
613,0.701776297282112,0.3076923076923077
614,0.6006292601887462,0.3076923076923077
615,0.6586902855531642,0.38461538461538464
616,0.9734588343059252,0.2692307692307692
617,0.6627284169553325,0.34615384615384615
618,0.7840498947604724,0.3076923076923077
619,0.5299102503458104,0.34615384615384615
620,0.8492919433326014,0.34615384615384615
621,0.5731270580271679,0.38461538461538464
622,0.6837088528268276,0.34615384615384615
623,0.6372684659217187,0.3076923076923077
624,0.9074988660791745,0.3076923076923077
625,0.6291362399188936,0.34615384615384615
626,0.9359181982313896,0.34615384615384615
627,0.7967532079020252,0.3076923076923077
628,0.6916593421198614,0.34615384615384615
629,0.7870155424496286,0.3076923076923077
630,0.9132412304690467,0.2692307692307692
631,1.0386635643181084,0.34615384615384615
632,0.7412398782942193,0.3076923076923077
633,0.6915638480773851,0.34615384615384615
634,0.7662825751458797,0.3076923076923077
635,0.6669166245921643,0.3076923076923077
636,0.548213544167643,0.2692307692307692
637,0.6743401421984401,0.3076923076923077
638,0.6850206478407634,0.3076923076923077
639,0.6221310844208685,0.3076923076923077
640,0.7279635934347879,0.38461538461538464
641,0.48528900426128674,0.34615384615384615
642,0.6082274671827324,0.2692307692307692
643,0.6852476326214223,0.34615384615384615
644,0.5209996183538257,0.2692307692307692
645,0.7238818571913286,0.34615384615384615
646,0.9013899245123489,0.38461538461538464
647,0.6974839775813639,0.2692307692307692
648,0.674999719319513,0.34615384615384615
649,0.4991832106501146,0.2692307692307692
650,1.5224067663876362,0.34615384615384615
651,0.49315310044036353,0.34615384615384615
652,0.5729175265232964,0.38461538461538464
653,0.3895772633563306,0.2692307692307692
654,0.8437128883362188,0.3076923076923077
655,0.5871682890264953,0.3076923076923077
656,0.7391442733286087,0.3076923076923077
657,0.4996672514740177,0.3076923076923077
658,0.6503147525144364,0.34615384615384615
659,0.6265565759653788,0.38461538461538464
660,0.5592294741668291,0.3076923076923077
661,0.5804279973652271,0.34615384615384615
662,0.5906365662444264,0.34615384615384615
663,0.6244337710840049,0.3076923076923077
664,0.922890005799053,0.34615384615384615
665,0.6913022721005078,0.34615384615384615
666,0.6851370025187409,0.38461538461538464
667,0.6424240089720281,0.34615384615384615
668,0.6357991904283615,0.34615384615384615
669,0.5969074744125518,0.34615384615384615
670,0.4418695428697932,0.3076923076923077
671,0.7223239330662801,0.34615384615384615
672,0.6589450328923898,0.34615384615384615
673,0.5011536972084847,0.34615384615384615
674,0.6021760856696146,0.34615384615384615
675,0.5565656197189632,0.3076923076923077
676,0.6294835907063945,0.3076923076923077
677,0.42402016339244986,0.3076923076923077
678,0.374943290433313,0.3076923076923077
679,0.5361559401885856,0.34615384615384615
680,0.5348785706685826,0.34615384615384615
681,0.5685314321283954,0.34615384615384615
682,0.583459191831504,0.3076923076923077
683,0.9289925285105156,0.3076923076923077
684,0.4308548166150783,0.3076923076923077
685,0.613460654003108,0.34615384615384615
686,0.5619037636311845,0.34615384615384615
687,0.5974321928863215,0.38461538461538464
688,0.5977495798896255,0.3076923076923077
689,1.5003490101794164,0.3076923076923077
690,0.7490533704420193,0.3076923076923077
691,0.38213197772304897,0.34615384615384615
692,0.594512003863441,0.34615384615384615
693,0.41018679489953547,0.2692307692307692
694,0.46407994945922804,0.34615384615384615
695,0.4799222108423802,0.34615384615384615
696,0.535018000532919,0.38461538461538464
697,0.7509404126633634,0.3076923076923077
698,0.5590800860384855,0.2692307692307692
699,0.6529633786037619,0.3076923076923077
700,0.718138170933277,0.3076923076923077
701,0.6937576792935203,0.3076923076923077
702,0.6790947801434739,0.38461538461538464
703,0.46940958975730496,0.34615384615384615
704,0.6576170666387333,0.34615384615384615
705,0.4958398812830822,0.34615384615384615
706,0.6140117661211923,0.3076923076923077
707,0.5475651610100716,0.34615384615384615
708,0.6438426925378291,0.38461538461538464
709,0.5804900458444275,0.3076923076923077
710,0.5221260516268251,0.34615384615384615
711,0.5236490989807856,0.3076923076923077
712,0.46145352545999785,0.3076923076923077
713,0.5608861421838403,0.34615384615384615
714,0.45808566129429673,0.3076923076923077
715,0.4220076957565162,0.38461538461538464
716,0.3861080486108599,0.34615384615384615
717,0.462513140798646,0.3076923076923077
718,0.5842518413967004,0.34615384615384615
719,0.4290785790018292,0.34615384615384615
720,0.48910828220454894,0.34615384615384615
721,0.6353248568618106,0.38461538461538464
722,0.47706583330568986,0.3076923076923077
723,0.4860643377328393,0.34615384615384615
724,0.7966442512335794,0.3076923076923077
725,0.4636966832409031,0.34615384615384615
726,0.5529840573889659,0.3076923076923077
727,0.34407904316491633,0.3076923076923077
728,0.5396115284108172,0.34615384615384615
729,0.6990954539204179,0.3076923076923077
730,0.4561122006965834,0.3076923076923077
731,0.7428420565011846,0.3076923076923077
732,0.4812316665128793,0.34615384615384615
733,0.45743403377960634,0.34615384615384615
734,0.5664448182687001,0.3076923076923077
735,0.39589392125282474,0.34615384615384615
736,0.5535177077799429,0.3076923076923077
737,0.7840722486602116,0.2692307692307692
738,0.5588213317473198,0.3076923076923077
739,0.603431911398387,0.34615384615384615
740,0.5492098873822324,0.38461538461538464
741,0.4871465438078011,0.2692307692307692
742,0.5339167120229931,0.3076923076923077
743,0.5487820388715159,0.2692307692307692
744,0.40715313389635766,0.38461538461538464
745,0.49207978928448926,0.3076923076923077
746,0.3451465208661082,0.3076923076923077
747,0.6583902134531403,0.3076923076923077
748,0.5769545940499676,0.3076923076923077
749,0.38907499306065674,0.34615384615384615
750,0.34314782204516003,0.34615384615384615
751,0.3567984478928681,0.3076923076923077
752,0.36434976877983916,0.34615384615384615
753,0.5497672382401322,0.3076923076923077
754,0.5339518690936345,0.34615384615384615
755,0.696131530890058,0.3076923076923077
756,0.7721775840629133,0.3076923076923077
757,0.5934072586378041,0.3076923076923077
758,0.527607774560408,0.38461538461538464
759,0.4843952667735776,0.3076923076923077
760,0.6254517639998913,0.2692307692307692
761,0.5523044057703319,0.3076923076923077
762,0.4650169713814436,0.34615384615384615
763,0.4515040773599379,0.3076923076923077
764,0.4850127609593198,0.3076923076923077
765,0.4022072141247719,0.34615384615384615
766,0.4198651671673752,0.3076923076923077
767,0.38458148639089673,0.3076923076923077
768,0.38106065233863573,0.3076923076923077
769,0.3480774528371562,0.34615384615384615
770,0.4418056214350474,0.3076923076923077
771,0.6768262771000306,0.3076923076923077
772,0.33993462816387776,0.34615384615384615
773,0.3557158346140006,0.3076923076923077
774,0.4732691790207899,0.34615384615384615
775,0.4676134611339986,0.34615384615384615
776,0.44209728461952746,0.34615384615384615
777,0.517235700266192,0.34615384615384615
778,0.4409564534977837,0.3076923076923077
779,0.7156352555634884,0.2692307692307692
780,0.34210192208370804,0.3076923076923077
781,0.45227004701407747,0.3076923076923077
782,0.44003428976155323,0.2692307692307692
783,0.49270424013385083,0.3076923076923077
784,0.36517770451373366,0.2692307692307692
785,0.46790857194134006,0.3076923076923077
786,0.4584569496327986,0.3076923076923077
787,0.3692940224109953,0.3076923076923077
788,0.47434179913676644,0.2692307692307692
789,0.5348850484657603,0.3076923076923077
790,0.4637475013183976,0.3076923076923077
791,0.4346362854926076,0.23076923076923078
792,0.4304868602016043,0.2692307692307692
793,0.5254016528061953,0.3076923076923077
794,0.5560748152639516,0.3076923076923077
795,0.3941169312625794,0.3076923076923077
796,0.5366157822082669,0.3076923076923077
797,0.6082602951665672,0.2692307692307692
798,0.5235069516365569,0.34615384615384615
799,0.24752134931398606,0.34615384615384615
800,0.45582698659121856,0.3076923076923077
801,0.4654422794073092,0.3076923076923077
802,0.37858231667609,0.2692307692307692
803,0.3006199149188138,0.3076923076923077
804,0.5827494862533866,0.3076923076923077
805,0.5397964884929638,0.2692307692307692
806,0.43583334710009547,0.3076923076923077
807,0.3049828665915024,0.3076923076923077
808,0.3288865600098134,0.3076923076923077
809,0.36504407473015155,0.2692307692307692
810,0.3944701713387073,0.3076923076923077
811,0.44743292938658064,0.3076923076923077
812,0.5704848649542704,0.3076923076923077
813,0.3126154232927454,0.3076923076923077
814,0.5540287202768885,0.3076923076923077
815,0.597722575453683,0.3076923076923077
816,0.5255999288532149,0.2692307692307692
817,0.6440539538445025,0.3076923076923077
818,0.32344203528232374,0.3076923076923077
819,0.31340815561042,0.3076923076923077
820,0.4595392380846728,0.3076923076923077
821,0.36837641708289937,0.34615384615384615
822,0.4504882014204359,0.2692307692307692
823,0.4294898470407431,0.3076923076923077
824,0.361745689426904,0.3076923076923077
825,0.31037437820798663,0.3076923076923077
826,0.2829194171876894,0.2692307692307692
827,0.2700101522692564,0.3076923076923077
828,0.46121657236167657,0.3076923076923077
829,0.19643457176078627,0.3076923076923077
830,0.2500110265652937,0.3076923076923077
831,0.4325118629976017,0.3076923076923077
832,0.2618685070815565,0.3076923076923077
833,0.29289967766538627,0.34615384615384615
834,0.3305549295953729,0.3076923076923077
835,0.22113375035934046,0.2692307692307692
836,0.22631194627190432,0.2692307692307692
837,0.2933592851520159,0.34615384615384615
838,0.34042096284367673,0.34615384615384615
839,0.2045892851228257,0.3076923076923077
840,0.30649813092771483,0.2692307692307692
841,0.3550573333218212,0.3076923076923077
842,0.20016822301681358,0.3076923076923077
843,0.3075390205662649,0.23076923076923078
844,0.17844895942931638,0.3076923076923077
845,0.4016545485254639,0.2692307692307692
846,0.27601079675045126,0.34615384615384615
847,0.16642599086214016,0.3076923076923077
848,0.3006749139788796,0.2692307692307692
849,0.3563961307645811,0.34615384615384615
850,0.21756850390566873,0.34615384615384615
851,0.25217133861952146,0.3076923076923077
852,0.15579063531027426,0.34615384615384615
853,0.36717053514021236,0.3076923076923077
854,0.23939116629934754,0.2692307692307692
855,0.21750328791272633,0.3076923076923077
856,0.2738318713969212,0.3076923076923077
857,0.09654973376225406,0.23076923076923078
858,0.3349980126905492,0.34615384615384615
859,0.17862608194678886,0.3076923076923077
860,0.23128656440532813,0.3076923076923077
861,0.33390532655175287,0.3076923076923077
862,0.4012550051583075,0.2692307692307692
863,0.18502734131192966,0.34615384615384615
864,0.30490783411244493,0.3076923076923077
865,0.23837781985751683,0.2692307692307692
866,0.1890996089526129,0.3076923076923077
867,0.39533713932828185,0.2692307692307692
868,0.46308938561068613,0.38461538461538464
869,0.17330094786392314,0.3076923076923077
870,0.40991717634226754,0.3076923076923077
871,0.19629710480984075,0.3076923076923077
872,0.21657956276075785,0.34615384615384615
873,0.23052287006507655,0.34615384615384615
874,0.37041756288556016,0.34615384615384615
875,0.314836707928686,0.3076923076923077
876,0.21856260976127118,0.34615384615384615
877,0.31116226671360225,0.3076923076923077
878,0.21959525378405553,0.34615384615384615
879,0.30375919035922827,0.34615384615384615
880,0.40485682223586306,0.3076923076923077
881,0.4493440032306273,0.38461538461538464
882,0.28878727352693767,0.2692307692307692
883,0.46799668795329774,0.34615384615384615
884,0.2644964480732943,0.2692307692307692
885,0.32846553609540763,0.2692307692307692
886,0.2516062192437518,0.3076923076923077
887,0.11978460331352858,0.3076923076923077
888,0.3016817115271464,0.19230769230769232
889,0.439052499468918,0.38461538461538464
890,0.33708678733759534,0.2692307692307692
891,0.20852871276147988,0.34615384615384615
892,0.2580419925145563,0.34615384615384615
893,0.23443337902565586,0.34615384615384615
894,0.38915506681235623,0.34615384615384615
895,0.1672639208758615,0.34615384615384615
896,0.27872492672400995,0.34615384615384615
897,0.34318169815014343,0.34615384615384615
898,0.3605496898580971,0.3076923076923077
899,0.41189676884506854,0.34615384615384615
900,0.06156588794828677,0.3076923076923077
901,0.24722102513335464,0.3076923076923077
902,0.25918688134829804,0.34615384615384615
903,0.226701909621299,0.3076923076923077
904,0.20408952198528274,0.3076923076923077
905,0.2373438729608619,0.34615384615384615
906,0.26837644646114667,0.3076923076923077
907,0.3494607172002917,0.38461538461538464
908,0.2632650771786338,0.34615384615384615
909,0.10158612832371716,0.2692307692307692
910,0.3726429075386015,0.34615384615384615
911,0.21645681658076077,0.3076923076923077
912,0.324081966709568,0.34615384615384615
913,0.2549470318565987,0.34615384615384615
914,0.3612985409364917,0.3076923076923077
915,0.33010329099409796,0.34615384615384615
916,0.23698681501864494,0.34615384615384615
917,0.22887894291414046,0.3076923076923077
918,0.15921435485400215,0.38461538461538464
919,0.22677648953523644,0.3076923076923077
920,0.2698013235536898,0.3076923076923077
921,0.13830808439937625,0.34615384615384615
922,0.22325474546205282,0.3076923076923077
923,0.3216158644437206,0.38461538461538464
924,0.22775546709859107,0.3076923076923077
925,0.327914822140424,0.38461538461538464
926,0.21420134309593308,0.3076923076923077
927,0.348103993733921,0.3076923076923077
928,0.17155370999336172,0.3076923076923077
929,0.14696634687886556,0.34615384615384615
930,0.32189449999079756,0.38461538461538464
931,0.3224337986227628,0.34615384615384615
932,0.10596567412711577,0.34615384615384615
933,0.22064950964871954,0.34615384615384615
934,0.3036238868222765,0.34615384615384615
935,0.2017033734180349,0.34615384615384615
936,0.24490332903624168,0.38461538461538464
937,0.20991618682564672,0.34615384615384615
938,0.28253259993258606,0.2692307692307692
939,0.12111785301824662,0.34615384615384615
940,0.24622742399923636,0.3076923076923077
941,0.47582883056151637,0.3076923076923077
942,0.33235347183684194,0.34615384615384615
943,0.20156723747761296,0.38461538461538464
944,0.16264692570541195,0.3076923076923077
945,0.1084620138463337,0.3076923076923077
946,0.3108736098650704,0.3076923076923077
947,0.23486708884101581,0.3076923076923077
948,0.18871179418666406,0.3076923076923077
949,0.2847616926566965,0.3076923076923077
950,0.128944575338942,0.3076923076923077
951,0.2589925492679681,0.34615384615384615
952,0.1445023636975109,0.3076923076923077
953,0.20399653660680706,0.34615384615384615
954,0.23361792838447526,0.34615384615384615
955,0.30085742689879513,0.3076923076923077
956,0.25311676540408934,0.34615384615384615
957,0.1969220271750074,0.3076923076923077
958,0.1567692229763633,0.3076923076923077
959,0.22547156723131456,0.34615384615384615
960,0.15575944145346288,0.38461538461538464
961,0.20572647001271438,0.34615384615384615
962,0.23983171233274803,0.3076923076923077
963,0.1007875896921906,0.38461538461538464
964,0.3784196834760243,0.38461538461538464
965,0.395218113164423,0.3076923076923077
966,0.20868351303895816,0.2692307692307692
967,0.30926512373312454,0.3076923076923077
968,0.26417933818656936,0.38461538461538464
969,0.35035991048957227,0.3076923076923077
970,0.2682697631042883,0.2692307692307692
971,0.2749306744367388,0.34615384615384615
972,0.16948726403419823,0.34615384615384615
973,0.2330422199495743,0.2692307692307692
974,0.24828049706955957,0.3076923076923077
975,0.21338179159016057,0.34615384615384615
976,0.23680445070384248,0.3076923076923077
977,0.23820045763070619,0.2692307692307692
978,0.15634118931736607,0.2692307692307692
979,0.210882372652355,0.34615384615384615
980,0.1367002351809261,0.3076923076923077
981,0.22029184903767485,0.38461538461538464
982,0.20244233309337778,0.3076923076923077
983,0.23813863950289837,0.3076923076923077
984,0.17097921988727638,0.34615384615384615
985,0.29445456705467254,0.2692307692307692
986,0.18465221438334112,0.2692307692307692
987,0.24341375281144417,0.3076923076923077
988,0.09813667456566133,0.2692307692307692
989,0.2755206965277428,0.34615384615384615
990,0.10466935826118995,0.34615384615384615
991,0.17102038436673128,0.34615384615384615
992,0.16948181151435415,0.2692307692307692
993,0.3280171468640236,0.2692307692307692
994,0.11846832452511524,0.23076923076923078
995,0.333336599803828,0.34615384615384615
996,0.27092964208816195,0.2692307692307692
997,0.13829597853570563,0.3076923076923077
998,0.09632175167470791,0.3076923076923077
999,-0.01932561342272665,0.3076923076923077
1000,0.2106739338607544,0.3076923076923077
1001,0.1652367704111115,0.3076923076923077
1002,0.2023370810230647,0.2692307692307692
1003,0.05939434546723232,0.2692307692307692
1004,0.12160187385192511,0.3076923076923077
1005,0.18952203862723804,0.3076923076923077
1006,0.21165941711721858,0.34615384615384615
1007,0.11781607634595215,0.3076923076923077
1008,0.13564533912304189,0.3076923076923077
1009,0.1379219011777253,0.3076923076923077
1010,0.19248455727990121,0.34615384615384615
1011,0.1801246325682948,0.3076923076923077
1012,0.10016619009092498,0.3076923076923077
1013,0.14432643208672014,0.38461538461538464
1014,0.15064155865141915,0.2692307692307692
1015,0.3619486161918499,0.34615384615384615
1016,0.11583978390729133,0.34615384615384615
1017,0.26033231491377595,0.3076923076923077
1018,0.10765588490207989,0.34615384615384615
1019,0.23163799032455046,0.3076923076923077
1020,0.19848157316273207,0.2692307692307692
1021,0.1454497837030826,0.3076923076923077
1022,0.08192957854092642,0.3076923076923077
1023,0.1283908163435008,0.3076923076923077
1024,0.17745617272181713,0.3076923076923077
1025,0.10758293819196174,0.3076923076923077
1026,0.20640711725258187,0.38461538461538464
1027,0.06315417810322499,0.3076923076923077
1028,0.18143960928968994,0.34615384615384615
1029,0.18123767691833592,0.34615384615384615
1030,0.17835452908987293,0.34615384615384615
1031,0.13728307118901073,0.34615384615384615
1032,0.11196980815384716,0.34615384615384615
1033,0.05909143963897989,0.34615384615384615
1034,0.1316352259648581,0.34615384615384615
1035,0.1403618481681721,0.3076923076923077
1036,0.26341616867962614,0.3076923076923077
1037,0.09994550724887308,0.34615384615384615
1038,0.09162993452733081,0.3076923076923077
1039,0.2990471370539418,0.34615384615384615
1040,0.021604459906963136,0.2692307692307692
1041,0.2330060262096647,0.38461538461538464
1042,0.13691418560450863,0.3076923076923077
1043,0.18731824836460165,0.34615384615384615
1044,0.14428474993972173,0.34615384615384615
1045,0.1384783104513918,0.3076923076923077
1046,0.18181256851868977,0.34615384615384615
1047,0.23278038227339115,0.34615384615384615
1048,0.2382524124580141,0.3076923076923077
1049,0.058465518369497094,0.34615384615384615
1050,0.09004467876257127,0.3076923076923077
1051,0.12027873905856401,0.3076923076923077
1052,0.24722132389869556,0.34615384615384615
1053,0.15103049567829707,0.38461538461538464
1054,0.1489262447917854,0.3076923076923077
1055,0.22575403362030544,0.3076923076923077
1056,0.042190029237972215,0.34615384615384615
1057,0.06717571987934523,0.3076923076923077
1058,0.20503859236339306,0.3076923076923077
1059,0.19560230758418484,0.34615384615384615
1060,0.10172484548981675,0.3076923076923077
1061,0.1317401353265204,0.34615384615384615
1062,0.18995743180416236,0.3076923076923077
1063,0.14255101763357825,0.38461538461538464
1064,0.1466428973791163,0.2692307692307692
1065,0.3282326407703908,0.34615384615384615
1066,0.12311030768095943,0.3076923076923077
1067,0.043089016977106986,0.2692307692307692
1068,0.13778930013929047,0.34615384615384615
1069,0.11168551799010862,0.34615384615384615
1070,0.12788404436561018,0.3076923076923077
1071,0.09242164577566747,0.3076923076923077
1072,0.1446412101554384,0.34615384615384615
1073,0.24701200157593517,0.34615384615384615
1074,0.17731886818932496,0.38461538461538464
1075,0.22930200292648362,0.34615384615384615
1076,0.29734147150276025,0.2692307692307692
1077,0.13104199154772367,0.2692307692307692
1078,0.024853731790586586,0.3076923076923077
1079,0.034711916278955535,0.34615384615384615
1080,0.248596019983232,0.3076923076923077
1081,0.07944442607736635,0.34615384615384615
1082,0.1067950686658854,0.2692307692307692
1083,-0.001248909468269055,0.2692307692307692
1084,0.1692454186076655,0.3076923076923077
1085,0.24952325771035522,0.3076923076923077
1086,0.049983577405757984,0.34615384615384615
1087,0.1282283697805453,0.3076923076923077
1088,0.034093600600540785,0.3076923076923077
1089,0.25507086611635943,0.34615384615384615
1090,0.03411648986049398,0.3076923076923077
1091,0.22047035248882363,0.38461538461538464
1092,0.32496597003685057,0.3076923076923077
1093,0.2908241985533966,0.2692307692307692
1094,0.17699870580182742,0.34615384615384615
1095,0.008477785786948466,0.3076923076923077
1096,0.12235400097563476,0.2692307692307692
1097,0.20340212129796553,0.3076923076923077
1098,-0.05423245881587091,0.2692307692307692
1099,0.10537209553631177,0.3076923076923077
1100,0.07754142246075446,0.3076923076923077
1101,0.15133952907160353,0.34615384615384615
1102,0.043937870888836716,0.34615384615384615
1103,0.18817106656492122,0.3076923076923077
1104,0.15641069001653563,0.2692307692307692
1105,0.16515097772258747,0.23076923076923078
1106,0.10854793993741119,0.23076923076923078
1107,0.14423154677092098,0.3076923076923077
1108,0.16260974454230936,0.3076923076923077
1109,0.16058138749893391,0.38461538461538464
1110,0.2122105607513909,0.34615384615384615
1111,0.18381157901285983,0.3076923076923077
1112,0.09182721583559061,0.3076923076923077
1113,0.11394991750682903,0.3076923076923077
1114,0.24992049576616404,0.3076923076923077
1115,0.20453825468207265,0.3076923076923077
1116,0.07936154799869,0.3076923076923077
1117,-0.017072585450014,0.2692307692307692
1118,0.04878082852911003,0.34615384615384615
1119,0.21526457295464985,0.2692307692307692
1120,0.02892337964052416,0.3076923076923077
1121,0.1452431475173217,0.34615384615384615
1122,0.23762845557348022,0.34615384615384615
1123,0.11249676252657226,0.34615384615384615
1124,0.06284772682654971,0.3076923076923077
1125,-0.03219582590691905,0.2692307692307692
1126,0.042462878017847316,0.34615384615384615
1127,0.11699249048003235,0.34615384615384615
1128,0.11322657452882634,0.2692307692307692
1129,0.26196227233331104,0.34615384615384615
1130,0.23726536835277434,0.34615384615384615
1131,0.14400940461122458,0.34615384615384615
1132,0.12845607560418637,0.38461538461538464
1133,0.04917986218132109,0.2692307692307692
1134,0.3014046456734021,0.3076923076923077
1135,0.08978878507174048,0.38461538461538464
1136,0.11949054605868614,0.2692307692307692
1137,0.05708040746053866,0.34615384615384615
1138,0.058734140477874064,0.3076923076923077
1139,0.10755790667589293,0.3076923076923077
1140,0.23815119851815636,0.3076923076923077
1141,-0.012840153714901437,0.3076923076923077
1142,0.007696102706984842,0.2692307692307692
1143,0.028323937059226978,0.34615384615384615
1144,0.15431788936259494,0.3076923076923077
1145,0.06699511426472649,0.34615384615384615
1146,0.17357738404938639,0.3076923076923077
1147,0.0019950155030779015,0.38461538461538464
1148,0.22735775978474315,0.34615384615384615
1149,0.18370058199149542,0.3076923076923077
1150,0.12787725168132313,0.3076923076923077
1151,0.12589342388259617,0.3076923076923077
1152,0.24133128790566838,0.2692307692307692
1153,0.14482144195181146,0.38461538461538464
1154,-0.012205787402197021,0.23076923076923078
1155,0.06714791350665639,0.3076923076923077
1156,0.07740466946758096,0.3076923076923077
1157,-0.02711271655356917,0.34615384615384615
1158,0.13516265741990008,0.3076923076923077
1159,0.11799631100757102,0.3076923076923077
1160,0.02252669071763247,0.38461538461538464
1161,0.08301973772675186,0.34615384615384615
1162,0.004753649661104475,0.2692307692307692
1163,0.21174411095534618,0.3076923076923077
1164,0.19200250710190936,0.3076923076923077
1165,0.20793704657744616,0.34615384615384615
1166,0.1605175516710724,0.2692307692307692
1167,0.06725867667737573,0.3076923076923077
1168,0.07865033026450918,0.38461538461538464
1169,0.026004239724537914,0.3076923076923077
1170,0.06152741483048718,0.3076923076923077
1171,0.1032661771041119,0.34615384615384615
1172,-0.045453405366957966,0.34615384615384615
1173,0.15797622600103,0.23076923076923078
1174,0.12011964877893311,0.38461538461538464
1175,0.012053288004291396,0.23076923076923078
1176,0.108944560964364,0.3076923076923077
1177,0.0780560159186603,0.34615384615384615
1178,0.0684854224897653,0.3076923076923077
1179,-0.06802105159142968,0.34615384615384615
1180,0.13928352642159725,0.3076923076923077
1181,-0.019514279637863563,0.2692307692307692
1182,0.0744155477898949,0.34615384615384615
1183,0.09907631230533864,0.3076923076923077
1184,-0.03399360051138256,0.2692307692307692
1185,-0.06001105202694079,0.3076923076923077
1186,0.023222010262365256,0.34615384615384615
1187,0.14186553035833027,0.34615384615384615
1188,0.01221955995009738,0.34615384615384615
1189,0.03267785677052748,0.2692307692307692
1190,0.0037213007855667612,0.3076923076923077
1191,-0.04079300351060278,0.34615384615384615
1192,0.06661846490429113,0.3076923076923077
1193,0.09527937695466537,0.38461538461538464
1194,-0.047319803961594076,0.3076923076923077
1195,0.08155214176275338,0.34615384615384615
1196,0.013776653844504327,0.38461538461538464
1197,0.03755499953725927,0.34615384615384615
1198,-0.009187910833668322,0.3076923076923077
1199,-0.028101161658428797,0.3076923076923077
1200,0.04616588523754794,0.2692307692307692
1201,0.00639990024622028,0.3076923076923077
1202,0.20557528127350233,0.38461538461538464
1203,0.9010434293847385,0.5
1204,3.762220626340552,0.5769230769230769
1205,1.3099086790764174,0.34615384615384615
1206,1.2419259983962698,0.38461538461538464
1207,3.534622890419764,0.5384615384615384
1208,2.1727919330333894,0.46153846153846156
1209,2.113850121702174,0.5
1210,1.5197479406108454,0.38461538461538464
1211,2.215085249199825,0.6153846153846154
1212,4.244276557422477,0.7692307692307693
1213,2.594039744474042,0.5384615384615384
1214,2.3111935118574722,0.5384615384615384
1215,2.734903687136562,0.46153846153846156
1216,2.6867671050115214,0.5384615384615384
1217,3.14375597736483,0.5769230769230769
1218,1.6742516336146132,0.5384615384615384
1219,2.3126253599299074,0.5384615384615384
1220,2.0297084944479846,0.5
1221,2.5454139668831193,0.5
1222,3.0622387635150257,0.5769230769230769
1223,2.9618835712311236,0.5769230769230769
1224,1.609610384245839,0.46153846153846156
1225,3.150242598359767,0.5384615384615384
1226,2.1110382294531393,0.6538461538461539
1227,3.1693377152900672,0.5384615384615384
1228,2.6299499062267193,0.5
1229,2.9282174951488775,0.5384615384615384
1230,2.4183086258349906,0.5
1231,2.1914756790937338,0.6538461538461539
1232,3.619577779252758,0.7307692307692307
1233,2.5113105250447596,0.5769230769230769
1234,2.6904493511157237,0.6538461538461539
1235,2.7560260619383445,0.6153846153846154
1236,3.4642296652461244,0.6153846153846154
1237,2.343098617314668,0.5384615384615384
1238,2.3954828327629367,0.5384615384615384
1239,2.807400953338051,0.5
1240,2.7681623738081766,0.5769230769230769
1241,3.0531207530913793,0.5384615384615384
1242,2.614974303011402,0.5
1243,2.471152514486029,0.5769230769230769
1244,2.5988601113692775,0.5769230769230769
1245,2.723146180752533,0.5
1246,2.7746070682464774,0.6153846153846154
1247,3.0190983890641148,0.6538461538461539
1248,3.2248215355650047,0.6153846153846154
1249,3.1748044945957012,0.5769230769230769
1250,3.7463862362213947,0.7692307692307693
1251,3.008089643089084,0.6153846153846154
1252,3.4244593246406003,0.7307692307692307
1253,4.406895260266515,0.7307692307692307
1254,4.377597648185304,0.8076923076923077
1255,4.263011680862415,0.8846153846153846
1256,4.05747754285681,0.8076923076923077
1257,4.027182052539069,0.8461538461538461
1258,4.05467118843711,0.8076923076923077
1259,3.5122494009131033,0.8846153846153846
1260,4.729085250381344,0.9230769230769231
1261,4.027411484792161,0.9230769230769231
1262,4.507391728472736,0.9615384615384616
1263,3.848894276263283,0.9615384615384616
1264,4.472586702148799,0.7307692307692307
1265,4.400888377800183,0.8076923076923077
1266,4.119197363454351,0.7692307692307693
1267,3.536057840331284,0.8076923076923077
1268,3.897319613709431,0.7692307692307693
1269,3.8338129368021203,0.8076923076923077
1270,4.526570338162312,0.8846153846153846
1271,4.306749216233752,0.7692307692307693
1272,3.8602767802796736,0.8076923076923077
1273,3.715191888444363,0.8461538461538461
1274,4.137299080476354,0.8076923076923077
1275,3.3774131059662005,0.7692307692307693
1276,3.605480489815878,0.8461538461538461
1277,4.794454493712794,0.8846153846153846
1278,3.5451365697082005,0.8846153846153846
1279,3.432148087829774,0.8461538461538461
1280,3.254569490689171,0.7692307692307693
1281,4.824503486066129,0.8461538461538461
1282,3.580738677901444,0.7692307692307693
1283,3.21540448493969,0.8461538461538461
1284,3.502737268604804,0.8846153846153846
1285,4.079143962688458,0.8461538461538461
1286,4.274670808518135,0.9230769230769231
1287,4.103815771480064,0.8461538461538461
1288,3.486528013072572,0.8461538461538461
1289,3.732100065298664,0.7692307692307693
1290,3.777551046707368,0.7307692307692307
1291,4.189181466976974,0.9230769230769231
1292,4.096413813617793,0.6538461538461539
1293,4.241210032359918,0.7692307692307693
1294,3.917344534390379,0.8461538461538461
1295,4.635015588862494,0.7692307692307693
1296,4.014651105017953,0.7307692307692307
1297,4.390772297893461,0.8076923076923077
1298,5.718032472899308,0.8461538461538461
1299,4.664759409635364,0.8461538461538461
1300,5.22177968433558,0.8846153846153846
1301,4.602985644303598,0.8461538461538461
1302,4.882675145364114,0.8076923076923077
1303,4.787356687818133,0.8076923076923077
1304,4.32601026749492,0.8461538461538461
1305,4.203127865325622,0.9230769230769231
1306,4.45908411576524,0.9230769230769231
1307,4.42272302262554,0.9230769230769231
1308,4.3999165457374465,0.8846153846153846
1309,3.525892481817257,0.8846153846153846
1310,4.40659751769968,0.8461538461538461
1311,4.172914781677111,0.8461538461538461
1312,4.41671802563081,0.7307692307692307
1313,4.325561326300196,0.7692307692307693
1314,4.415983712844874,0.7692307692307693
1315,4.38376793083021,0.7307692307692307
1316,4.105671120088853,0.8076923076923077
1317,4.417803590116433,0.9230769230769231
1318,4.300020129866472,0.8846153846153846
1319,4.123222924427458,0.9615384615384616
1320,3.446368211103654,0.7692307692307693
1321,3.8591075507706187,0.7307692307692307
1322,4.090570527643241,0.7307692307692307
1323,4.431729544617856,0.8076923076923077
1324,3.660431098240629,0.6923076923076923
1325,4.047105112427435,0.8076923076923077
1326,4.071530298553654,0.8076923076923077
1327,3.678507235327302,0.7307692307692307
1328,4.187611872835099,0.7307692307692307
1329,4.2110717281378305,0.7692307692307693
1330,4.20128871629669,0.8461538461538461
1331,3.7019034715611405,0.8461538461538461
1332,4.244745305894117,0.8461538461538461
1333,3.7471772488994164,0.7692307692307693
1334,3.7671851874795905,0.8076923076923077
1335,3.9393076118804524,0.7307692307692307
1336,3.9104566414991146,0.7307692307692307
1337,3.740537021952687,0.6923076923076923
1338,3.7300460876674,0.6923076923076923
1339,3.849008772534863,0.6538461538461539
1340,3.59991747323245,0.8076923076923077
1341,4.366859904983423,0.8076923076923077
1342,3.9894955957448297,0.6538461538461539
1343,4.190398059538354,0.7692307692307693
1344,4.025474149414141,0.6923076923076923
1345,4.308803597940469,0.7307692307692307
1346,3.166715925424678,0.6153846153846154
1347,4.653323645005792,0.6538461538461539
1348,2.837744193359355,0.7307692307692307
1349,2.7058568200949473,0.5384615384615384
1350,4.009845281364044,0.9615384615384616
1351,4.182621150483705,0.7692307692307693
1352,2.8718939092622753,0.5384615384615384
1353,2.9857863059019505,0.5769230769230769
1354,3.340031689496493,0.7307692307692307
1355,3.692542930378729,0.6538461538461539
1356,4.028749226272581,0.6923076923076923
1357,4.355024335918167,0.8846153846153846
1358,4.12644059820067,0.8076923076923077
1359,4.576192206905334,0.9230769230769231
1360,4.559999702120551,1.0
1361,4.320364194526948,0.9230769230769231
1362,4.318058081476538,0.9230769230769231
1363,4.613497872390185,0.9230769230769231
1364,4.306341714324284,0.9615384615384616
1365,4.264841844152792,0.7692307692307693
1366,4.677911088950499,0.8076923076923077
1367,3.674012942355002,0.8076923076923077
1368,3.4270492655549867,0.8461538461538461
1369,3.617940517499714,0.8461538461538461
1370,3.19742234252014,0.8461538461538461
1371,3.6142782301811094,0.8076923076923077
1372,3.150108086727146,0.8076923076923077
1373,4.015185003875728,0.7307692307692307
1374,3.3802896545577266,0.7692307692307693
1375,3.6744020587011654,0.7307692307692307
1376,3.7442306053399257,0.6923076923076923
1377,3.187599680835729,0.7692307692307693
1378,4.035334131605122,0.7307692307692307
1379,4.281743624046071,0.7692307692307693
1380,3.8314733216989167,0.8461538461538461
1381,3.636558517764708,0.7307692307692307
1382,4.633864439036101,0.8461538461538461
1383,3.4673637811173705,0.8076923076923077
1384,3.3134912063981083,0.7307692307692307
1385,4.565327285197672,0.8076923076923077
1386,2.8796438960378667,0.6538461538461539
1387,2.9168311148633075,0.6538461538461539
1388,3.1631405114480713,0.7692307692307693
1389,3.230431183471447,0.7307692307692307
1390,3.1099683386282004,0.6923076923076923
1391,4.1501332153650985,0.6923076923076923
1392,3.199745601405834,0.6153846153846154
1393,3.410120389424797,0.6153846153846154
1394,4.897857221311191,0.9615384615384616
1395,3.1683510550873986,0.6153846153846154
1396,3.323064180741633,0.6538461538461539
1397,3.52251752139092,0.6153846153846154
1398,3.5705165545333695,0.8846153846153846
1399,5.000998523262521,0.9230769230769231
1400,3.6446063861395204,0.8846153846153846
1401,5.877357205759394,0.8846153846153846
1402,3.666741945922942,0.8846153846153846
1403,3.4221546609725464,0.8461538461538461
1404,3.5452726072081484,0.8846153846153846
1405,3.991124095022016,0.8846153846153846
1406,3.558447044818726,0.8846153846153846
1407,3.712507510909834,0.9615384615384616
1408,3.3843923157352895,0.8846153846153846
1409,3.5264176545870836,0.8461538461538461
1410,3.209152167962418,0.9230769230769231
1411,3.299576996561608,0.8461538461538461
1412,3.325499867266545,0.8461538461538461
1413,2.7354852416146995,0.8461538461538461
1414,3.5704837192614653,0.9230769230769231
1415,3.4407087075907183,0.8461538461538461
1416,3.729651005406243,0.8846153846153846
1417,3.677076963128022,0.8461538461538461
1418,3.9388415276804807,0.8846153846153846
1419,4.046434007436018,0.8846153846153846
1420,4.4991908420166755,0.9230769230769231
1421,4.34074810579395,0.8846153846153846
1422,3.3683825364987836,0.8846153846153846
1423,4.169705594539195,0.8461538461538461
1424,4.169899850486488,0.8461538461538461
1425,4.098594403910059,0.8846153846153846
1426,4.191602349949714,0.8461538461538461
1427,3.9662834691914557,0.8846153846153846
1428,4.464924786610135,0.8461538461538461
1429,3.9476296296302325,0.8846153846153846
1430,3.8945623596347514,0.8461538461538461
1431,3.967102899438262,0.8461538461538461
1432,5.0986667690294585,0.8076923076923077
1433,4.2056231697664,0.8461538461538461
1434,5.203353820125076,0.8461538461538461
1435,3.911402433959771,0.8846153846153846
1436,3.4400289682938983,0.7307692307692307
1437,3.380053276085959,0.8076923076923077
1438,3.2250759850799695,0.8461538461538461
1439,3.6028846064817754,0.8846153846153846
1440,3.3814908219309077,0.8076923076923077
1441,4.1977846002851065,0.8076923076923077
1442,4.233503014236739,0.9615384615384616
1443,4.606928070435385,0.9230769230769231
1444,4.590217130307219,0.8461538461538461
1445,4.642991327065181,0.8846153846153846
1446,4.763403966914013,0.8461538461538461
1447,4.7695192015883645,0.8461538461538461
1448,4.5252306435926055,0.8846153846153846
1449,4.847098000518552,0.7692307692307693
1450,4.779614205743648,0.7692307692307693
1451,4.391651124478874,0.7307692307692307
1452,3.483092811663239,0.8846153846153846
1453,3.873678987991391,0.8461538461538461
1454,3.9559873416521207,0.8076923076923077
1455,3.231453011539985,0.7307692307692307
1456,3.5373548364977854,0.7307692307692307
1457,3.265095768384265,0.7307692307692307
1458,2.4271304711910395,0.6923076923076923
1459,2.9146603035135263,0.6923076923076923
1460,2.539850344569972,0.6923076923076923
1461,2.944359436056808,0.7307692307692307
1462,2.2165093508035865,0.7692307692307693
1463,3.263438092920163,0.7307692307692307
1464,2.6004467418836037,0.6923076923076923
1465,2.9446459169508956,0.7307692307692307
1466,3.1058832236725102,0.7307692307692307
1467,3.0492290428523496,0.6923076923076923
1468,3.068236779098312,0.6538461538461539
1469,3.6800932193533926,0.6538461538461539
1470,4.385244544719312,0.8076923076923077
1471,4.473220316882504,0.8076923076923077
1472,4.651416164664059,0.8461538461538461
1473,4.140172009361639,0.8076923076923077
1474,4.57717800359221,0.7692307692307693
1475,4.222114223749992,0.7307692307692307
1476,5.2434539039429,0.8461538461538461
1477,3.702811323524812,0.8076923076923077
1478,3.8488666352745597,0.7692307692307693
1479,3.646084281983665,0.9230769230769231
1480,3.7246854040163537,0.8846153846153846
1481,3.6792134824502694,0.9615384615384616
1482,3.6064805907659276,0.9230769230769231
1483,4.605478897235122,0.8461538461538461
1484,3.7727302801978357,0.8846153846153846
1485,3.5849253543440955,0.8846153846153846
1486,3.460495866858315,0.9230769230769231
1487,3.491836941212957,0.8846153846153846
1488,3.5879010310097135,0.8846153846153846
1489,4.217047357139144,0.9230769230769231
1490,3.740768197310106,0.8846153846153846
1491,4.0096612538298935,0.8846153846153846
1492,3.8816802366874485,0.8461538461538461
1493,4.032989394529648,0.9230769230769231
1494,4.3373252283810295,1.0
1495,3.961210819370511,0.9230769230769231
1496,3.8250758974343952,0.8846153846153846
1497,4.038276828836503,0.8461538461538461
1498,3.138375189702443,0.8461538461538461
1499,3.7982935013035948,0.9230769230769231
1500,4.667920482932235,0.9615384615384616
