# Trial 9: ath=0.0275  reg=1.49e-04  hd=300  L=8  best_er=0.3077
iter,loss,error_rate
1,4.012971430243752,0.8076923076923077
2,3.3710986936647407,0.7692307692307693
3,3.930578028903432,0.7307692307692307
4,3.2763663118592232,0.7307692307692307
5,3.261163158039464,0.8076923076923077
6,2.8723981041521274,0.7307692307692307
7,3.318833182070552,0.8461538461538461
8,3.600596492445799,0.8076923076923077
9,3.413216764988032,0.7692307692307693
10,2.9661992841449725,0.8076923076923077
11,3.1120265791811637,0.7307692307692307
12,3.2768989334305534,0.7307692307692307
13,3.7834150735522174,0.6923076923076923
14,3.159116325008059,0.6538461538461539
15,3.2874953924206975,0.8076923076923077
16,3.355527154965909,0.6923076923076923
17,3.2021849001169267,0.8076923076923077
18,3.447637426439411,0.8461538461538461
19,3.101848457838792,0.6923076923076923
20,3.258819043229065,0.6923076923076923
21,3.022202972029583,0.7692307692307693
22,3.5302771391116523,0.7692307692307693
23,3.3438018905116906,0.8461538461538461
24,2.8892857690438176,0.7692307692307693
25,3.049051513021343,0.6538461538461539
26,3.265812581941966,0.6923076923076923
27,3.3534942203889777,0.6923076923076923
28,3.3004414442437953,0.7307692307692307
29,3.085664145437485,0.7692307692307693
30,3.090771764542481,0.8076923076923077
31,2.545559759382132,0.6538461538461539
32,3.196103494829384,0.6153846153846154
33,4.061612415365833,0.7307692307692307
34,3.0566131626148425,0.8076923076923077
35,2.7191091566162235,0.7307692307692307
36,3.1653450986076757,0.8461538461538461
37,3.0539768612999447,0.5384615384615384
38,2.760750984534707,0.6538461538461539
39,3.0219474626241745,0.6923076923076923
40,2.903823838547904,0.7307692307692307
41,2.924443292445728,0.5769230769230769
42,2.9854896721173314,0.6923076923076923
43,2.5970199361014,0.7307692307692307
44,3.071878168743357,0.7307692307692307
45,2.8877924622275777,0.7307692307692307
46,2.8912462340541225,0.7692307692307693
47,2.758365411728348,0.6923076923076923
48,2.504487650464387,0.7307692307692307
49,2.751941183854497,0.6538461538461539
50,2.810044581256565,0.6923076923076923
51,2.756834467344661,0.6923076923076923
52,2.6175912513445168,0.6538461538461539
53,2.547522486870429,0.6923076923076923
54,2.982285775994642,0.7307692307692307
55,2.315560183965436,0.6538461538461539
56,2.3263200914432387,0.7692307692307693
57,2.276426190531735,0.6538461538461539
58,2.7055120640449823,0.6538461538461539
59,2.735082480664781,0.6538461538461539
60,2.895839697380644,0.6923076923076923
61,2.392224373725614,0.6153846153846154
62,2.7474783895169717,0.6153846153846154
63,2.648148109472359,0.6923076923076923
64,3.0538796799773134,0.5769230769230769
65,2.9391282890328867,0.6153846153846154
66,2.5638737974132164,0.6538461538461539
67,3.0015039964011287,0.5
68,2.3404113035466425,0.6538461538461539
69,2.830628782448516,0.7307692307692307
70,2.786191398137468,0.5
71,2.863044503363889,0.7307692307692307
72,2.72692192183658,0.6923076923076923
73,3.2299947270339873,0.6538461538461539
74,2.4603735825985256,0.5769230769230769
75,2.522430648907892,0.6538461538461539
76,2.849204032140719,0.5769230769230769
77,2.7580834543154817,0.6538461538461539
78,2.7945738062322434,0.6923076923076923
79,2.7121590865058804,0.6153846153846154
80,2.842351272552037,0.5769230769230769
81,2.6918663271268546,0.5
82,3.8766676156313458,0.5384615384615384
83,2.5709218140048384,0.5384615384615384
84,2.4477633628986055,0.5769230769230769
85,3.0148234581938587,0.6153846153846154
86,2.3879113333033413,0.6923076923076923
87,2.4743076963801816,0.6923076923076923
88,2.399291809827043,0.6538461538461539
89,2.790312045957403,0.6153846153846154
90,2.3875054178388737,0.6538461538461539
91,2.57160692801938,0.5384615384615384
92,2.1943578797305645,0.6538461538461539
93,2.3381419435153297,0.5769230769230769
94,2.305250754846759,0.5384615384615384
95,2.4780632282204462,0.5
96,2.136886774780833,0.6153846153846154
97,2.2119673656878684,0.6153846153846154
98,2.180661854185474,0.6538461538461539
99,2.483797833885677,0.4230769230769231
100,2.6168932466450445,0.6153846153846154
101,2.2635641160592224,0.5
102,2.0490877590356855,0.5769230769230769
103,2.4585227711408653,0.6153846153846154
104,2.1338639630733054,0.4230769230769231
105,2.3153727598737173,0.6153846153846154
106,1.9737570333404482,0.5384615384615384
107,2.179480893983662,0.6538461538461539
108,2.271394314244803,0.6153846153846154
109,2.358405544509676,0.5384615384615384
110,1.8621495169346902,0.5384615384615384
111,2.5335347368479453,0.5769230769230769
112,2.4240315364554355,0.46153846153846156
113,1.9037166160385597,0.46153846153846156
114,2.4750110124126077,0.5769230769230769
115,2.260985173138612,0.6153846153846154
116,2.5462421346559254,0.5384615384615384
117,2.0923429561823825,0.6153846153846154
118,2.4664372643635404,0.5384615384615384
119,2.2845724826838145,0.5384615384615384
120,2.0120222417617786,0.6923076923076923
121,2.3099899196305183,0.5769230769230769
122,1.9968797898440185,0.6538461538461539
123,2.3804315969557037,0.6153846153846154
124,2.620432399709502,0.6538461538461539
125,2.330968605221974,0.6153846153846154
126,2.0417215277299032,0.5384615384615384
127,2.164627554773965,0.5
128,1.8552468304889818,0.6923076923076923
129,2.122704664293706,0.6538461538461539
130,2.108770593491382,0.5384615384615384
131,1.5868260148716011,0.4230769230769231
132,1.8116371396735467,0.5
133,2.026072646875175,0.5769230769230769
134,1.6859334147086287,0.6153846153846154
135,1.9940095327741199,0.4230769230769231
136,1.7693763530211961,0.5
137,2.206578246449273,0.46153846153846156
138,1.709417726521099,0.5769230769230769
139,1.727009260027071,0.46153846153846156
140,2.0248962831851958,0.5769230769230769
141,2.092308853588642,0.46153846153846156
142,1.7082795215127429,0.4230769230769231
143,1.5579444065731456,0.5384615384615384
144,2.02067153048256,0.46153846153846156
145,1.1389775439530103,0.5
146,2.437373947035758,0.5384615384615384
147,2.0077069045353433,0.46153846153846156
148,1.8561797624313514,0.5769230769230769
149,1.6480441618966852,0.5769230769230769
150,1.697946956640305,0.5
151,1.884589368875901,0.46153846153846156
152,1.6964203228898591,0.6153846153846154
153,1.427655804919291,0.46153846153846156
154,1.815259705170734,0.5
155,1.7043621996150078,0.4230769230769231
156,1.4630883786907383,0.5
157,1.3064965945220597,0.5769230769230769
158,1.2892639548495803,0.5769230769230769
159,1.4601140685749878,0.5
160,1.349594534695869,0.46153846153846156
161,1.5582572100733487,0.5
162,1.4339195333953505,0.4230769230769231
163,1.3209564087682986,0.46153846153846156
164,1.4368493716312392,0.5384615384615384
165,1.1278834185363085,0.5384615384615384
166,1.4389660518371743,0.5
167,1.3446279894289468,0.5
168,1.4521161006049361,0.5384615384615384
169,1.5711397479595597,0.5
170,1.701868600552825,0.5
171,1.1474381243067993,0.46153846153846156
172,1.1885014678148131,0.5384615384615384
173,1.0193628220521775,0.5384615384615384
174,1.5873163089381,0.5384615384615384
175,1.2417400201438107,0.5384615384615384
176,1.1736676313147316,0.5769230769230769
177,1.620388930485202,0.46153846153846156
178,1.2393095964232916,0.5
179,0.8897124053563394,0.5384615384615384
180,1.4464773662370962,0.38461538461538464
181,1.3417110865215007,0.46153846153846156
182,1.0296962067190698,0.4230769230769231
183,1.2836958189419345,0.38461538461538464
184,1.0358613059589143,0.5
185,1.6235170091074465,0.4230769230769231
186,1.1190946974498743,0.6538461538461539
187,1.1798268884042473,0.46153846153846156
188,0.9703903391961624,0.46153846153846156
189,1.0619697546044384,0.5384615384615384
190,1.0586665604271932,0.5384615384615384
191,1.1234774530492642,0.5
192,0.889677699992828,0.46153846153846156
193,1.2122558328100892,0.38461538461538464
194,1.0020646687023906,0.46153846153846156
195,1.0893973919011457,0.46153846153846156
196,1.0266814632433001,0.4230769230769231
197,1.0307142138056626,0.4230769230769231
198,1.268422154812395,0.4230769230769231
199,1.1832094145754257,0.4230769230769231
200,1.1219274334634974,0.5
201,1.2021456011338665,0.4230769230769231
202,1.3242474902754922,0.38461538461538464
203,1.2097722589944353,0.4230769230769231
204,1.0337860366926601,0.38461538461538464
205,1.1247033898342718,0.46153846153846156
206,0.9543368647805548,0.46153846153846156
207,1.1173345554541694,0.4230769230769231
208,1.235058961914206,0.3076923076923077
209,1.048531534969349,0.46153846153846156
210,1.3011275502208388,0.34615384615384615
211,0.867576630227112,0.5
212,0.951769565258608,0.38461538461538464
213,0.9301872035390777,0.46153846153846156
214,1.1274167485376787,0.34615384615384615
215,1.1278126231887082,0.38461538461538464
216,1.0699937078684503,0.4230769230769231
217,1.1847237051456463,0.38461538461538464
218,1.2249403910339551,0.46153846153846156
219,1.3078283968226974,0.38461538461538464
220,1.2072430477421423,0.46153846153846156
221,1.165952084117104,0.46153846153846156
222,1.020973762430077,0.4230769230769231
223,1.1225278823432068,0.34615384615384615
224,1.2592950745350726,0.4230769230769231
225,1.1604364175810216,0.46153846153846156
226,1.3175696589081305,0.34615384615384615
227,1.0956945006280092,0.3076923076923077
228,0.9681174597439219,0.46153846153846156
229,1.0745259357796197,0.4230769230769231
230,1.3890917899357234,0.4230769230769231
231,1.1874415528940614,0.46153846153846156
232,1.3089358750432427,0.4230769230769231
233,1.29660937762335,0.38461538461538464
234,1.0340130499404103,0.5
235,1.368720205175419,0.46153846153846156
236,1.1850273829056444,0.4230769230769231
237,1.109079961080829,0.4230769230769231
238,1.2555023366518112,0.34615384615384615
239,1.1521317797043422,0.46153846153846156
240,1.1993397846983997,0.46153846153846156
241,1.1120639566224373,0.46153846153846156
242,1.188733631421746,0.5769230769230769
243,1.198179768261451,0.46153846153846156
244,1.1921729739244173,0.46153846153846156
245,0.9488084191192043,0.46153846153846156
246,1.0841229198370659,0.5
247,1.114040224874182,0.46153846153846156
248,1.1684127766027923,0.46153846153846156
249,1.1549042214722167,0.46153846153846156
250,1.06055496725235,0.38461538461538464
251,1.2150894148940274,0.4230769230769231
252,1.243012374071518,0.46153846153846156
253,1.1110799106880092,0.4230769230769231
254,0.9772571581421983,0.46153846153846156
255,1.279874900137497,0.46153846153846156
256,1.4966030461267494,0.5
257,1.1113952703372463,0.5384615384615384
258,1.1005752828240647,0.5
259,1.2802068755502098,0.4230769230769231
260,1.3083744159211648,0.5
261,1.0963423421987941,0.46153846153846156
262,1.3010397258105955,0.4230769230769231
263,1.1503971417877725,0.46153846153846156
264,1.2300536582864636,0.46153846153846156
265,1.147511870892202,0.5
266,0.892029543747038,0.4230769230769231
267,1.056510665886941,0.5
268,1.1686119360776455,0.4230769230769231
269,1.263017336379919,0.46153846153846156
270,1.2826147287565448,0.4230769230769231
271,1.1332310244989,0.46153846153846156
272,1.0423153952790245,0.46153846153846156
273,1.3834897827485146,0.46153846153846156
274,1.2459518498075197,0.4230769230769231
275,1.29783225596104,0.46153846153846156
276,1.228776039240938,0.38461538461538464
277,1.031927897901289,0.46153846153846156
278,1.4905370408486718,0.46153846153846156
279,1.0896782108799767,0.5
280,1.4269269867965093,0.4230769230769231
281,1.218066195414254,0.38461538461538464
282,1.0858441227215947,0.4230769230769231
283,1.3169502125103565,0.46153846153846156
284,1.4340479195022664,0.38461538461538464
285,1.048510472506718,0.46153846153846156
286,1.2836101772083413,0.46153846153846156
287,1.2381056217539252,0.5
288,1.2520942672919024,0.5
289,1.2845707271800941,0.4230769230769231
290,0.8718670680478957,0.4230769230769231
291,1.1148229786161101,0.4230769230769231
292,1.214904375613206,0.4230769230769231
293,1.0998877890039898,0.34615384615384615
294,1.3383865017877596,0.38461538461538464
295,1.3711559804620936,0.4230769230769231
296,1.3030461107188231,0.4230769230769231
297,1.1970506980480136,0.46153846153846156
298,1.2353477954413177,0.4230769230769231
299,1.13976526752267,0.46153846153846156
300,1.3441394748550066,0.46153846153846156
301,1.623743849346163,0.5769230769230769
302,4.0686034597254475,0.8846153846153846
303,1.7208078436694783,0.6923076923076923
304,3.847937053208938,0.8076923076923077
305,1.870694892496579,0.5384615384615384
306,1.767389636752169,0.5
307,5.31527267663909,0.9615384615384616
308,3.6207694887399855,0.8461538461538461
309,2.716324072504703,0.6153846153846154
310,2.149006888873495,0.6153846153846154
311,2.448496589203397,0.6538461538461539
312,2.6599961568140906,0.6923076923076923
313,2.7943625321006733,0.6538461538461539
314,4.188817496311229,0.8461538461538461
315,3.2558637047516727,0.6923076923076923
316,5.653215006302333,1.0
317,4.42156146850463,0.8846153846153846
318,4.823837788379334,0.8461538461538461
319,3.769952645404693,0.8461538461538461
320,3.826131068002549,0.7307692307692307
321,4.149821000392923,0.9230769230769231
322,4.485793187936683,0.9230769230769231
323,4.584958729401739,0.9615384615384616
324,5.091992903687058,0.9230769230769231
325,4.876195860413221,0.9615384615384616
326,4.168087622384336,0.9615384615384616
327,4.245445609019338,0.9230769230769231
328,4.203102196869083,0.9615384615384616
329,3.886490446400904,0.9230769230769231
330,4.374657908067597,0.8846153846153846
331,4.22839647974667,0.8461538461538461
332,4.952497368187782,0.9615384615384616
333,5.502890447286766,0.8076923076923077
334,4.3193436677540396,0.8461538461538461
335,4.309448244791966,0.9230769230769231
336,4.388238220780845,0.8846153846153846
337,4.559443185365719,0.8461538461538461
338,3.9097742337459067,0.9615384615384616
339,5.128598558858429,0.8461538461538461
340,3.772722014635855,0.9615384615384616
341,4.437503892550542,0.7692307692307693
342,4.682610534058057,0.8461538461538461
343,4.30149759111718,0.9615384615384616
344,4.5809030492456495,0.9615384615384616
345,5.070808272078408,1.0
346,4.3356794952546664,0.8461538461538461
347,4.520847230818992,0.9615384615384616
348,3.7286572346927644,0.9615384615384616
349,5.749001174772938,0.8846153846153846
350,4.151370234574744,0.8846153846153846
351,3.728904069028101,0.8846153846153846
352,3.9415020170695025,0.7692307692307693
353,3.9128013816538694,0.8846153846153846
354,3.9398397018895124,0.6923076923076923
355,4.387065101985181,0.8461538461538461
356,5.652630911389944,0.7692307692307693
357,4.107265361994574,0.8461538461538461
358,4.2213858748996325,0.8846153846153846
359,4.411063048356329,0.8461538461538461
360,5.146352020265971,0.9615384615384616
361,4.343937704257011,0.9230769230769231
362,4.8593790028049675,0.9615384615384616
363,5.0607861203898645,0.9230769230769231
364,4.329520167218658,0.8461538461538461
365,4.626938173623442,0.8846153846153846
366,4.359643196653398,0.8846153846153846
367,4.320665218929176,0.8846153846153846
368,4.174425239479272,0.9230769230769231
369,3.834362361587197,0.8461538461538461
370,3.993512044414616,0.8076923076923077
371,4.19572740980203,0.8461538461538461
372,4.2113432145699985,0.9230769230769231
373,4.464598947649347,0.9230769230769231
374,5.063923904340001,0.8461538461538461
375,3.7131067786434224,0.9615384615384616
376,4.98592672325949,0.9230769230769231
377,4.173882184679389,1.0
378,4.05244542698051,0.8076923076923077
379,3.958632810680922,0.9230769230769231
380,4.41946533479569,0.9230769230769231
381,4.809902583968225,1.0
382,4.077332725106509,0.9615384615384616
383,3.9081349865204293,0.9230769230769231
384,4.015603703073211,0.8846153846153846
385,4.952828742573966,0.8846153846153846
386,4.001551117548162,1.0
387,3.8308114637123456,0.9230769230769231
388,3.665148658081319,0.8461538461538461
389,3.646827116584671,0.7307692307692307
390,5.224678706323585,0.9615384615384616
391,4.482698983588807,0.9230769230769231
392,5.1776067394708365,0.9230769230769231
393,6.4111339613159375,0.9230769230769231
394,3.8910978865395256,0.8076923076923077
395,3.907924243694831,0.6538461538461539
396,3.260667453421271,0.6923076923076923
397,3.836273312236358,0.6923076923076923
398,3.704798057695851,0.8846153846153846
399,3.587249576578771,0.6923076923076923
400,3.4123911703693057,0.7692307692307693
401,4.6278710955030595,0.9230769230769231
402,4.0331334389093705,0.9230769230769231
403,3.8272302845933845,0.8076923076923077
404,3.869731430081041,0.8846153846153846
405,5.303977811182175,0.8846153846153846
406,5.315088852164463,0.8461538461538461
407,4.0359684642462215,0.8076923076923077
408,4.063000010345044,0.7692307692307693
409,4.228179815950861,0.9615384615384616
410,4.995209697762628,0.8076923076923077
411,4.15443642456508,0.9230769230769231
412,3.899850786750179,0.9615384615384616
413,3.90865984832142,0.9230769230769231
414,5.152102242613637,0.9230769230769231
415,4.601498960173834,0.8461538461538461
416,3.7916337865476617,0.9615384615384616
417,4.007732369098468,0.9615384615384616
418,5.024905660370928,0.9615384615384616
419,4.082398566369365,0.8076923076923077
420,4.9165520570198735,0.8461538461538461
421,4.099865897367972,0.7692307692307693
422,4.464151449762175,0.8461538461538461
423,4.725085467216679,0.7692307692307693
424,4.34541259854042,0.7692307692307693
425,4.428917689887143,0.8846153846153846
426,4.4822753661274675,0.9230769230769231
427,4.889241794748943,0.9615384615384616
428,3.6767357164853225,0.6923076923076923
429,4.052154626857081,0.7692307692307693
430,3.6910414867733357,0.7692307692307693
431,4.607964381023661,0.8461538461538461
432,4.410269855207373,0.8461538461538461
433,3.7416755096774077,0.6538461538461539
434,4.411904786516589,0.8076923076923077
435,3.25217915521313,0.6923076923076923
436,4.638571655289725,0.7307692307692307
437,3.764298259516351,0.6153846153846154
438,3.3438391820114335,0.6538461538461539
439,3.3975361899984287,0.6538461538461539
440,3.6458381564593636,0.6923076923076923
441,3.633186564875803,0.6923076923076923
442,3.9020661829805636,0.7307692307692307
443,4.271094960761362,0.6538461538461539
444,3.838514356356007,0.8076923076923077
445,4.092691587699225,0.9230769230769231
446,3.971109554360626,0.9615384615384616
447,4.607394116362787,0.9615384615384616
448,4.007535285230381,0.9230769230769231
449,4.7042634096235405,0.8076923076923077
450,4.3169608843257805,0.9615384615384616
451,5.390232671681526,0.9230769230769231
452,4.204407910508863,0.9615384615384616
453,4.404884310349845,0.8846153846153846
454,4.551153273696274,0.9615384615384616
455,5.169038097116427,0.9230769230769231
456,4.260598382200742,0.8846153846153846
457,4.343260223579267,0.9615384615384616
458,4.463377187794426,0.8846153846153846
459,4.235529387015977,0.9230769230769231
460,4.020106665837824,1.0
461,4.561413511998007,0.8461538461538461
462,4.4483867265852615,0.9230769230769231
463,4.49317466792368,0.8846153846153846
464,4.17782402037084,0.8846153846153846
465,6.6431160228129125,0.8846153846153846
466,4.299651911732318,0.9230769230769231
467,5.513254210523389,0.8461538461538461
468,4.468200489775036,0.8846153846153846
469,5.491322076119454,0.9230769230769231
470,4.762416910742418,0.8076923076923077
471,6.777771945850527,0.8461538461538461
472,3.9609060221527663,0.8846153846153846
473,3.8709533694356657,0.9615384615384616
474,3.6109687435899978,0.8076923076923077
475,3.7984171880186075,0.8076923076923077
476,3.6338891532543864,0.9615384615384616
477,3.7366693380252016,0.6538461538461539
478,4.578603860115907,0.8461538461538461
479,3.8381652665878763,0.7692307692307693
480,3.961249048419819,0.7692307692307693
481,3.842896752564472,0.7307692307692307
482,3.309105213975833,0.6923076923076923
483,3.809133061517639,0.7307692307692307
484,3.690386347979339,0.7307692307692307
485,3.7437387680763816,0.7692307692307693
486,3.721940343133442,0.8846153846153846
487,4.241330121953795,0.8076923076923077
488,3.849768984177657,0.7307692307692307
489,3.5492324158821424,0.6923076923076923
490,3.8669189802664037,0.9230769230769231
491,4.025108454687171,0.8076923076923077
492,3.851596737580412,0.8846153846153846
493,4.592858361708646,0.9615384615384616
494,3.9734809165300358,0.7692307692307693
495,4.353668381302194,0.8846153846153846
496,3.44942187470551,0.7692307692307693
497,5.019810870839424,0.9230769230769231
498,3.6666160274614996,0.8846153846153846
499,3.842956990755038,0.8461538461538461
500,3.992309377958708,0.8076923076923077
501,5.676727359663441,0.9230769230769231
502,4.401356493024662,0.8461538461538461
503,4.5604099526181505,0.8461538461538461
504,4.463012826279856,0.7692307692307693
505,4.4161912506216705,1.0
506,4.972658573345071,0.9230769230769231
507,4.47161798400894,0.8461538461538461
508,4.892112311959552,0.8461538461538461
509,4.0504259753829945,0.9230769230769231
510,5.1285934778316875,0.8846153846153846
511,4.381024334643999,0.8461538461538461
512,5.579150077348446,0.8076923076923077
513,3.8065613610621636,0.9230769230769231
514,4.852696170961619,0.9230769230769231
515,4.204239722300522,0.9230769230769231
516,3.641486476988365,0.8846153846153846
517,4.005755148982289,0.8846153846153846
518,3.6806227774494613,0.8076923076923077
519,3.298492770836004,0.7692307692307693
520,4.3355951957918695,0.8846153846153846
521,3.662934316922993,0.6923076923076923
522,3.5376066499049026,0.8076923076923077
523,3.44062014663393,0.7692307692307693
524,3.463306720650166,0.7692307692307693
525,3.8543316434280626,0.8461538461538461
526,3.553053287077086,0.7307692307692307
527,3.7884756242940565,0.8461538461538461
528,4.09400684578768,0.7692307692307693
529,3.6382752169384407,1.0
530,3.347615595557593,0.9230769230769231
531,3.523800962360356,0.8846153846153846
532,3.911872297760411,0.8461538461538461
533,4.374433946872089,0.7307692307692307
534,4.34005933002452,0.9230769230769231
535,4.482583521792603,0.9230769230769231
536,4.106306426638801,0.9615384615384616
537,4.489148926323153,0.9615384615384616
538,4.145005439339755,0.8846153846153846
539,3.979459061334449,0.9230769230769231
540,4.353161989768861,0.8846153846153846
541,4.214680666244354,0.8846153846153846
542,4.150726840264158,0.9230769230769231
543,3.828552244160444,0.9230769230769231
544,3.6828355179057977,0.8461538461538461
545,4.2917151302822445,0.8846153846153846
546,3.818922286484318,0.8846153846153846
547,3.3765070394460097,0.7692307692307693
548,4.876269660113218,0.8846153846153846
549,3.7071772858047147,0.8076923076923077
550,3.222042777196143,0.8846153846153846
551,3.766405901355654,0.9615384615384616
552,4.060946419298276,0.9615384615384616
553,3.938941371705548,0.9230769230769231
554,6.062655902085499,0.9230769230769231
555,3.7796276587472413,0.8846153846153846
556,4.718235757948132,0.9230769230769231
557,4.459317878885345,0.9230769230769231
558,3.9029121503530693,0.8461538461538461
559,3.876194305294263,0.8461538461538461
560,3.633626074279654,0.7692307692307693
561,4.289734024901252,0.8846153846153846
562,3.776463795192254,0.8076923076923077
563,3.6250071590804853,0.8846153846153846
564,3.445888490754509,0.7307692307692307
565,3.7124506704398663,0.6923076923076923
566,3.73119016902856,0.7692307692307693
567,3.5398546092146117,0.6538461538461539
568,5.05992914031025,0.6923076923076923
569,3.8305501582174535,0.6538461538461539
570,3.9606239011146824,0.6923076923076923
571,3.7919078265392545,0.8461538461538461
572,4.2520426897903825,0.8076923076923077
573,3.6135054428165545,0.8461538461538461
574,3.8539765507768604,0.8461538461538461
575,4.285035585910862,0.8076923076923077
576,4.02675358227095,0.8076923076923077
577,3.2843939681111918,0.8076923076923077
578,3.7692824128516373,0.8076923076923077
579,4.240267068906952,0.8076923076923077
580,3.5391929549400567,0.8076923076923077
581,3.686040812994181,0.7692307692307693
582,3.7875446301142595,0.7307692307692307
583,3.325747199552513,0.7692307692307693
584,3.5881597626481656,0.8076923076923077
585,3.4254256658654425,0.6923076923076923
586,3.5941050835903727,0.8846153846153846
587,3.5773938713366746,0.8846153846153846
588,3.8456994866295156,0.8076923076923077
589,3.5546461105856935,0.7692307692307693
590,4.648483596892723,0.8076923076923077
591,4.418253982872346,0.8461538461538461
592,3.5116817798272506,0.7307692307692307
593,5.1940683585000915,0.8846153846153846
594,3.512472158264475,0.7692307692307693
595,3.8744740201243344,0.8076923076923077
596,3.7572801372133036,0.7692307692307693
597,3.6538571942010574,0.7307692307692307
598,3.4157127449585585,0.8076923076923077
599,3.6647928850303453,0.7307692307692307
600,4.488703550236158,0.8076923076923077
601,3.972707958361554,0.8846153846153846
602,3.5281665260809723,0.8076923076923077
603,4.7294999792026475,0.7307692307692307
604,3.724197207568278,0.8461538461538461
605,3.700016965652985,0.8461538461538461
606,4.47061366862998,0.9230769230769231
607,4.367512220415143,0.8846153846153846
608,4.175074950469156,0.8461538461538461
609,4.364530579893903,0.8846153846153846
610,4.275650619611852,0.9615384615384616
611,5.395853584750079,1.0
612,4.453331201139694,0.9230769230769231
613,4.435489781204047,0.8846153846153846
614,4.758604221186582,0.8846153846153846
615,4.829391254678107,0.9230769230769231
616,4.96410389915476,0.8846153846153846
617,5.8964612637167,0.7692307692307693
618,4.940816696596921,0.8461538461538461
619,4.147718584077166,0.8846153846153846
620,4.231875380369265,0.7692307692307693
621,4.114130347404369,0.8076923076923077
622,3.9352690825419034,0.6923076923076923
623,4.122419742696426,0.8076923076923077
624,3.798242180130889,0.8076923076923077
625,3.8164271688627323,0.8846153846153846
626,4.647833928707904,0.9230769230769231
627,4.077596749918424,0.8076923076923077
628,3.8385538075032954,0.7692307692307693
629,3.9460427654919807,0.7692307692307693
630,3.6954553955406673,0.8461538461538461
631,4.207994018963072,1.0
632,4.218565912792651,0.8461538461538461
633,4.447726569484781,0.8846153846153846
634,4.4002177735030115,0.8846153846153846
635,4.200164503123921,0.9615384615384616
636,4.638561457006432,0.9230769230769231
637,4.3400525529412946,0.9615384615384616
638,3.920927317115061,0.8846153846153846
639,3.5770131301099433,0.7692307692307693
640,4.398212627176849,0.9615384615384616
641,4.196755122604412,0.9230769230769231
642,6.34320591761172,1.0
643,4.742059110647826,0.8846153846153846
644,4.114809378865522,0.7692307692307693
645,4.69256859974543,0.9230769230769231
646,4.523483662977858,0.8076923076923077
647,4.602301076649632,0.8076923076923077
648,5.102246335920579,0.8846153846153846
649,5.005177361994759,0.8461538461538461
650,4.058978726843679,0.8461538461538461
651,4.532264247161422,0.8461538461538461
652,5.368840586551744,0.8846153846153846
653,4.364495140549783,0.9230769230769231
654,4.463713359276066,0.8461538461538461
655,4.678869030849672,0.8846153846153846
656,4.842750147238196,0.9230769230769231
657,4.452922410140914,0.9615384615384616
658,5.751965765146049,0.9230769230769231
659,4.227060792672203,0.9615384615384616
660,4.148496892385985,0.8461538461538461
661,3.8010825347767465,0.8461538461538461
662,5.841551452945134,0.9615384615384616
663,3.6314582749348245,0.8461538461538461
664,4.085245686601017,0.7692307692307693
665,4.716056260629917,0.8846153846153846
666,5.884736922820796,0.8846153846153846
667,4.109811405542167,0.8461538461538461
668,4.46522145666239,0.8846153846153846
669,4.056916862498455,0.7692307692307693
670,3.8353484161261906,0.8076923076923077
671,3.4926915873507194,0.9230769230769231
672,5.0863660849369055,0.8846153846153846
673,4.975592108896155,0.8076923076923077
674,3.8856574760965845,0.8846153846153846
675,4.7382702279409585,0.8461538461538461
676,4.6219593189405455,0.8461538461538461
677,4.431282519540169,0.8076923076923077
678,3.760481036988095,0.8461538461538461
679,3.6752397724565924,0.8846153846153846
680,4.171025288123708,0.8076923076923077
681,3.5896033210016314,0.8461538461538461
682,3.215247135529807,0.8846153846153846
683,4.076439024712409,0.9230769230769231
684,3.7109473338005263,0.8461538461538461
685,5.269941952825197,0.9230769230769231
686,5.496893074642702,1.0
687,4.057433593789943,0.8846153846153846
688,3.8312846360366852,0.9230769230769231
689,4.9855148040017045,0.8846153846153846
690,3.675384026085686,0.9230769230769231
691,3.9968523725104705,0.9615384615384616
692,5.545710409993073,0.9230769230769231
693,3.642435480325089,0.8461538461538461
694,3.7642869758874493,0.8846153846153846
695,3.7993278056654525,0.8846153846153846
696,3.43562001206107,0.9230769230769231
697,3.8054529381506725,0.9615384615384616
698,4.125649371894912,0.8846153846153846
699,4.9684240212481106,0.9230769230769231
700,5.489297103352944,0.8076923076923077
701,3.933849863734417,0.8846153846153846
702,3.9445129294411867,0.8846153846153846
703,3.6334145537062588,0.9230769230769231
704,3.2692282660592324,0.9615384615384616
705,3.9826377925529917,0.8461538461538461
706,4.0272725463197485,0.8846153846153846
707,4.083505602184618,0.9230769230769231
708,5.009973700738955,0.8461538461538461
709,4.070376646902349,0.8846153846153846
710,4.160313206790046,0.9230769230769231
711,3.462739184541651,0.8846153846153846
712,3.905346517034337,0.8846153846153846
713,3.956191853088611,0.9615384615384616
714,3.9338724503252136,0.8461538461538461
715,4.080848032626402,0.8461538461538461
716,4.5411303416434325,0.9230769230769231
717,3.5681919448003163,0.9230769230769231
718,3.974693481792539,0.8076923076923077
719,4.112035165826554,0.7307692307692307
720,4.134278720675927,0.8076923076923077
721,5.040094393148832,0.9615384615384616
722,5.236585822583084,0.8461538461538461
723,4.518715414795413,0.9615384615384616
724,5.3208562713851535,0.9615384615384616
725,4.45883222842431,0.9230769230769231
726,4.169179502042164,0.9615384615384616
727,4.689327487663947,0.9230769230769231
728,4.7343824711763425,0.9230769230769231
729,4.509367609514924,0.9615384615384616
730,4.67971346222527,0.8846153846153846
731,6.0402638564560425,0.9230769230769231
732,5.755066639214863,0.9230769230769231
733,3.742029365621425,0.8846153846153846
734,3.792716274544169,0.8076923076923077
735,3.43804181249072,0.8846153846153846
736,3.549279548471212,0.8076923076923077
737,4.47316733887815,0.7692307692307693
738,4.018088412777116,0.8076923076923077
739,4.468160768860865,0.6923076923076923
740,4.542182555450353,0.7307692307692307
741,3.516889417980602,0.7307692307692307
742,4.5295640871076985,0.9615384615384616
743,3.822093784844495,0.7307692307692307
744,4.529760119734611,0.8461538461538461
745,4.0036206656729245,0.7692307692307693
746,6.26600776789934,0.8846153846153846
747,4.104955293370827,0.6923076923076923
748,3.5652379869900557,0.7307692307692307
749,3.9732935237468374,0.8846153846153846
750,4.594377781079695,0.8461538461538461
751,4.2350943506551815,0.9615384615384616
752,4.618952532112333,0.9615384615384616
753,4.657588155934966,0.8846153846153846
754,4.3479579415290095,0.9615384615384616
755,4.630454351984133,0.9615384615384616
756,4.1920872755538605,0.9230769230769231
757,4.582121100603323,0.8846153846153846
758,4.748439153127027,0.9230769230769231
759,4.33487959517132,0.8461538461538461
760,4.516542230037354,0.8846153846153846
761,4.054515505975887,0.8461538461538461
762,4.146620806141247,0.9615384615384616
763,4.776228945689008,0.9615384615384616
764,4.534955218564656,0.9230769230769231
765,4.352163240926897,0.8846153846153846
766,4.508296741629724,0.8846153846153846
767,4.561343400224711,0.9230769230769231
768,5.744071922634447,0.9230769230769231
769,4.919034700286015,0.9615384615384616
770,4.657228253949236,0.8461538461538461
771,4.648074879227078,0.9230769230769231
772,4.181383424828413,0.8076923076923077
773,4.599756749615977,0.9230769230769231
774,4.400041044940061,0.7692307692307693
775,4.639631904802649,0.7307692307692307
776,4.191747606778743,0.9230769230769231
777,3.86684978438553,0.9615384615384616
778,4.361126291333777,0.9230769230769231
779,4.209632883564264,0.7307692307692307
780,4.372269697612901,0.8076923076923077
781,4.883942462054298,0.8076923076923077
782,4.600723025820006,0.7692307692307693
783,4.2903181838247555,0.8076923076923077
784,4.463203628945853,0.7692307692307693
785,4.337681338705837,0.8076923076923077
786,3.774220843262668,0.8076923076923077
787,3.879731917600618,0.7692307692307693
788,4.837368520973806,0.7692307692307693
789,3.5453892885728955,0.7307692307692307
790,4.1991396442963795,0.7307692307692307
791,4.26395846340754,0.8461538461538461
792,3.811202618595895,0.7692307692307693
793,3.465781047733475,0.7307692307692307
794,3.9269942266277367,0.7307692307692307
795,3.6389484324583474,0.7307692307692307
796,3.980446742301781,0.8076923076923077
797,3.7664858288892913,0.8846153846153846
798,4.65595997870842,0.9230769230769231
799,4.547321976678995,0.7692307692307693
800,4.077464518536777,0.7692307692307693
801,3.5435911559963817,0.8461538461538461
802,4.164327437804595,0.8846153846153846
803,3.5618535579344712,0.8461538461538461
804,3.9137527206862543,0.9230769230769231
805,3.7901514658038034,0.8076923076923077
806,3.3815755642561065,0.7692307692307693
807,3.632734773197344,0.7692307692307693
808,4.401168386549677,0.9230769230769231
809,4.362138751150787,0.8076923076923077
810,3.478553373158053,0.8076923076923077
811,3.1579305884890347,0.7307692307692307
812,4.317325907001124,0.8846153846153846
813,3.977385486612264,0.8076923076923077
814,3.4151911947372797,0.8846153846153846
815,3.734978439993332,0.8461538461538461
816,4.150694278081004,0.8461538461538461
817,3.6756321186537204,0.8461538461538461
818,3.4476364927856613,0.8076923076923077
819,3.748085591775524,0.8846153846153846
820,3.969818394074332,0.8076923076923077
821,4.37438884873594,0.8076923076923077
822,4.670174858880375,0.8846153846153846
823,3.5917325208616084,1.0
824,4.22708739926956,0.9615384615384616
825,4.124562401316888,0.9230769230769231
826,3.6385874460621555,0.8846153846153846
827,4.238552055713836,0.9230769230769231
828,4.176198059054201,0.7692307692307693
829,4.82092951342549,0.6923076923076923
830,3.435284973301715,0.8461538461538461
831,4.192683054101949,0.8846153846153846
832,4.204376061575925,0.8461538461538461
833,3.613206640424499,0.7307692307692307
834,4.1399676543662505,0.7307692307692307
835,3.6925443073498,0.8461538461538461
836,3.7638433040450274,0.8076923076923077
837,4.420923618811811,0.8076923076923077
838,4.312779403227873,0.7307692307692307
839,3.438815481890812,0.7692307692307693
840,4.417268460668777,0.8076923076923077
841,4.829683586134088,0.8076923076923077
842,4.168362962125231,0.8076923076923077
843,3.7482167315887125,0.8076923076923077
844,3.9253956247326722,0.7307692307692307
845,4.65484242854944,0.8076923076923077
846,3.4186122077633456,0.7692307692307693
847,3.6888179741372134,0.7307692307692307
848,3.299054266459067,0.8846153846153846
849,3.792528672071919,0.8076923076923077
850,3.124336513050002,0.8076923076923077
851,3.351103272946741,0.8461538461538461
852,4.006607296292721,0.6923076923076923
853,6.403891899603587,0.8461538461538461
854,5.405122948895588,0.9230769230769231
855,4.427778362551948,0.8846153846153846
856,3.8733313148291018,0.8846153846153846
857,4.2441717676302275,0.8846153846153846
858,4.362815241646612,0.8846153846153846
859,3.6156926093543316,0.8076923076923077
860,3.8515926147635526,0.8076923076923077
861,4.096063943454263,0.7692307692307693
862,3.898101043758942,0.8461538461538461
863,4.272063680855432,0.8076923076923077
864,4.330542856569616,0.6538461538461539
865,4.509918825380322,0.7692307692307693
866,4.093241773739275,0.7692307692307693
867,4.212717223983874,0.7692307692307693
868,3.99977049056771,0.8076923076923077
869,3.243232680470197,0.5769230769230769
870,3.3463874513332694,0.5769230769230769
871,3.5871770048374763,0.6538461538461539
872,3.849870682211369,0.6538461538461539
873,4.043716426567517,0.7307692307692307
874,4.936251816109857,0.8461538461538461
875,3.7893956522022636,0.6153846153846154
876,3.924248809602257,0.8461538461538461
877,4.392216039473213,0.8076923076923077
878,3.8515737301167547,0.8076923076923077
879,3.2725693973860763,0.9230769230769231
880,4.520364075581213,0.9230769230769231
881,3.4915052633226358,0.8461538461538461
882,4.468240091098931,0.7692307692307693
883,3.891655086418794,0.8076923076923077
884,4.750541752286698,0.8846153846153846
885,4.112727946037634,0.8846153846153846
886,4.230897235778969,0.9615384615384616
887,4.580484971336865,0.8461538461538461
888,5.393759231058746,0.8846153846153846
889,5.48771838284295,0.8846153846153846
890,4.66147595565547,0.8846153846153846
891,4.358437359350517,0.8076923076923077
892,5.187365120808559,0.9230769230769231
893,4.563947383123813,0.8076923076923077
894,4.185942227166527,0.9615384615384616
895,3.6341988903276143,0.8461538461538461
896,4.033541156551125,0.8846153846153846
897,4.120412111457489,0.9230769230769231
898,4.199783384962451,0.8461538461538461
899,4.008935394132082,0.8461538461538461
900,3.9737509056388705,0.8846153846153846
901,4.156574633984701,0.9230769230769231
902,4.332153166401866,0.7692307692307693
903,4.213510971132825,0.7692307692307693
904,4.300191463447366,0.7307692307692307
905,3.8618761827211596,0.6923076923076923
906,3.8489621831167726,0.9230769230769231
907,3.4627625956387633,0.9230769230769231
908,3.7191932015069753,0.7692307692307693
909,4.057509538690185,0.9230769230769231
910,4.23283049295398,0.7692307692307693
911,4.414110069091686,0.8076923076923077
912,3.9186534104078516,0.8846153846153846
913,4.594853838791481,0.8846153846153846
914,4.784677653255076,0.9230769230769231
915,4.370072360636564,0.7692307692307693
916,4.944628091712572,0.8461538461538461
917,4.531456280562625,0.9615384615384616
918,4.23408679276552,0.9615384615384616
919,4.508990538266162,0.9615384615384616
920,5.055863801092945,0.9615384615384616
921,4.180475581766714,0.9615384615384616
922,4.446838677902634,0.8461538461538461
923,4.224592998574411,0.9230769230769231
924,3.456660903853277,0.8846153846153846
925,4.4678666254295205,0.9230769230769231
926,4.044751890258229,0.8076923076923077
927,3.451320700761324,0.9230769230769231
928,3.7778195119702693,0.6923076923076923
929,3.868551829989026,0.8461538461538461
930,4.205583160568265,0.8076923076923077
931,4.042698328390809,0.8076923076923077
932,3.7964569742769685,0.8461538461538461
933,4.335457980201188,0.7692307692307693
934,3.2619352290845094,0.9230769230769231
935,3.658713321874005,0.8846153846153846
936,3.410892073886433,0.9230769230769231
937,3.9289952608229237,0.8076923076923077
938,3.1506625973640783,0.8846153846153846
939,3.7106245224176195,0.8846153846153846
940,4.0871712859358,0.8846153846153846
941,4.084482272016132,0.9615384615384616
942,3.7454012539292294,0.9230769230769231
943,3.4902110375102313,0.9230769230769231
944,3.4148497700328013,0.8846153846153846
945,3.1751133494938006,0.9230769230769231
946,3.3693931611980448,0.9230769230769231
947,4.830363321085336,0.8076923076923077
948,4.49363110253103,0.9230769230769231
949,3.6823089127008464,0.9230769230769231
950,3.676236599249348,0.9230769230769231
951,3.5698539995738,0.9615384615384616
952,4.046310403813628,0.9615384615384616
953,4.157461672773499,0.9615384615384616
954,4.2116236779996115,1.0
955,3.7819364469060144,0.8461538461538461
956,3.7866069319675013,0.8846153846153846
957,3.8012086550603836,0.9230769230769231
958,4.0467604687391825,0.9230769230769231
959,3.8459082624101733,0.8846153846153846
960,4.396090667364152,0.8846153846153846
961,3.4403438528164028,0.8076923076923077
962,4.78102779923999,0.8076923076923077
963,3.7119883718929065,0.8846153846153846
964,3.9929857533959177,0.7307692307692307
965,3.5613047751984253,0.7307692307692307
966,4.090473307156492,0.7692307692307693
967,3.9719742961342193,0.8846153846153846
968,5.479949821757792,0.9615384615384616
969,4.520665882504557,0.7692307692307693
970,4.195296180822661,0.8846153846153846
971,4.061188881477581,0.7307692307692307
972,4.152694636644548,0.8076923076923077
973,3.8992075006398514,0.8846153846153846
974,3.4397489941308104,0.8846153846153846
975,3.938821626369009,0.8846153846153846
976,3.2931726386237052,0.8846153846153846
977,3.4105398336327655,0.8461538461538461
978,3.417416723718989,0.9230769230769231
979,3.9576321604537705,0.9230769230769231
980,3.514655753078575,0.9230769230769231
981,3.600562112271375,0.8461538461538461
982,3.8855806892675133,1.0
983,3.880264602326746,0.8461538461538461
984,4.338583713151611,0.8846153846153846
985,4.36558433457089,0.8846153846153846
986,3.962611512632859,0.8846153846153846
987,4.3315431677260285,0.8461538461538461
988,3.8712879492381145,0.8461538461538461
989,3.848597835243348,0.8461538461538461
990,3.414336227807822,0.7692307692307693
991,4.262476308456382,0.9615384615384616
992,4.1376978851919395,0.8461538461538461
993,3.323090396800546,0.8846153846153846
994,3.507245231747649,0.9230769230769231
995,4.222202216421613,0.8846153846153846
996,3.6315974315571333,0.9230769230769231
997,3.7248867625443802,0.8846153846153846
998,3.6812900119201473,0.9230769230769231
999,3.280975550769638,0.8846153846153846
1000,3.273220464727542,0.9230769230769231
1001,3.2383198149916486,0.8461538461538461
1002,3.2387378158681353,0.9230769230769231
1003,4.018463679938031,0.9230769230769231
1004,4.133608048473381,0.8461538461538461
1005,3.3010101501047755,0.8461538461538461
1006,3.6355858250579,0.8846153846153846
1007,4.069468015375241,0.9230769230769231
1008,4.7723207935028675,0.8461538461538461
1009,3.674284376070295,0.9230769230769231
1010,3.8791291534383103,0.9230769230769231
1011,4.092236222859247,0.8846153846153846
1012,3.428094447243771,0.8461538461538461
1013,3.1674960573560913,0.9230769230769231
1014,3.6483423928417413,0.8461538461538461
1015,5.59963697909673,0.8461538461538461
1016,5.1782984586063705,0.9615384615384616
1017,3.5104414998287163,0.8076923076923077
1018,4.209878434296461,0.9615384615384616
1019,3.807313736080324,0.9230769230769231
1020,4.554527870975633,0.8846153846153846
1021,3.748663271466432,0.8846153846153846
1022,3.514526834559037,0.8846153846153846
1023,3.6775415445422026,0.8846153846153846
1024,3.455345921270715,0.8846153846153846
1025,3.7345031025168662,0.8846153846153846
1026,3.8227658949951158,0.8846153846153846
1027,3.42127987049368,0.8846153846153846
1028,3.6365582911361933,0.9230769230769231
1029,3.528684273516933,0.8846153846153846
1030,4.612923329380779,0.8846153846153846
1031,3.191358590413347,0.9230769230769231
1032,3.419886086253966,0.7692307692307693
1033,3.667189549379063,0.7307692307692307
1034,3.4590871088615476,0.7307692307692307
1035,3.565700625051021,0.8846153846153846
1036,3.6011068330997427,0.7307692307692307
1037,3.2967711660292984,0.8461538461538461
1038,3.701514107786318,0.9230769230769231
1039,3.677164103490982,0.7692307692307693
1040,4.139499993029381,0.8846153846153846
1041,3.7076775630965293,0.8846153846153846
1042,4.083360195878002,0.9230769230769231
1043,3.4284539049717924,0.8461538461538461
1044,4.614488874048545,0.8076923076923077
1045,3.703981312448306,0.8461538461538461
1046,4.412996230866218,0.8846153846153846
1047,3.945647524758411,0.9615384615384616
1048,4.166227854785121,0.8461538461538461
1049,3.602244201146589,0.8846153846153846
1050,3.3221512039495855,0.8846153846153846
1051,3.371080219306491,0.9615384615384616
1052,3.8681422591077124,0.9230769230769231
1053,3.7218325483967734,0.8461538461538461
1054,3.5030241321133726,0.7692307692307693
1055,3.059127262890809,0.8076923076923077
1056,3.91840176191451,0.8846153846153846
1057,4.671023972244827,0.9230769230769231
1058,4.427466516438889,0.8846153846153846
1059,3.669746135522366,0.8076923076923077
1060,4.6579224376005195,0.7692307692307693
1061,3.8024473664984035,0.6923076923076923
1062,3.787685993586533,0.8461538461538461
1063,4.454506271285176,0.8846153846153846
1064,3.549552309269563,0.8461538461538461
1065,4.373000231099052,0.7692307692307693
1066,3.651213540409605,0.7692307692307693
1067,4.2891521315913845,0.9230769230769231
1068,3.6070412973465764,0.8076923076923077
1069,3.1514528904334824,0.6538461538461539
1070,4.1458810207790915,0.8846153846153846
1071,3.943744357897501,0.5769230769230769
1072,3.7548725224018638,0.6538461538461539
1073,3.651801971028467,0.6153846153846154
1074,3.677974425710288,0.6923076923076923
1075,3.9215723323626652,0.5769230769230769
1076,3.401778746694517,0.6538461538461539
1077,4.078864380555281,0.8461538461538461
1078,4.21307524419651,1.0
1079,3.5125965151128966,0.8076923076923077
1080,3.9566836445694915,0.8461538461538461
1081,3.443088038237375,0.8846153846153846
1082,3.6023529399054484,0.7692307692307693
1083,3.7508730919933173,0.7692307692307693
1084,4.620785075470302,0.6923076923076923
1085,4.018021243019887,0.7692307692307693
1086,3.2599680478163773,0.6923076923076923
1087,2.78020260937516,0.8461538461538461
1088,2.7360374665090283,0.8076923076923077
1089,3.228371778957267,0.7692307692307693
1090,3.2944272829629684,0.7307692307692307
1091,2.7380937921489386,0.7692307692307693
1092,3.5346964238047724,0.8461538461538461
1093,2.9948726000673807,0.7307692307692307
1094,3.8092689265176047,0.8461538461538461
1095,3.3260184214965522,0.8461538461538461
1096,3.67046229665886,0.8461538461538461
1097,3.8245118004302907,0.8076923076923077
1098,4.42377454770003,0.8461538461538461
1099,3.2962674574280912,0.8076923076923077
1100,3.2746817933474297,0.8076923076923077
1101,3.8399864994434516,0.7692307692307693
1102,4.06032867193312,0.8846153846153846
1103,3.7838962068252253,0.8076923076923077
1104,3.7359023238531726,0.8076923076923077
1105,3.665469786399079,0.8076923076923077
1106,3.367519190439349,0.7692307692307693
1107,3.041954954866808,0.7692307692307693
1108,2.5981179856134626,0.7307692307692307
1109,2.7122501707443147,0.8076923076923077
1110,3.3683058338968888,0.8076923076923077
1111,3.2484278440053203,0.8076923076923077
1112,3.905405818043215,0.8076923076923077
1113,3.946317642856507,1.0
1114,3.6852089733188063,0.8076923076923077
1115,3.691304040271391,0.8076923076923077
1116,4.85585468922805,0.9615384615384616
1117,4.977861234430622,0.8846153846153846
1118,3.446521600867035,0.8076923076923077
1119,3.7450839922725354,0.8846153846153846
1120,5.697864896157544,0.8846153846153846
1121,3.665356165913865,0.8461538461538461
1122,3.7261299989121253,0.8846153846153846
1123,3.719893256170519,0.8461538461538461
1124,3.6671396597790045,0.8846153846153846
1125,3.338906059132131,0.9230769230769231
1126,5.386484554240911,0.9615384615384616
1127,3.5765972411462834,0.8846153846153846
1128,3.8303511221827895,0.8076923076923077
1129,3.900957311540916,0.7692307692307693
1130,3.998047630802011,0.8076923076923077
1131,5.064562675908302,0.7307692307692307
1132,4.035064370954186,0.9230769230769231
1133,3.5733772921076357,0.9230769230769231
1134,4.442243021699265,0.9230769230769231
1135,5.6154353411969185,0.9615384615384616
1136,5.102858694684753,1.0
1137,3.6595302319201117,0.9615384615384616
1138,3.9113249454453474,0.9615384615384616
1139,4.3440208565433185,0.8846153846153846
1140,3.620269741846531,0.8846153846153846
1141,4.084382416971941,0.8846153846153846
1142,4.703025933163402,0.9615384615384616
1143,4.48447494878952,0.9615384615384616
1144,4.129320075679222,0.9230769230769231
1145,5.484822621536209,0.8461538461538461
1146,4.078255735786179,0.9615384615384616
1147,4.4549771348852065,0.9615384615384616
1148,5.021538178358352,0.8846153846153846
1149,4.711363477834814,0.8846153846153846
1150,4.514469700829979,0.9230769230769231
1151,4.080337863927346,0.8846153846153846
1152,4.053072784341508,0.9230769230769231
1153,4.2046104313778025,0.8076923076923077
1154,4.7947880703916255,0.8846153846153846
1155,4.385280915907699,0.8846153846153846
1156,4.083615078369352,0.8461538461538461
1157,4.170793067791554,0.9230769230769231
1158,3.7927367931180034,0.8076923076923077
1159,3.363130778629775,0.6538461538461539
1160,3.3798287781400838,0.7692307692307693
1161,3.210138875452996,0.7692307692307693
1162,3.2171391422294233,0.8076923076923077
1163,3.2306005421816826,0.8846153846153846
1164,3.192361925305576,0.8076923076923077
1165,6.152922878063739,0.9230769230769231
1166,3.2585942683404765,0.7692307692307693
1167,3.6216941018727185,0.7692307692307693
1168,3.64995237953073,0.6538461538461539
1169,3.2648194404323703,0.8461538461538461
1170,3.2142028619512915,0.6923076923076923
1171,3.6781872721350672,0.8461538461538461
1172,3.791551610874889,0.8846153846153846
1173,3.290376583762855,0.9615384615384616
1174,3.8906739115780535,0.9615384615384616
1175,3.2678000670330065,0.8846153846153846
1176,3.975798983428313,0.8076923076923077
1177,4.246489120994969,0.9230769230769231
1178,6.223358388907121,0.8461538461538461
1179,4.397969796814731,0.9230769230769231
1180,3.8897174062399698,0.9615384615384616
1181,3.4333939405363187,0.9230769230769231
1182,3.385288253557599,0.8846153846153846
1183,3.8887963174110562,0.8846153846153846
1184,4.524607511732125,0.8461538461538461
1185,3.8508673576588763,0.9615384615384616
1186,4.208215859450654,0.8846153846153846
1187,4.889405603701974,0.8846153846153846
1188,4.940517186844275,1.0
1189,3.9393345379446556,0.9615384615384616
1190,4.648315028337467,1.0
1191,3.5191670506366415,0.9230769230769231
1192,4.933832580171195,0.9615384615384616
1193,3.582109528223619,0.8846153846153846
1194,3.7376626167784477,0.8461538461538461
1195,3.676219260155817,0.8076923076923077
1196,3.884129457544758,0.9230769230769231
1197,4.154985492148399,0.7692307692307693
1198,4.544899652807964,0.7307692307692307
1199,4.483397181747484,0.7692307692307693
1200,3.8246380304244636,0.8076923076923077
1201,4.317666980666677,0.9615384615384616
1202,5.3132869029067615,1.0
1203,3.4189172953000084,0.8461538461538461
1204,5.435538301666347,1.0
1205,4.098359801616501,0.7692307692307693
1206,4.237446013918553,0.7692307692307693
1207,4.554721772376549,0.8461538461538461
1208,4.059693838743864,0.8076923076923077
1209,3.3009427565020593,0.7307692307692307
1210,3.942321625698202,0.8846153846153846
1211,3.9328249359740015,0.7307692307692307
1212,4.1160103023494266,0.7692307692307693
1213,4.756941476626229,0.9615384615384616
1214,3.558118818183607,0.7692307692307693
1215,4.248013182853671,0.8846153846153846
1216,3.911426312468073,0.7307692307692307
1217,4.630051604138203,0.9615384615384616
1218,2.422187752477126,0.7692307692307693
1219,4.482456765412609,0.8846153846153846
1220,4.466784880776533,0.9230769230769231
1221,3.2944104143265123,0.6538461538461539
1222,2.278916453877344,0.5769230769230769
1223,2.741435942740167,0.6538461538461539
1224,2.6285676210691715,0.6923076923076923
1225,3.5936182555207075,0.8076923076923077
1226,3.5480353476484647,0.6153846153846154
1227,2.9163874181960923,0.6923076923076923
1228,4.236189011440904,0.8461538461538461
1229,2.892772598974924,0.6923076923076923
1230,3.2926525915491456,0.7692307692307693
1231,3.7843695488699844,0.7307692307692307
1232,4.14513292490863,0.7692307692307693
1233,4.755462699834004,0.8076923076923077
1234,4.413883003433062,0.7307692307692307
1235,3.67164254277472,0.6923076923076923
1236,3.0916065826250088,0.6923076923076923
1237,3.4318151109037345,0.6538461538461539
1238,3.400835120068994,0.7307692307692307
1239,4.174860104330344,0.7307692307692307
1240,4.586363377857552,0.8846153846153846
1241,2.9285410044941784,0.8076923076923077
1242,3.037881125529976,0.8461538461538461
1243,3.5821133206776947,0.8076923076923077
1244,4.176267401836257,0.8461538461538461
1245,3.75584959566093,0.8846153846153846
1246,4.386514048591394,0.8076923076923077
1247,4.762070298862749,0.8846153846153846
1248,3.5031097521237164,1.0
1249,3.7784702842262603,0.8461538461538461
1250,3.66535138859055,0.8461538461538461
1251,3.3740443375377156,0.8461538461538461
1252,4.5669743310227995,0.8076923076923077
1253,3.5250987388128374,0.8846153846153846
1254,3.447781737377772,0.8076923076923077
1255,4.733171795940266,0.8461538461538461
1256,3.4877593944077967,0.8076923076923077
1257,4.3500986829663075,0.8076923076923077
1258,3.513700743334459,0.8076923076923077
1259,3.4531301091064828,0.8076923076923077
1260,3.4782321249357797,0.7307692307692307
1261,3.1167001131309022,0.8076923076923077
1262,3.0752477134790586,0.7692307692307693
1263,3.0093248972806355,0.8076923076923077
1264,3.5599117062201078,0.7692307692307693
1265,3.687976764584213,0.8846153846153846
1266,3.3643509757674392,0.8076923076923077
1267,3.35562930559316,0.8461538461538461
1268,4.951489767299945,0.8846153846153846
1269,3.598250893770558,0.8076923076923077
1270,3.5408823382398555,0.7692307692307693
1271,3.501960959102539,0.8846153846153846
1272,4.8270257292292635,0.9230769230769231
1273,3.5329517641984904,0.8846153846153846
1274,3.7457379306305194,0.9615384615384616
1275,4.1099275482787885,1.0
1276,6.142725780657334,0.9615384615384616
1277,5.481891146121871,0.8076923076923077
1278,3.6941354239017277,0.9615384615384616
1279,4.554093185494853,0.8076923076923077
1280,3.912980016371244,1.0
1281,4.447129131163796,1.0
1282,3.7118915429335035,1.0
1283,4.796221126553036,1.0
1284,3.6969966332664974,1.0
1285,4.121600662855878,0.9230769230769231
1286,5.13452392882422,0.6923076923076923
1287,4.287686822775536,0.9615384615384616
1288,4.401802095901248,0.9230769230769231
1289,4.656037178529923,0.7692307692307693
1290,4.197853797010203,0.9615384615384616
1291,3.9661057405908826,0.8846153846153846
1292,4.0265464005921086,0.8461538461538461
1293,4.431498171443635,0.9230769230769231
1294,3.8305654528912356,0.9230769230769231
1295,3.993300671349287,0.6153846153846154
1296,4.1924055127353075,0.8076923076923077
1297,3.7912457571445657,0.8461538461538461
1298,3.5325067665341794,0.8076923076923077
1299,4.4667904277998485,0.8076923076923077
1300,3.5844199882050454,0.7307692307692307
1301,5.12232037460551,0.8846153846153846
1302,6.228013595941755,0.9615384615384616
1303,3.782106089725142,0.9230769230769231
1304,4.490852896854609,0.8846153846153846
1305,3.661514134395499,0.7692307692307693
1306,4.897381687462462,0.7307692307692307
1307,4.372851739062411,0.9230769230769231
1308,4.098322371293121,0.8846153846153846
1309,4.034339488704894,0.8461538461538461
1310,3.5887117597740814,0.9230769230769231
1311,5.198613207683455,0.9615384615384616
1312,3.489007825496541,0.9615384615384616
1313,3.3388939273802944,0.8076923076923077
1314,4.926212858323759,0.8846153846153846
1315,3.7849361136798505,0.9230769230769231
1316,3.916951793049189,0.8076923076923077
1317,4.059602297871224,0.9230769230769231
1318,5.927906299562454,0.8846153846153846
1319,3.8143359688185345,0.8076923076923077
1320,3.2441596321959274,0.7692307692307693
1321,3.4002998263923887,0.7692307692307693
1322,4.137149463066417,0.8076923076923077
1323,3.301549849061234,0.7692307692307693
1324,2.815110634650157,0.7307692307692307
1325,3.1655446711589583,0.7307692307692307
1326,4.896394141549248,0.8461538461538461
1327,2.984628399749291,0.8461538461538461
1328,3.0547859546157534,0.8076923076923077
1329,3.6876619996278546,0.7692307692307693
1330,4.890407633642112,0.8846153846153846
1331,3.6468237021402863,0.7692307692307693
1332,3.7023175482427666,0.8846153846153846
1333,3.8953878927415344,0.8461538461538461
1334,4.703212550999225,0.9230769230769231
1335,3.7820105823251,0.9615384615384616
1336,3.678378138548706,0.9230769230769231
1337,3.3694807846134367,0.9615384615384616
1338,3.766133166615273,0.9615384615384616
1339,3.750655484502045,0.9230769230769231
1340,3.755282660665414,0.8846153846153846
1341,4.007983343677522,0.9230769230769231
1342,4.55713121734803,0.9615384615384616
1343,5.306267845406501,0.8846153846153846
1344,4.4559714953812986,0.8846153846153846
1345,5.296173341588199,0.8846153846153846
1346,4.118642395774456,0.8076923076923077
1347,5.350247003784509,0.9615384615384616
1348,5.2440485307938784,0.9615384615384616
1349,5.128291863394057,0.9615384615384616
1350,4.87243071074396,0.8846153846153846
1351,3.2342198403834557,0.8461538461538461
1352,3.805561657247625,0.7692307692307693
1353,3.749905902273018,0.8846153846153846
1354,4.5722964024711334,0.8461538461538461
1355,3.6152929402959844,0.7692307692307693
1356,4.201826745589786,0.8461538461538461
1357,3.474381372562887,0.8846153846153846
1358,3.9619019698350577,0.9230769230769231
1359,4.288163480250247,0.7692307692307693
1360,4.571571326824005,0.8461538461538461
1361,5.3398185224439105,0.7692307692307693
1362,3.6934364031974245,0.8076923076923077
1363,3.4905776355997347,0.8076923076923077
1364,3.882019086049034,0.8461538461538461
1365,4.6520586659052645,0.8846153846153846
1366,4.252002696058111,0.8846153846153846
1367,3.273332140876054,0.8461538461538461
1368,4.815186667571517,0.9230769230769231
1369,3.674498427903225,0.8076923076923077
1370,3.798161104783607,0.8461538461538461
1371,4.3625054647917025,0.8076923076923077
1372,3.8599325887767417,0.8461538461538461
1373,3.442080590472894,0.8076923076923077
1374,4.355709844897889,0.8846153846153846
1375,4.426074342061303,0.8846153846153846
1376,4.014017707956306,0.8461538461538461
1377,4.8243558220900855,0.8461538461538461
1378,4.966836737885303,0.9230769230769231
1379,3.753007554501537,0.8461538461538461
1380,3.889456723642659,0.9230769230769231
1381,4.028545654627861,0.8076923076923077
1382,4.182865861953532,0.9230769230769231
1383,5.387367378979318,0.9615384615384616
1384,4.863365376678224,0.8076923076923077
1385,3.5805068898527996,0.8461538461538461
1386,3.2589526993599005,0.8846153846153846
1387,3.4128537372784407,0.8076923076923077
1388,3.7190473451414925,0.8076923076923077
1389,3.5141841220650263,0.8076923076923077
1390,3.721554704333582,0.8076923076923077
1391,4.472363620022446,0.9230769230769231
1392,4.55338287532443,0.7307692307692307
1393,3.847787965291228,0.8076923076923077
1394,3.4332844527271242,0.7692307692307693
1395,3.703469794185345,0.8076923076923077
1396,4.048771358865164,0.8076923076923077
1397,2.9272103238675573,0.7307692307692307
1398,3.8584506942006054,0.6538461538461539
1399,4.36845142681739,0.9230769230769231
1400,3.326859100317473,0.6538461538461539
1401,4.287771974185458,0.8846153846153846
1402,4.802115583186829,0.8461538461538461
1403,4.922733350190218,0.8846153846153846
1404,4.287693856657014,0.8461538461538461
1405,4.399636613923968,0.9230769230769231
1406,4.1151795899870685,0.6923076923076923
1407,4.351087214005681,0.7307692307692307
1408,3.496740815146158,0.7692307692307693
1409,4.1757729738298295,0.8461538461538461
1410,4.0613761896807805,0.8076923076923077
1411,3.273208231563695,0.6538461538461539
1412,3.600248181043149,0.7307692307692307
1413,3.3482716807116515,0.6923076923076923
1414,3.1471664332302636,0.6153846153846154
1415,3.568029275439079,0.7307692307692307
1416,3.193135241450185,0.7692307692307693
1417,3.039780632436749,0.7307692307692307
1418,3.5074950213293663,0.7692307692307693
1419,3.8020055131749526,0.8846153846153846
1420,3.14672149555766,0.9230769230769231
1421,4.070849550489974,0.8461538461538461
1422,3.6308400367010547,0.8846153846153846
1423,4.231831697979711,0.8076923076923077
1424,4.2205122595214215,0.8076923076923077
1425,4.125909410275493,0.8461538461538461
1426,3.9351174620821108,0.8461538461538461
1427,4.2519150438779825,0.8461538461538461
1428,4.040787760319233,0.8461538461538461
1429,3.757250274354727,0.8461538461538461
1430,3.6951926022894837,0.8846153846153846
1431,4.068109335023794,0.7307692307692307
1432,3.970136957077645,0.7692307692307693
1433,4.497463323914581,0.9230769230769231
1434,7.64898463511726,0.9615384615384616
1435,4.041690632048415,0.8461538461538461
1436,3.89371482030213,0.8461538461538461
1437,4.686179141231014,0.8846153846153846
1438,4.201813549181434,0.9230769230769231
1439,4.731248124258819,1.0
1440,4.455605782231698,0.9615384615384616
1441,5.900728989157747,0.8461538461538461
1442,4.715523352296582,0.9615384615384616
1443,4.782199544544561,0.9615384615384616
1444,3.894343878669712,0.9230769230769231
1445,4.223582506213303,0.9615384615384616
1446,4.4875534841973,0.8846153846153846
1447,4.504784933793297,1.0
1448,4.4489100312255605,0.9230769230769231
1449,4.026566788661629,0.9615384615384616
1450,4.400894467031952,0.9615384615384616
1451,4.216878954769811,1.0
1452,4.026130924545995,1.0
1453,3.839821752181282,0.9615384615384616
1454,4.370653635188204,0.8846153846153846
1455,3.691201637816085,0.7692307692307693
1456,3.765977301669354,0.8076923076923077
1457,4.512342191402996,0.8461538461538461
1458,3.588993354811205,0.8076923076923077
1459,3.760326401732533,0.8461538461538461
1460,3.640856245530387,0.8076923076923077
1461,3.7797857491116162,0.7307692307692307
1462,3.9793379085632354,0.8076923076923077
1463,3.50858814849588,0.8461538461538461
1464,3.9729035427627966,0.8846153846153846
1465,3.6605770901346832,0.9230769230769231
1466,3.324469418386311,0.7307692307692307
1467,3.271485687560272,0.8076923076923077
1468,3.563391386333674,0.7307692307692307
1469,3.465561798288307,0.7692307692307693
1470,3.134379228863895,0.7692307692307693
1471,3.591219253289901,0.7692307692307693
1472,3.6498825410048887,0.7692307692307693
1473,3.5068582317462287,0.7307692307692307
1474,3.7822595801599244,0.7692307692307693
1475,3.578214895024146,0.8461538461538461
1476,3.4969872548591745,0.8076923076923077
1477,5.048984397699542,0.7692307692307693
1478,3.8588000043011106,0.7692307692307693
1479,5.5440931285062875,0.9230769230769231
1480,3.5732056938090464,0.8846153846153846
1481,4.232384408308639,0.9230769230769231
1482,3.715895576309528,0.7307692307692307
1483,3.5501281732796803,0.6923076923076923
1484,4.699762215206096,0.7307692307692307
1485,4.059257888775024,0.9230769230769231
1486,4.669802784966487,0.9615384615384616
1487,4.174604605157824,0.9230769230769231
1488,4.28886203728238,0.9230769230769231
1489,4.174706672661089,0.9230769230769231
1490,4.580993435112323,0.9615384615384616
1491,4.297209166275472,0.9230769230769231
1492,4.079071586285777,0.9230769230769231
1493,4.126650149264762,0.8846153846153846
1494,4.331269020881125,0.9615384615384616
1495,5.001902359751551,0.9230769230769231
1496,4.23611466214182,0.9615384615384616
1497,4.502513914572081,1.0
1498,4.395953415132141,0.9230769230769231
1499,4.560794800845271,0.8461538461538461
1500,4.052820543178745,0.9230769230769231
