# Trial 11: ath=0.0292  hd=300  reg=1.23e-02  a=0.0109  c=0.3843  L=8  best_er=0.5769
iter,loss,error_rate
1,3.6640110681535916,0.8846153846153846
2,3.649476795664462,0.8846153846153846
3,3.744346095878206,0.9230769230769231
4,3.65670860972661,0.8846153846153846
5,3.541062116207022,0.9230769230769231
6,3.6733205307450127,0.8846153846153846
7,3.899996364276434,0.8846153846153846
8,3.7686839641785554,0.8846153846153846
9,3.8215074085774408,0.8846153846153846
10,3.745099152333056,0.8461538461538461
11,3.808701183445062,0.8846153846153846
12,3.554435387902065,0.8846153846153846
13,3.7426235561569796,0.8461538461538461
14,3.6912844886496092,0.8076923076923077
15,3.6283794162649365,0.8846153846153846
16,3.734336071334159,0.8461538461538461
17,3.9052903444478995,0.9615384615384616
18,3.6996454721697916,0.8846153846153846
19,3.6945031053786916,0.8846153846153846
20,3.781014697346609,0.8846153846153846
21,3.655671517698342,0.8461538461538461
22,3.621271981934476,0.9230769230769231
23,3.5609497377467605,0.8461538461538461
24,4.036130037983855,0.8846153846153846
25,3.63631797952495,0.8461538461538461
26,3.6976767392275764,0.8846153846153846
27,3.915125721463091,0.8461538461538461
28,3.5687053148253622,0.8461538461538461
29,3.8905519661004067,0.8461538461538461
30,3.817363134400328,0.8461538461538461
31,3.7371711419156344,0.8461538461538461
32,3.7091724389263088,0.8461538461538461
33,3.5298607579984456,0.8846153846153846
34,3.686631750319399,0.8076923076923077
35,3.8479516281433153,0.9230769230769231
36,3.8765878242955587,0.8461538461538461
37,3.716789413193874,0.8846153846153846
38,3.8794314000282495,0.8461538461538461
39,3.7953012529183447,0.8461538461538461
40,3.814253977085115,0.8846153846153846
41,3.705518896267238,0.8846153846153846
42,3.7744287494089823,0.8846153846153846
43,3.556736664419793,0.8846153846153846
44,3.8101032915463917,0.8846153846153846
45,3.6790585032908565,0.8461538461538461
46,3.747151512860251,0.8076923076923077
47,3.8074479469665987,0.8846153846153846
48,3.960149437665989,0.8846153846153846
49,3.9188856438422954,0.8461538461538461
50,3.6304458758205524,0.8461538461538461
51,3.884078355886113,0.8846153846153846
52,3.5549622548185313,0.8461538461538461
53,3.7169058532030057,0.8461538461538461
54,3.6260742554254977,0.8461538461538461
55,3.746445270911309,0.8461538461538461
56,3.737393782963938,0.8076923076923077
57,3.730845063940142,0.9230769230769231
58,3.680373695504281,0.8846153846153846
59,3.73144283082116,0.8846153846153846
60,3.7266158497894923,0.8846153846153846
61,3.4791382076253847,0.9230769230769231
62,3.7020739647611576,0.9615384615384616
63,3.475222089013596,0.8461538461538461
64,3.7615042973862294,0.8461538461538461
65,3.465354469225275,0.8461538461538461
66,3.601152894594212,0.9230769230769231
67,3.9263192312611923,0.8461538461538461
68,3.6014012784146425,0.8846153846153846
69,3.728583971910407,0.8846153846153846
70,3.724301409385793,0.8846153846153846
71,3.9033409393278458,0.8076923076923077
72,3.7692828870179054,0.8461538461538461
73,3.8070466505593195,0.8846153846153846
74,3.804250979815494,0.8076923076923077
75,3.8133124241065492,0.8461538461538461
76,3.739016432358598,0.8461538461538461
77,3.712633272262536,0.8461538461538461
78,3.9046541644572503,0.8461538461538461
79,3.748162455087513,0.8846153846153846
80,3.6890785261525316,0.8461538461538461
81,3.6213069960077586,0.9230769230769231
82,3.6464239481133736,0.8461538461538461
83,3.555687664256868,0.9230769230769231
84,3.764136291568925,0.8846153846153846
85,3.8245138372248326,0.8076923076923077
86,3.6071167237812727,0.9230769230769231
87,3.8970979589188603,0.8846153846153846
88,3.6078046352986415,0.8846153846153846
89,3.9142067093614252,0.8846153846153846
90,3.7573114758780237,0.8846153846153846
91,3.507890430182498,0.9230769230769231
92,3.814457361516827,0.8461538461538461
93,3.6413704359081915,0.8846153846153846
94,3.8865935156265268,0.8846153846153846
95,3.3638841720224133,0.8461538461538461
96,3.650518217059915,0.8846153846153846
97,3.648982554448839,0.8461538461538461
98,3.726399652932937,0.8846153846153846
99,3.919284657956766,0.8461538461538461
100,4.031350665625704,0.8846153846153846
101,3.8255259257557745,0.8461538461538461
102,3.6023335783295587,0.8461538461538461
103,3.7708447646552825,0.8461538461538461
104,3.7691902339848924,0.8461538461538461
105,3.7216506272698444,0.8461538461538461
106,3.7950045642933974,0.8461538461538461
107,3.579247304679413,0.8461538461538461
108,3.6741184701589336,0.8846153846153846
109,3.824654127013103,0.8076923076923077
110,4.031647093886763,0.8846153846153846
111,3.8527735512141907,0.8076923076923077
112,3.8657464792849785,0.8461538461538461
113,3.794161740598302,0.8076923076923077
114,3.8380219403106026,0.8461538461538461
115,3.891169075856427,0.8461538461538461
116,3.9632057232992333,0.8461538461538461
117,3.6691948223236723,0.8846153846153846
118,3.8535425033264348,0.8461538461538461
119,3.8353136535873733,0.8846153846153846
120,3.850164196779618,0.8076923076923077
121,3.714224106319111,0.8846153846153846
122,3.5757485395460913,0.8846153846153846
123,3.6113766190803815,0.7692307692307693
124,3.756791406426495,0.8846153846153846
125,3.740054058223649,0.8461538461538461
126,3.639583410597645,0.8076923076923077
127,3.7172701935546457,0.8461538461538461
128,3.8470806579237777,0.8846153846153846
129,4.126591844027996,0.8846153846153846
130,3.616658858876918,0.8846153846153846
131,3.65274569078296,0.8461538461538461
132,3.65435700703732,0.8846153846153846
133,3.646490197233078,0.8461538461538461
134,3.7621221115440266,0.8461538461538461
135,3.767464224980882,0.8846153846153846
136,3.7248119523705294,0.8846153846153846
137,3.8777389608380832,0.8846153846153846
138,3.503777724180444,0.8461538461538461
139,3.7434196088535496,0.8461538461538461
140,3.982925048618824,0.8461538461538461
141,3.621075014964174,0.9230769230769231
142,3.535900307375237,0.8846153846153846
143,3.763077874277209,0.8461538461538461
144,4.046765607108832,0.8461538461538461
145,3.8187626035909945,0.9230769230769231
146,3.811418884624003,0.8846153846153846
147,3.7978400570390063,0.8461538461538461
148,3.566332591268262,0.8461538461538461
149,3.4432746786105914,0.8846153846153846
150,3.396646840891148,0.8461538461538461
151,3.649529149663796,0.8076923076923077
152,3.8952426066686208,0.8846153846153846
153,3.947307145383227,0.8076923076923077
154,3.458374867006982,0.8846153846153846
155,3.748739689932699,0.8461538461538461
156,3.646894142290714,0.8846153846153846
157,3.4940196365082574,0.8846153846153846
158,3.8497932221260047,0.8461538461538461
159,3.7403617031935554,0.8461538461538461
160,3.2327986132773483,0.8461538461538461
161,3.5987255233124995,0.8461538461538461
162,3.8619897095511644,0.8076923076923077
163,3.879135019334651,0.8461538461538461
164,3.529952206368405,0.8846153846153846
165,3.7345371889741923,0.8461538461538461
166,3.733207596312252,0.8461538461538461
167,3.7879175999008847,0.8846153846153846
168,3.6814524142040055,0.9230769230769231
169,3.808260993594441,0.8461538461538461
170,3.5614574734685402,0.8846153846153846
171,3.6190640575998976,0.9615384615384616
172,3.8117719261333693,0.8846153846153846
173,3.783062519466376,0.8076923076923077
174,3.633309014212368,0.8461538461538461
175,3.3925892055100304,0.8461538461538461
176,3.8556525592961894,0.8461538461538461
177,3.607876465448648,0.8461538461538461
178,3.434177134469076,0.8846153846153846
179,3.6682243885232415,0.8846153846153846
180,3.6867969523318753,0.8461538461538461
181,3.6686371144248975,0.8076923076923077
182,3.685605445350007,0.8461538461538461
183,3.732594301417939,0.8076923076923077
184,3.6598800284402904,0.8461538461538461
185,3.700968422465004,0.8076923076923077
186,3.775456785817922,0.8461538461538461
187,3.791028361656801,0.8461538461538461
188,3.7400550822624,0.8076923076923077
189,3.6895629560060126,0.8846153846153846
190,3.8940311294752408,0.8076923076923077
191,3.866797020712653,0.9230769230769231
192,3.6064925882740697,0.8846153846153846
193,3.6620727575752667,0.8461538461538461
194,3.3946664579989294,0.8461538461538461
195,3.6627820430975717,0.8846153846153846
196,3.521388809609509,0.8076923076923077
197,3.834186435991514,0.8461538461538461
198,3.6934920931923365,0.8846153846153846
199,3.5354842476802024,0.8461538461538461
200,3.832698420302278,0.8076923076923077
201,3.502661649933702,0.8076923076923077
202,3.5868504064628306,0.8846153846153846
203,3.794970030642742,0.8461538461538461
204,3.7388153416489787,0.8076923076923077
205,3.8488673005489096,0.8846153846153846
206,3.652771825973319,0.8846153846153846
207,3.633185194647988,0.8461538461538461
208,3.8953277255670034,0.8076923076923077
209,3.6124358063275683,0.8461538461538461
210,3.9844524396532948,0.8461538461538461
211,3.928558510073129,0.8461538461538461
212,3.740968062005763,0.8076923076923077
213,3.4810299510968403,0.8461538461538461
214,3.632991097194155,0.8076923076923077
215,3.4589333250866363,0.8846153846153846
216,3.7792770340393176,0.8846153846153846
217,3.7512635602268514,0.8846153846153846
218,3.7081445380937277,0.8846153846153846
219,3.8038689461707684,0.8461538461538461
220,3.7837501664306066,0.8461538461538461
221,3.7061466494872732,0.8076923076923077
222,3.619341410508341,0.8461538461538461
223,3.770804254373411,0.8846153846153846
224,3.8680235514061185,0.8076923076923077
225,3.686772117716252,0.8076923076923077
226,3.723357711106106,0.8846153846153846
227,3.601431300673765,0.8461538461538461
228,3.2726247298527205,0.7692307692307693
229,3.543817326899906,0.8076923076923077
230,3.584030369112149,0.8461538461538461
231,3.547057028890109,0.8076923076923077
232,3.396682420267949,0.8846153846153846
233,3.7843707771064903,0.9230769230769231
234,3.6876139617185557,0.8076923076923077
235,3.519165587618917,0.8461538461538461
236,3.512132741886153,0.7692307692307693
237,3.6622700199878375,0.8076923076923077
238,4.027153232071367,0.8461538461538461
239,3.5573177606600472,0.8461538461538461
240,3.697636341302582,0.8846153846153846
241,3.666722451163068,0.8461538461538461
242,3.4698565788408744,0.8846153846153846
243,3.684204006405657,0.8461538461538461
244,3.594608675110324,0.8461538461538461
245,3.666400160667355,0.8461538461538461
246,3.7568943826512458,0.8076923076923077
247,3.536693280509482,0.8076923076923077
248,3.783492710619165,0.8076923076923077
249,3.7093604648467577,0.8461538461538461
250,3.6812455967900584,0.8076923076923077
251,3.5728126412134027,0.8461538461538461
252,3.4587812548121075,0.8846153846153846
253,3.7002542558241753,0.8076923076923077
254,3.749529048825663,0.8846153846153846
255,3.487345375542981,0.8076923076923077
256,3.4885523893338886,0.8461538461538461
257,3.6692564209594973,0.8461538461538461
258,3.6625468099948337,0.8846153846153846
259,3.750194394668732,0.8076923076923077
260,3.7592159264692393,0.8846153846153846
261,3.436462196570474,0.8461538461538461
262,3.7320482031153137,0.8461538461538461
263,3.445507378597625,0.8076923076923077
264,3.7076191313825957,0.8076923076923077
265,3.6309588852601986,0.8846153846153846
266,3.662335852741552,0.8461538461538461
267,3.6750342443745923,0.7692307692307693
268,3.811654468955738,0.8461538461538461
269,3.3730694478213,0.8846153846153846
270,3.6150237684586557,0.8461538461538461
271,3.408387434426699,0.8076923076923077
272,3.7791376728178347,0.8461538461538461
273,3.5597335847785128,0.8461538461538461
274,3.7305781780181744,0.8461538461538461
275,3.855256416028455,0.8076923076923077
276,3.5620732574858143,0.8846153846153846
277,3.7764619732692983,0.8076923076923077
278,3.568692629964738,0.8461538461538461
279,4.007504988717038,0.8461538461538461
280,3.6713897878763357,0.8461538461538461
281,3.5880392942830577,0.8076923076923077
282,3.691925422571818,0.7692307692307693
283,3.6914951068391852,0.8461538461538461
284,3.625929541279671,0.8076923076923077
285,3.390547035941315,0.8076923076923077
286,3.5585147956534837,0.8846153846153846
287,3.645564392761474,0.8461538461538461
288,3.5870159743540384,0.8076923076923077
289,3.7069055028346294,0.8461538461538461
290,3.4482687882179826,0.8846153846153846
291,3.8191802174479514,0.8076923076923077
292,3.6216786661536675,0.8461538461538461
293,3.871527351537199,0.8461538461538461
294,3.744102898479682,0.8461538461538461
295,4.043258274224719,0.8461538461538461
296,3.681172825284345,0.8461538461538461
297,3.510125784754571,0.8461538461538461
298,3.6584983138822293,0.8076923076923077
299,3.90485807522448,0.8461538461538461
300,4.005030860409458,0.8461538461538461
301,3.6502398643578107,0.8846153846153846
302,3.6648145648425423,0.8461538461538461
303,3.7663235741979832,0.8461538461538461
304,3.6537016699312526,0.8461538461538461
305,3.7439900713161745,0.7692307692307693
306,3.485567417740759,0.8461538461538461
307,3.7492633930327326,0.8076923076923077
308,3.6040500612027047,0.8461538461538461
309,3.3605656764542253,0.7692307692307693
310,3.7304411696271558,0.8846153846153846
311,3.5252287685775965,0.8461538461538461
312,3.4062111281970835,0.8846153846153846
313,3.6040046432827526,0.8846153846153846
314,3.7251054021819763,0.8461538461538461
315,3.5264131450612877,0.8846153846153846
316,3.6452426835992875,0.8461538461538461
317,3.512171879646805,0.7692307692307693
318,3.5447912993141486,0.8461538461538461
319,3.7311429467880477,0.8461538461538461
320,3.545986694353984,0.8846153846153846
321,3.58561465093565,0.8076923076923077
322,3.6792848000514375,0.8461538461538461
323,3.575541073888367,0.8076923076923077
324,3.7506921259673724,0.8461538461538461
325,3.580222847202492,0.8461538461538461
326,3.659901396718434,0.7692307692307693
327,3.976243596265304,0.7692307692307693
328,3.5761255642984846,0.8076923076923077
329,3.541932260775304,0.8461538461538461
330,3.5839579602889593,0.8461538461538461
331,3.7623917949616534,0.8846153846153846
332,3.561425712476579,0.8846153846153846
333,4.053492542973314,0.8461538461538461
334,3.6578678193272682,0.8846153846153846
335,3.8756062450452053,0.8076923076923077
336,4.058841715532693,0.8076923076923077
337,3.572629482094009,0.8461538461538461
338,3.8383613154200646,0.8461538461538461
339,3.5863996212809184,0.8076923076923077
340,3.4188126090964235,0.8846153846153846
341,3.8231393629333827,0.8461538461538461
342,3.646478570171715,0.8076923076923077
343,3.6530982162142833,0.8076923076923077
344,3.8304910715344125,0.8461538461538461
345,3.471026152789821,0.7692307692307693
346,3.569854182867258,0.7692307692307693
347,3.8627334332680032,0.8076923076923077
348,3.431504075339202,0.8076923076923077
349,3.68908644150092,0.8846153846153846
350,3.707770985447006,0.8076923076923077
351,3.611610996954749,0.7307692307692307
352,3.508630326863981,0.7692307692307693
353,3.9269056434980656,0.8076923076923077
354,3.657555997027246,0.8076923076923077
355,3.428609746769167,0.8461538461538461
356,3.782008713967523,0.7307692307692307
357,3.5069543718371747,0.8076923076923077
358,3.7541831745593988,0.8076923076923077
359,3.7632048590016343,0.7692307692307693
360,3.4606601360928475,0.7307692307692307
361,3.644351597109727,0.7692307692307693
362,3.590608142384258,0.7692307692307693
363,3.861229573664521,0.7692307692307693
364,3.7656152430597554,0.7307692307692307
365,3.5594141730355067,0.8461538461538461
366,3.926236490185956,0.7692307692307693
367,3.8011264201997204,0.8076923076923077
368,3.590275569556835,0.7692307692307693
369,3.810107375879438,0.8076923076923077
370,3.7796456686541133,0.7307692307692307
371,3.4548444911129366,0.8076923076923077
372,3.5420390835926665,0.7692307692307693
373,3.6941988881469765,0.7692307692307693
374,3.801687824838758,0.8076923076923077
375,3.8207069429580085,0.8076923076923077
376,3.659983835093133,0.7692307692307693
377,3.5861837911037995,0.7307692307692307
378,3.411533326264933,0.8076923076923077
379,3.4777189980530654,0.7692307692307693
380,3.5859590737715488,0.7692307692307693
381,3.9020807694728905,0.7307692307692307
382,3.5835885667991305,0.7692307692307693
383,4.092916040610784,0.7692307692307693
384,3.3837655406889144,0.7307692307692307
385,3.823648622102076,0.7692307692307693
386,3.6283080897650386,0.8076923076923077
387,3.659430707520276,0.8076923076923077
388,3.5700790405957328,0.7692307692307693
389,3.4131704645627936,0.7692307692307693
390,3.6439835551447763,0.7307692307692307
391,3.744076310868451,0.8076923076923077
392,3.5460544735070183,0.7692307692307693
393,3.5227202061405225,0.7692307692307693
394,3.7610785907229984,0.7692307692307693
395,3.4417715754203115,0.7692307692307693
396,3.663861192885725,0.8076923076923077
397,3.246901772646827,0.8076923076923077
398,3.443191943740606,0.8076923076923077
399,3.2032165299170154,0.8076923076923077
400,3.2869561193064105,0.7692307692307693
401,4.0688079305531035,0.7692307692307693
402,3.2202194813369327,0.7692307692307693
403,3.663352826523398,0.7692307692307693
404,3.5301766385678532,0.7692307692307693
405,3.627515819400985,0.7692307692307693
406,3.685950050496695,0.7692307692307693
407,3.6792756389943655,0.7692307692307693
408,3.496573151908998,0.7307692307692307
409,3.511039542114495,0.7307692307692307
410,3.078445390055436,0.7692307692307693
411,3.5654979950668952,0.7307692307692307
412,3.5886396004414607,0.7307692307692307
413,3.551467810575298,0.7692307692307693
414,3.5632801927234765,0.7692307692307693
415,3.5051523483972717,0.7692307692307693
416,3.5618074935610817,0.7307692307692307
417,3.4267396824542624,0.8076923076923077
418,3.3404421190677107,0.8076923076923077
419,3.0913777658125214,0.8076923076923077
420,3.6516652206197007,0.7307692307692307
421,3.3071490857388377,0.8461538461538461
422,3.302701073286687,0.7307692307692307
423,3.207739552673882,0.7692307692307693
424,3.4903067403555577,0.6923076923076923
425,3.533424471717367,0.8076923076923077
426,3.4538380491394545,0.7692307692307693
427,3.691019829677407,0.7692307692307693
428,3.6026060961478223,0.8076923076923077
429,3.5321682610533403,0.8076923076923077
430,3.196236955900246,0.7692307692307693
431,3.382926162545266,0.7692307692307693
432,3.4274181132749844,0.7307692307692307
433,3.5218211043042738,0.7307692307692307
434,3.211744404654917,0.8076923076923077
435,3.4649648081256994,0.8076923076923077
436,3.225674894881239,0.7692307692307693
437,3.7050760798362323,0.8461538461538461
438,3.0777168856256276,0.7307692307692307
439,3.4740803728882326,0.8076923076923077
440,3.3700788293687705,0.7692307692307693
441,3.352938762379349,0.7692307692307693
442,3.578818388530632,0.7307692307692307
443,3.296646572198382,0.7692307692307693
444,3.4924595314622504,0.7692307692307693
445,3.5540268913670965,0.7307692307692307
446,3.4499674341563598,0.7692307692307693
447,3.2964990246479795,0.7692307692307693
448,3.546937986823543,0.8076923076923077
449,3.2374979942540287,0.7692307692307693
450,3.301922874302144,0.7692307692307693
451,3.3720894576075917,0.7692307692307693
452,3.701931904137775,0.7692307692307693
453,3.5057538433384403,0.7692307692307693
454,3.147365208721861,0.7307692307692307
455,3.007665502396362,0.7692307692307693
456,3.1392863065150864,0.8076923076923077
457,3.5585505589028155,0.8076923076923077
458,3.3766792200901072,0.8076923076923077
459,3.081205020704142,0.8076923076923077
460,3.3338280157606706,0.8076923076923077
461,3.102860187686648,0.7692307692307693
462,3.4128610795194176,0.8076923076923077
463,3.5348506240417903,0.8461538461538461
464,3.3740309830342827,0.7692307692307693
465,3.5190522097169685,0.8076923076923077
466,3.574772737908877,0.7692307692307693
467,3.3428456989337025,0.7307692307692307
468,3.40211537802842,0.7692307692307693
469,3.0363554386057903,0.7692307692307693
470,3.2012769784517316,0.8076923076923077
471,3.076476384928043,0.7692307692307693
472,3.198530838276868,0.7692307692307693
473,3.058887953341929,0.8076923076923077
474,3.283827517972841,0.7692307692307693
475,3.3975005004750414,0.8461538461538461
476,3.583840242962287,0.7307692307692307
477,2.936564564749088,0.8076923076923077
478,3.374594812042255,0.7692307692307693
479,3.2568108107227287,0.7307692307692307
480,3.5120580760579245,0.7307692307692307
481,3.035717529910309,0.8461538461538461
482,2.8060106165620393,0.8076923076923077
483,3.2292688603487827,0.7307692307692307
484,3.4891063448736475,0.7692307692307693
485,3.147743420178478,0.7692307692307693
486,3.2602850568463646,0.7307692307692307
487,3.2687537121075807,0.7307692307692307
488,3.5981692864436114,0.8076923076923077
489,3.5362720069017866,0.8076923076923077
490,3.3535463182260736,0.8076923076923077
491,3.134150531290601,0.7692307692307693
492,3.090998886182635,0.7692307692307693
493,3.208734902116765,0.7692307692307693
494,3.4510474191855254,0.8076923076923077
495,3.09154349868931,0.7692307692307693
496,3.076770403336623,0.7692307692307693
497,3.1018627928002944,0.7692307692307693
498,3.448910477166271,0.7307692307692307
499,3.047178424265467,0.7692307692307693
500,3.4167837705432067,0.7692307692307693
501,3.296582898346972,0.7692307692307693
502,2.7926922241415166,0.7307692307692307
503,3.1073017367327043,0.8076923076923077
504,2.605744835651553,0.7692307692307693
505,3.1868120878335064,0.7692307692307693
506,3.045472673944043,0.7692307692307693
507,3.2929419510112634,0.7307692307692307
508,3.0678173671554867,0.8076923076923077
509,3.107927045835585,0.7307692307692307
510,2.9452901125072093,0.8076923076923077
511,2.825899101547349,0.7692307692307693
512,2.7995806939963384,0.7692307692307693
513,3.069950290708547,0.7692307692307693
514,2.8815460170879574,0.7307692307692307
515,3.0571590139478158,0.7307692307692307
516,2.9620891364649315,0.7307692307692307
517,2.960263689480667,0.6923076923076923
518,3.435281749581189,0.7692307692307693
519,3.1105532144383834,0.8076923076923077
520,3.0571301775850115,0.8076923076923077
521,2.8429877428444277,0.6923076923076923
522,3.1942530019608344,0.7692307692307693
523,2.895603216056407,0.8076923076923077
524,3.1611682667003027,0.7692307692307693
525,3.2585995981026135,0.8461538461538461
526,3.4056026981454406,0.7692307692307693
527,3.1049884444196363,0.7692307692307693
528,2.960726253409343,0.8076923076923077
529,2.8834397047637896,0.7307692307692307
530,2.9351524534002857,0.8076923076923077
531,3.2640169396930636,0.7692307692307693
532,2.543220041977429,0.8076923076923077
533,2.964899116252575,0.8076923076923077
534,2.9106426335725573,0.8076923076923077
535,3.030465693035447,0.7692307692307693
536,2.9086972620680855,0.7692307692307693
537,3.0497154043204624,0.7307692307692307
538,2.8874170924805513,0.8076923076923077
539,3.079404554587847,0.7692307692307693
540,2.786236831000301,0.8076923076923077
541,3.151657206859085,0.8076923076923077
542,3.013824762074707,0.7307692307692307
543,2.94586133310364,0.7692307692307693
544,2.985695333223507,0.8076923076923077
545,2.699129878812257,0.8076923076923077
546,2.5066901283901823,0.8076923076923077
547,3.041146421487297,0.8076923076923077
548,3.237467210170198,0.8076923076923077
549,2.8905322014994344,0.8076923076923077
550,3.328851710208217,0.8076923076923077
551,2.882356679148418,0.7692307692307693
552,2.948793630271995,0.7692307692307693
553,3.1505441863565657,0.8076923076923077
554,3.2092468730349752,0.7307692307692307
555,2.8671892721830723,0.7307692307692307
556,3.0677081131760033,0.7692307692307693
557,3.0134425793921027,0.7307692307692307
558,3.202551353950219,0.8076923076923077
559,2.8695123433527714,0.8076923076923077
560,2.760579952320894,0.7692307692307693
561,3.115491152085049,0.7307692307692307
562,3.149207190310007,0.7307692307692307
563,3.080283623925878,0.7692307692307693
564,2.9276622886873844,0.8076923076923077
565,2.771071220447536,0.6923076923076923
566,3.2613903009878937,0.8076923076923077
567,3.0157944597679336,0.7692307692307693
568,3.09234883229382,0.8076923076923077
569,2.869199459135388,0.7692307692307693
570,3.089677372952268,0.7692307692307693
571,2.653102029654692,0.7307692307692307
572,2.9085566405205836,0.7692307692307693
573,3.23110742238441,0.7692307692307693
574,2.6366988644032774,0.8076923076923077
575,2.7966909095730434,0.8076923076923077
576,2.7458508047691152,0.8076923076923077
577,2.8174116998104326,0.8076923076923077
578,2.9907135474146664,0.8076923076923077
579,3.0181322714406633,0.8076923076923077
580,2.982773610001825,0.8076923076923077
581,2.8957298452020828,0.7692307692307693
582,2.973560537019428,0.7692307692307693
583,3.157929888685774,0.7692307692307693
584,2.702575673062975,0.7307692307692307
585,2.966465790844083,0.8076923076923077
586,2.8083076842271595,0.8076923076923077
587,2.880649770412976,0.7692307692307693
588,2.998304835578798,0.7692307692307693
589,2.99033148970075,0.7307692307692307
590,3.1446868724204364,0.7307692307692307
591,3.0026944837258163,0.7692307692307693
592,2.8658845499854593,0.7307692307692307
593,2.9068940694264356,0.7692307692307693
594,2.7035522164869867,0.6923076923076923
595,2.9006640538978474,0.8076923076923077
596,3.0173272966920637,0.7307692307692307
597,2.8695590632801924,0.8076923076923077
598,2.8924090124533164,0.8076923076923077
599,2.885599553109333,0.7692307692307693
600,2.8664291611769954,0.7307692307692307
601,2.708767764529836,0.7307692307692307
602,2.855566830440129,0.6923076923076923
603,3.0361819460682855,0.7692307692307693
604,2.8886370658394256,0.7307692307692307
605,2.9606696490056,0.7692307692307693
606,3.015432589711418,0.7692307692307693
607,2.915821784945368,0.7307692307692307
608,2.8645001454509473,0.8076923076923077
609,2.8540741985474343,0.7692307692307693
610,2.8115963315889507,0.7692307692307693
611,2.882943835111555,0.7307692307692307
612,2.6374445716800086,0.6923076923076923
613,2.7557073228127473,0.7307692307692307
614,3.073977610784997,0.6923076923076923
615,2.768056409670285,0.7692307692307693
616,2.922532350306392,0.7692307692307693
617,3.0719722908418556,0.6923076923076923
618,2.9332112220578743,0.7692307692307693
619,2.80331945968532,0.7692307692307693
620,2.492376544498547,0.7307692307692307
621,2.8483022920329226,0.7692307692307693
622,2.983605154687141,0.6923076923076923
623,2.8715416373518923,0.6923076923076923
624,2.686701770807001,0.6923076923076923
625,2.73695977011724,0.6538461538461539
626,2.83727365487111,0.6538461538461539
627,3.032059049262135,0.7307692307692307
628,2.4469437211232328,0.6538461538461539
629,3.1153024315535283,0.6923076923076923
630,2.619528030628336,0.7307692307692307
631,2.860156606173702,0.7307692307692307
632,2.6103231908501683,0.7307692307692307
633,2.726275022483155,0.6923076923076923
634,2.716620623183096,0.7307692307692307
635,2.631105442062577,0.7307692307692307
636,2.5178143253243546,0.7307692307692307
637,2.809899822046052,0.7307692307692307
638,2.729602270014207,0.7307692307692307
639,2.5553614096187367,0.7307692307692307
640,2.6795246516938165,0.6923076923076923
641,2.9359274723439617,0.7307692307692307
642,2.697744258080471,0.6923076923076923
643,2.674734636600472,0.7307692307692307
644,2.5916712086335476,0.7307692307692307
645,2.7238847050817117,0.7307692307692307
646,2.461437625821966,0.7307692307692307
647,2.7567898405879547,0.7307692307692307
648,2.534621689515161,0.6923076923076923
649,2.639784311089027,0.6538461538461539
650,2.7067631947877304,0.6923076923076923
651,2.939257475901143,0.7692307692307693
652,2.589161135458702,0.7307692307692307
653,2.6390380228778465,0.6923076923076923
654,2.7574647099051504,0.6153846153846154
655,2.6208787435059153,0.7307692307692307
656,2.3264287188574233,0.6923076923076923
657,2.8247109631266367,0.6923076923076923
658,2.8191575567582086,0.7307692307692307
659,2.7717887113058888,0.6923076923076923
660,2.75314960534839,0.7307692307692307
661,2.734754429462705,0.6923076923076923
662,2.5889080311920525,0.6923076923076923
663,2.7227862542967607,0.7307692307692307
664,2.428747821696267,0.7307692307692307
665,2.673781445349542,0.6923076923076923
666,2.37874578218333,0.7307692307692307
667,2.5572138533557554,0.6923076923076923
668,2.49981573514301,0.7307692307692307
669,2.4504966730095403,0.6923076923076923
670,2.5237516661754547,0.6923076923076923
671,2.4626684645146435,0.6923076923076923
672,2.722902858652721,0.7307692307692307
673,2.7042465153401376,0.7307692307692307
674,2.606115040158927,0.6538461538461539
675,2.3528616419377393,0.6923076923076923
676,2.78303081350088,0.7307692307692307
677,2.8246194117318755,0.6923076923076923
678,2.708949648546134,0.7307692307692307
679,2.564096666050821,0.6923076923076923
680,2.5585494662990493,0.6538461538461539
681,2.574909733478371,0.6153846153846154
682,2.7432105088540943,0.7307692307692307
683,2.62376289221807,0.7307692307692307
684,2.554124676620759,0.7692307692307693
685,2.883586329525477,0.7307692307692307
686,2.779957912373124,0.6923076923076923
687,2.5193352497411623,0.6923076923076923
688,2.6325555129867304,0.7692307692307693
689,2.4676424053786095,0.6923076923076923
690,2.5693116322883816,0.6923076923076923
691,2.486093984329787,0.6923076923076923
692,2.783750038067811,0.6923076923076923
693,2.757827188585023,0.6538461538461539
694,2.6071601190974723,0.6538461538461539
695,2.5436219704251815,0.7307692307692307
696,2.4436361279946217,0.6923076923076923
697,2.696280507311669,0.6538461538461539
698,2.4887427197353684,0.6923076923076923
699,2.38878331759164,0.7307692307692307
700,2.46705806100656,0.7307692307692307
701,2.7008880033488145,0.6923076923076923
702,2.595289514015673,0.6538461538461539
703,2.5787832391347463,0.6923076923076923
704,2.5990934177409093,0.6923076923076923
705,2.735916236622915,0.7307692307692307
706,2.716838968316906,0.7307692307692307
707,2.4355843830782105,0.6923076923076923
708,2.6577176206325004,0.6538461538461539
709,2.47957666641038,0.7307692307692307
710,2.646999263204232,0.7307692307692307
711,2.050463051004754,0.6923076923076923
712,2.4303089856435287,0.6153846153846154
713,2.388254991052447,0.6923076923076923
714,2.5002345469637923,0.6538461538461539
715,2.711550864011338,0.6923076923076923
716,2.4566870510476733,0.6153846153846154
717,2.5068261534410388,0.7307692307692307
718,2.4333531822399204,0.6538461538461539
719,2.3560845002221606,0.7307692307692307
720,2.7406606565671696,0.7307692307692307
721,2.6911173784544533,0.7307692307692307
722,2.563098189553771,0.6538461538461539
723,2.754246818697176,0.6153846153846154
724,2.4278575666785294,0.7307692307692307
725,2.5717777340385912,0.7307692307692307
726,2.529593677148692,0.6538461538461539
727,2.5948138123793947,0.7692307692307693
728,2.54303459007098,0.7692307692307693
729,2.787045895152984,0.6923076923076923
730,2.7212752128172912,0.6923076923076923
731,2.352805675981881,0.7307692307692307
732,2.625122114881604,0.6923076923076923
733,2.667508055496819,0.6153846153846154
734,2.5372994835423284,0.6538461538461539
735,2.5119125161146885,0.6153846153846154
736,2.6795209752080034,0.6538461538461539
737,2.515364011585033,0.7307692307692307
738,2.370953599142618,0.6153846153846154
739,2.263574609527274,0.6538461538461539
740,2.328654438377159,0.6538461538461539
741,2.3628884311736207,0.6923076923076923
742,2.3149389708519186,0.6153846153846154
743,2.4211825647430576,0.6153846153846154
744,2.5216221133636276,0.6923076923076923
745,2.699643328543947,0.6923076923076923
746,2.6042424632684957,0.6923076923076923
747,2.4370885097395902,0.7307692307692307
748,2.402054435216172,0.6923076923076923
749,2.652549566822329,0.6153846153846154
750,2.2696801967487423,0.6153846153846154
751,2.204942453944758,0.6923076923076923
752,2.4090377911280494,0.6923076923076923
753,2.6264250094480914,0.6538461538461539
754,2.487174442848648,0.6153846153846154
755,2.5112767314470585,0.6538461538461539
756,2.4841990111707886,0.6923076923076923
757,2.7300485937134917,0.6923076923076923
758,2.8075459142769628,0.6153846153846154
759,2.6252732073316625,0.6923076923076923
760,2.3245687380849436,0.6538461538461539
761,2.6746076271142765,0.6538461538461539
762,2.2611557393487,0.6538461538461539
763,2.7643417832834354,0.6538461538461539
764,2.564287424772039,0.6923076923076923
765,2.4334813113327955,0.6538461538461539
766,2.2438667744062593,0.6538461538461539
767,2.568111838607001,0.7307692307692307
768,2.5346299505964276,0.6538461538461539
769,2.5364128760997446,0.6923076923076923
770,2.6121119245945064,0.6923076923076923
771,2.365759383466335,0.6538461538461539
772,2.7672542547031513,0.6538461538461539
773,2.166882355597796,0.7307692307692307
774,2.750336516622868,0.6153846153846154
775,2.682807898775538,0.6538461538461539
776,2.586450026417613,0.5769230769230769
777,2.524589218469335,0.6923076923076923
778,2.649440431839999,0.6923076923076923
779,2.640954740754803,0.7307692307692307
780,2.706006936692316,0.6923076923076923
781,2.97120359296551,0.6923076923076923
782,2.7410485706937857,0.6153846153846154
783,2.308907846922841,0.6923076923076923
784,2.176000959112565,0.5769230769230769
785,2.860831542094868,0.5769230769230769
786,2.351575217571687,0.5769230769230769
787,2.7111006399120074,0.6923076923076923
788,2.5264392343617397,0.6153846153846154
789,2.794901750217198,0.6153846153846154
790,2.40248330093084,0.6153846153846154
791,2.6292094151343366,0.6538461538461539
792,2.698306766403179,0.6538461538461539
793,2.6663830696931456,0.5769230769230769
794,2.5411407709129863,0.6538461538461539
795,2.6451799787691037,0.6153846153846154
796,2.314512094956387,0.6923076923076923
797,2.412222891223878,0.6153846153846154
798,2.9006711956501343,0.6923076923076923
799,2.8793374223060964,0.5769230769230769
800,2.5499979565991167,0.6538461538461539
