# Trial 4: ath=0.0270  hd=400  reg=5.00e-02  a=0.5000  c=0.0500  L=8  best_er=0.3846
iter,loss,error_rate
1,3.8349448631099703,0.8461538461538461
2,3.9112957939530673,0.9615384615384616
3,3.4365516458897947,0.7692307692307693
4,3.6863157219231355,0.7692307692307693
5,3.0111139536310505,0.6538461538461539
6,3.0963637524513765,0.7692307692307693
7,3.1355772536073756,0.7307692307692307
8,3.019328158934533,0.6923076923076923
9,2.7111333407217892,0.6153846153846154
10,3.2307305660997394,0.6538461538461539
11,3.185803576529257,0.6923076923076923
12,3.090567072592353,0.6923076923076923
13,3.118875376641973,0.6538461538461539
14,2.7581243735806362,0.6538461538461539
15,3.1879829973333216,0.6538461538461539
16,2.7932292115543436,0.6923076923076923
17,2.8346859427192723,0.6153846153846154
18,2.7462528936887596,0.5769230769230769
19,3.067396191756411,0.6538461538461539
20,3.8663201523250263,0.7692307692307693
21,2.824096662851754,0.8076923076923077
22,3.699198798425149,0.8846153846153846
23,2.87946662063871,0.7692307692307693
24,3.5020749405808185,0.7692307692307693
25,2.9078341343937373,0.7307692307692307
26,3.2705939113594136,0.8076923076923077
27,3.5914970334540057,0.7307692307692307
28,4.506985852230426,0.9230769230769231
29,2.8360223751713143,0.8846153846153846
30,3.394797358326142,0.8461538461538461
31,4.09007523864681,0.8076923076923077
32,3.113360389766934,0.6923076923076923
33,3.565935576602847,0.8461538461538461
34,3.378837715505502,0.8846153846153846
35,3.8319255019992444,0.8846153846153846
36,3.499538016844839,0.7692307692307693
37,3.9916230988870987,0.6923076923076923
38,3.530183165966416,0.7692307692307693
39,3.4253439166592523,0.7692307692307693
40,2.8732343925424972,0.8461538461538461
41,3.3885868637927334,0.7307692307692307
42,2.7658889952603607,0.7692307692307693
43,4.222686506722581,0.8076923076923077
44,3.4735641672864044,0.9615384615384616
45,3.4454489195305222,0.8076923076923077
46,3.6774094501857673,0.7307692307692307
47,3.164968902582905,0.8461538461538461
48,2.6667665626922203,0.8846153846153846
49,2.9087796422893843,0.8461538461538461
50,3.268061817077036,0.7307692307692307
51,2.878193886058172,0.6923076923076923
52,3.1596524739739493,0.7307692307692307
53,3.2830977781213035,0.8461538461538461
54,3.187584306018138,0.7307692307692307
55,3.1508177097797545,0.7307692307692307
56,3.129524410938723,0.8461538461538461
57,2.7064453575788154,0.6923076923076923
58,3.196570590956327,0.7307692307692307
59,2.8544074782919377,0.8076923076923077
60,2.7094398839590026,0.6153846153846154
61,3.369295116848952,0.7307692307692307
62,2.9453030896871217,0.8076923076923077
63,3.33960014597531,0.7307692307692307
64,3.401927567014912,0.8076923076923077
65,2.739123998344052,0.8076923076923077
66,3.519512138786489,0.8461538461538461
67,3.4509142285780277,0.8846153846153846
68,3.5361432005284557,0.6923076923076923
69,3.5350241512719,0.7307692307692307
70,3.3267187228291237,0.6538461538461539
71,3.362961650787743,0.8461538461538461
72,3.352033436629479,0.7307692307692307
73,3.247246793182438,0.8076923076923077
74,2.90019507791477,0.7692307692307693
75,2.7937035325881125,0.7307692307692307
76,3.4499259191862857,0.6923076923076923
77,2.7089077003408852,0.6538461538461539
78,2.7972421714241293,0.7307692307692307
79,2.5190505253876645,0.8846153846153846
80,2.737618253311716,0.8461538461538461
81,3.3769631062499967,0.8846153846153846
82,2.8471656794144655,0.8461538461538461
83,2.6782795621289446,0.7692307692307693
84,3.0200324739633686,0.8846153846153846
85,3.074148565506043,0.8461538461538461
86,2.500510776296905,0.8076923076923077
87,2.964549540294902,0.7692307692307693
88,2.2408869695252225,0.8461538461538461
89,2.3025181346879595,0.7692307692307693
90,2.7805895356681956,0.8076923076923077
91,3.063382813775049,0.9230769230769231
92,2.3551251534914277,0.8461538461538461
93,2.471606971060785,0.8846153846153846
94,2.8519615957414874,0.8846153846153846
95,3.4927378236931355,0.8846153846153846
96,2.6729257679507743,0.8461538461538461
97,2.546172900899976,0.6923076923076923
98,3.231620478111077,0.8846153846153846
99,2.8316607924049144,0.8846153846153846
100,2.6711331377805356,0.7692307692307693
101,2.2499982655016746,0.7307692307692307
102,2.2414453934151415,0.6923076923076923
103,2.8098867395181046,0.7692307692307693
104,2.5889117434926554,0.6923076923076923
105,2.2683161053410714,0.5769230769230769
106,2.192386508887349,0.5
107,2.4109182844058026,0.6538461538461539
108,3.0768002864900765,0.5
109,2.6595522236137557,0.7692307692307693
110,2.802786911602629,0.5769230769230769
111,3.2905822348120086,0.6538461538461539
112,3.176294281294763,0.6923076923076923
113,3.2305978020452404,0.6153846153846154
114,2.7569015577711635,0.7307692307692307
115,2.204544458325895,0.7692307692307693
116,2.128620807503747,0.6538461538461539
117,1.975793496011732,0.6538461538461539
118,2.0025343369589264,0.6538461538461539
119,1.8681298215992839,0.6538461538461539
120,2.191406980157818,0.7307692307692307
121,1.9852305687795775,0.7307692307692307
122,2.339840907061568,0.6538461538461539
123,2.1856986788701467,0.6923076923076923
124,2.429434230906378,0.6538461538461539
125,1.9861122223781622,0.6923076923076923
126,1.9441820003272148,0.7307692307692307
127,2.4606274611318195,0.7307692307692307
128,1.9165564369573351,0.6153846153846154
129,2.2801988053236397,0.6538461538461539
130,2.0428205166366644,0.5769230769230769
131,2.361746523138264,0.5769230769230769
132,2.5557904261954048,0.5384615384615384
133,2.436898444330215,0.46153846153846156
134,2.134649650324034,0.5384615384615384
135,1.8468447748881094,0.5
136,2.8670206217400214,0.5384615384615384
137,2.2963448320612923,0.5384615384615384
138,1.8473577366365483,0.5384615384615384
139,1.9936571107856536,0.5
140,2.2468865419225814,0.6153846153846154
141,1.9548102518358574,0.5
142,2.623448213100126,0.5384615384615384
143,2.345702125715817,0.5384615384615384
144,2.6450950851012394,0.5769230769230769
145,2.435997870598976,0.6153846153846154
146,2.1463525441785265,0.46153846153846156
147,2.037816359818593,0.5
148,1.991537748319859,0.5
149,2.205389422718981,0.5
150,2.4228969935356712,0.5769230769230769
151,2.706757794872403,0.7307692307692307
152,3.089501829530289,0.6923076923076923
153,2.891512918534508,0.6153846153846154
154,2.902787122222067,0.6923076923076923
155,3.55226663725248,0.6538461538461539
156,2.9797847021807247,0.6923076923076923
157,3.258644354584014,0.6923076923076923
158,3.017616564480373,0.7307692307692307
159,2.863099846795789,0.7307692307692307
160,2.644620011707623,0.7692307692307693
161,2.705898493559069,0.7307692307692307
162,2.704058466888857,0.6538461538461539
163,3.130718342735558,0.7307692307692307
164,2.8691601720112296,0.6538461538461539
165,2.9263412702743477,0.6153846153846154
166,2.4760502849187462,0.5769230769230769
167,2.8375986619793103,0.6538461538461539
168,2.998482626379838,0.7307692307692307
169,2.814581803160392,0.6923076923076923
170,2.718369059166019,0.6923076923076923
171,2.7747642823324123,0.6923076923076923
172,2.537354404617076,0.6923076923076923
173,2.6177223840519135,0.6923076923076923
174,3.0611198133119366,0.6538461538461539
175,2.2112065511742296,0.6923076923076923
176,3.1532465174807753,0.7692307692307693
177,2.4642855849179384,0.5384615384615384
178,2.890901795255909,0.5769230769230769
179,2.150519288882757,0.5769230769230769
180,2.6812674845542217,0.5769230769230769
181,2.2745505417413128,0.6153846153846154
182,2.099349799319717,0.5384615384615384
183,2.2234559853662113,0.46153846153846156
184,1.8198329021196882,0.46153846153846156
185,2.0564490557179145,0.5384615384615384
186,1.9380758470039807,0.4230769230769231
187,1.8677423659464092,0.46153846153846156
188,1.9566746501889425,0.5
189,1.8663106629455584,0.5384615384615384
190,1.5721560395529977,0.46153846153846156
191,1.8997594242840454,0.46153846153846156
192,2.174373379533243,0.38461538461538464
193,2.0894140727943933,0.4230769230769231
194,2.244697668841786,0.4230769230769231
195,2.587142640076231,0.5769230769230769
196,2.404757165327702,0.5769230769230769
197,2.7022208789590505,0.6923076923076923
198,2.3984241312776025,0.6538461538461539
199,2.2837329601644054,0.6153846153846154
200,2.6861235525716842,0.5384615384615384
201,2.454819520958971,0.7692307692307693
202,2.386713632438603,0.7692307692307693
203,2.319252345805653,0.5769230769230769
204,2.4875373943829495,0.6153846153846154
205,2.828801631674788,0.6153846153846154
206,2.565861348892717,0.6923076923076923
207,2.483527403262699,0.5769230769230769
208,2.4680595472091507,0.5384615384615384
209,2.3918189683155457,0.5384615384615384
210,2.2024973182007774,0.5384615384615384
211,2.109227986582148,0.5
212,2.3066226217720347,0.5384615384615384
213,2.2173903654795897,0.5769230769230769
214,2.2444773949206276,0.5769230769230769
215,2.2741133004491116,0.6153846153846154
216,1.9702015058304903,0.5384615384615384
217,1.8725207502101244,0.5384615384615384
218,2.2504876159963683,0.5769230769230769
219,2.724620671857605,0.6538461538461539
220,2.159332650155527,0.5384615384615384
221,2.042155637570443,0.5769230769230769
222,2.024634698481428,0.5384615384615384
223,1.8556064809137465,0.6538461538461539
224,2.188539965192402,0.7307692307692307
225,2.0976261018817883,0.7307692307692307
226,2.398173405893383,0.6923076923076923
227,2.098076361273356,0.6923076923076923
228,2.4190143103574675,0.6153846153846154
229,2.1537510706259306,0.5769230769230769
230,2.395354824108653,0.5769230769230769
231,2.752450921956213,0.5769230769230769
232,2.6050333563892716,0.5769230769230769
233,2.295285303845474,0.5769230769230769
234,2.2521107711860413,0.5384615384615384
235,2.2614317527146794,0.6153846153846154
236,2.4053842450497003,0.5769230769230769
237,2.2888886962362625,0.5384615384615384
238,2.791425184207025,0.6923076923076923
239,2.642203902707959,0.5769230769230769
240,3.1138329762664525,0.6538461538461539
241,2.796072111346379,0.6538461538461539
242,2.6296142034508545,0.5
243,3.13962215274147,0.5769230769230769
244,2.5828513354685105,0.5384615384615384
245,2.9724217858876107,0.5384615384615384
246,2.862978358881579,0.6538461538461539
247,2.93685342238522,0.6538461538461539
248,2.8585106813565426,0.6923076923076923
249,3.035997027849311,0.6538461538461539
250,2.730384336666648,0.6923076923076923
251,2.3039586745398655,0.7307692307692307
252,2.5581449913941054,0.6923076923076923
253,2.9072934491111626,0.6538461538461539
254,2.2232117764683004,0.5384615384615384
255,2.5832158358358495,0.5384615384615384
256,2.352929481530318,0.5769230769230769
257,2.376172840086835,0.5769230769230769
258,2.594828840340013,0.8076923076923077
259,2.617801294349557,0.7692307692307693
260,2.6023182957440696,0.7692307692307693
261,2.9361115476726587,0.7307692307692307
262,2.88818102033156,0.7307692307692307
263,2.768171943352166,0.7307692307692307
264,2.993262789171556,0.7692307692307693
265,2.7383180798385274,0.7692307692307693
266,2.504808858565767,0.7692307692307693
267,2.734163075432849,0.7692307692307693
268,2.2826808007155783,0.6923076923076923
269,2.8043253533643537,0.8076923076923077
270,3.224762531777004,0.5769230769230769
271,2.5959672560504243,0.7307692307692307
272,2.4344511071024084,0.6153846153846154
273,2.545583840820072,0.6538461538461539
274,2.8585731241437617,0.8846153846153846
275,2.660156626641359,0.7692307692307693
276,2.2427509989454286,0.6923076923076923
277,2.1463531629333916,0.7692307692307693
278,1.8807477868418112,0.7307692307692307
279,2.590492387457,0.8076923076923077
280,2.332373019178118,0.7307692307692307
281,2.031970357839283,0.8076923076923077
282,2.2600600520235377,0.8846153846153846
283,3.1874428567150086,0.8461538461538461
284,2.4013298228828384,0.7692307692307693
285,2.4048974498021476,0.8846153846153846
286,2.512735667841209,0.8461538461538461
287,2.842199463689086,0.7692307692307693
288,3.1163274281822426,0.8461538461538461
289,2.9184757902775904,0.7307692307692307
290,3.1102461305725235,0.8461538461538461
291,3.133196659094896,0.9230769230769231
292,3.1193295974371082,0.8846153846153846
293,2.9378663447221522,0.8461538461538461
294,2.4473329967509816,0.9230769230769231
295,2.5428324506149544,0.8846153846153846
296,2.5887785850393046,0.9230769230769231
297,2.8490971837252594,0.8846153846153846
298,2.577725482207009,0.8461538461538461
299,2.4022100784583427,0.8076923076923077
300,2.328628989442949,0.8076923076923077
301,2.9624430244467828,0.7307692307692307
302,2.843555478424115,0.7692307692307693
303,2.5549799650700864,0.7692307692307693
304,2.1522315519305026,0.7692307692307693
305,2.2604673996632183,0.8076923076923077
306,2.1621032741885524,0.8461538461538461
307,2.229901705583123,0.8461538461538461
308,2.0406865580747606,0.7307692307692307
309,2.17758680778113,0.8076923076923077
310,2.1665454806702167,0.7692307692307693
311,1.981110865183099,0.6923076923076923
312,1.6474029701586659,0.8076923076923077
313,1.7985187245924914,0.7307692307692307
314,1.9981812275186976,0.7307692307692307
315,2.2409108742342245,0.6923076923076923
316,2.345380393696383,0.8461538461538461
317,2.096803678460391,0.6923076923076923
318,2.296942028916031,0.5769230769230769
319,1.8333842796219284,0.6538461538461539
320,1.7299705777158971,0.6153846153846154
321,1.434815735093077,0.6153846153846154
322,1.607996049369233,0.6153846153846154
323,1.7668667009532366,0.6923076923076923
324,1.5504148744908783,0.6538461538461539
325,1.6501060033818575,0.6538461538461539
326,1.5491180234496087,0.6153846153846154
327,1.4025702138260252,0.5384615384615384
328,1.3978425589863623,0.6538461538461539
329,1.7428953465200143,0.6538461538461539
330,1.816587831109451,0.6153846153846154
331,2.044423111683317,0.6153846153846154
332,2.4821526895982036,0.6153846153846154
333,1.5716378301389118,0.6923076923076923
334,1.4946772610472205,0.7307692307692307
335,1.9419499807079779,0.6153846153846154
336,1.8825355952820277,0.7307692307692307
337,1.87668837348989,0.6923076923076923
338,1.5139829295844196,0.6153846153846154
339,1.6389965812329983,0.6153846153846154
340,1.580565246903022,0.6923076923076923
341,1.8980420446270214,0.7307692307692307
342,1.5581751934400745,0.6923076923076923
343,1.227866446879696,0.5769230769230769
344,1.2059009529045976,0.5384615384615384
345,1.3584936449371074,0.5384615384615384
346,1.369559013355798,0.5769230769230769
347,1.1556702229166036,0.6153846153846154
348,1.1723642492557995,0.5769230769230769
349,1.100844469850494,0.5769230769230769
350,1.3296763826046263,0.6153846153846154
351,1.1799654359712117,0.5769230769230769
352,1.2805256588776848,0.6153846153846154
353,1.216360210494709,0.6538461538461539
354,1.0750700440862526,0.6153846153846154
355,1.1300992668357654,0.6153846153846154
356,0.6851897116662582,0.5
357,1.0269389555110795,0.46153846153846156
358,1.1791019853648543,0.5
359,1.0065483571819578,0.5384615384615384
360,1.2295247550431543,0.5
361,1.040513951808005,0.5384615384615384
362,1.0355840053606742,0.5
363,1.1176695426288723,0.5384615384615384
364,0.781160936627352,0.46153846153846156
365,0.7372888664833472,0.4230769230769231
366,0.7270764870891933,0.46153846153846156
367,0.9207411515009691,0.5384615384615384
368,1.230361059325562,0.5384615384615384
369,1.18502553814192,0.5
370,1.1272799113503789,0.5
371,1.1591744630225715,0.5384615384615384
372,1.3998475458497825,0.5769230769230769
373,1.5539242867059961,0.6538461538461539
374,1.4178363931198168,0.5769230769230769
375,1.4575106188469005,0.5769230769230769
376,1.200717364969111,0.6153846153846154
377,1.314197371963072,0.5384615384615384
378,1.3953750747031917,0.6153846153846154
379,1.851190145301939,0.5769230769230769
380,1.3686063467390248,0.5
381,1.4686334645983072,0.5769230769230769
382,1.458330922789916,0.5384615384615384
383,1.3615507313461985,0.5
384,1.358068682734359,0.5769230769230769
385,1.4525635140888369,0.6153846153846154
386,1.5281787550915333,0.5
387,1.2888746766866803,0.5769230769230769
388,1.4093959286392526,0.5769230769230769
389,1.5644967766152034,0.5
390,2.341907105683287,0.6153846153846154
391,2.0292170150867115,0.5384615384615384
392,1.5336129326065502,0.5
393,1.5628793935965417,0.5
394,1.4046199739005696,0.5384615384615384
395,1.4290963581569538,0.46153846153846156
396,1.7434717648278095,0.38461538461538464
397,1.6013284351386297,0.5769230769230769
398,1.4286602521792042,0.46153846153846156
399,1.6169815375095815,0.5
400,1.4190276497102197,0.46153846153846156
401,1.9113813134824271,0.5
402,1.8393822854840844,0.5769230769230769
403,2.934164274566644,0.7307692307692307
404,1.663097175173247,0.5384615384615384
405,1.644952030640563,0.5384615384615384
406,2.27816301918337,0.5384615384615384
407,2.800636167310867,0.7307692307692307
408,3.075767489291742,0.5769230769230769
409,1.8259137704519213,0.5384615384615384
410,2.060491885252937,0.6153846153846154
411,2.1335292235390604,0.5769230769230769
412,1.6525037771409163,0.5
413,2.568124978365627,0.5384615384615384
414,2.8789105191529525,0.5384615384615384
415,2.1079700055270774,0.6153846153846154
416,3.238221779585006,0.7307692307692307
417,2.2793800024378044,0.6153846153846154
418,3.1732193022942385,0.6538461538461539
419,1.7358676667393007,0.6153846153846154
420,1.693902793480917,0.6153846153846154
421,3.4184643988548182,0.7307692307692307
422,3.2046596406818137,0.6538461538461539
423,1.903919287304198,0.5
424,2.2299038397913806,0.5384615384615384
425,2.71211506750031,0.5769230769230769
426,2.2557945153277146,0.6538461538461539
427,3.830822712350949,0.6153846153846154
428,2.35658717463847,0.5769230769230769
429,3.610804715889115,0.7692307692307693
430,2.4351756499718493,0.6923076923076923
431,2.5752329610008697,0.6153846153846154
432,3.164724082185237,0.7307692307692307
433,2.771560961506047,0.6538461538461539
434,3.3098288984336257,0.8076923076923077
435,3.189975475428889,0.6153846153846154
436,2.727396619606458,0.6923076923076923
437,2.9249782158107682,0.5769230769230769
438,3.048816699469871,0.6153846153846154
439,3.475962840169884,0.7307692307692307
440,3.429197975264625,0.6153846153846154
441,3.6499191503631727,0.8076923076923077
442,3.387314299276116,0.6538461538461539
443,3.918575389060275,0.5769230769230769
444,4.115442750366277,0.7307692307692307
445,2.606479358178384,0.6153846153846154
446,2.9273033557703227,0.7692307692307693
447,2.7981257032064617,0.7307692307692307
448,2.809155126843236,0.7307692307692307
449,3.098400444214752,0.7307692307692307
450,4.513836737162934,0.8076923076923077
451,4.720124383059114,0.8846153846153846
452,3.6052364794556278,0.9615384615384616
453,3.222260112154843,0.7307692307692307
454,3.428065742918686,0.7692307692307693
455,3.617310647639231,0.6153846153846154
456,3.47541943222802,0.7692307692307693
457,3.103129008262015,0.7692307692307693
458,3.280886883010293,0.8076923076923077
459,3.585763177594512,0.7692307692307693
460,3.5365989050946505,0.6923076923076923
461,3.374838247169529,0.8461538461538461
462,4.240461153549765,0.8076923076923077
463,3.68180165422967,0.8076923076923077
464,3.374146458407674,0.6538461538461539
465,2.9812357346018943,0.6153846153846154
466,3.2840816416810936,0.7307692307692307
467,3.752547184216125,0.8846153846153846
468,4.14892850132363,0.8461538461538461
469,3.2723824953335336,0.8076923076923077
470,3.4829774771471964,0.8076923076923077
471,3.5793530382861203,0.8461538461538461
472,3.6890482930275157,0.8076923076923077
473,3.039413229446392,0.6538461538461539
474,3.068128560371991,0.6923076923076923
475,3.2780041367451505,0.8461538461538461
476,3.5821974188095087,0.7692307692307693
477,3.166070653893737,0.7692307692307693
478,3.1518021148738202,0.8461538461538461
479,3.388715678596944,0.8461538461538461
480,4.114473515452128,0.9615384615384616
481,3.47200267465875,0.8076923076923077
482,3.3590170566566795,0.7692307692307693
483,3.355785540586356,0.7692307692307693
484,2.9733018186457074,0.7307692307692307
485,2.883251858724151,0.7692307692307693
486,4.069185867729918,0.8461538461538461
487,3.6890815953793834,0.8461538461538461
488,3.0663670315937246,0.7307692307692307
489,3.380243247686007,0.7692307692307693
490,3.2612306587400752,0.7692307692307693
491,2.350461349390211,0.8461538461538461
492,3.334822842399883,0.8461538461538461
493,3.7158137194597924,0.6923076923076923
494,2.1497306059490158,0.7692307692307693
495,2.2371836298274617,0.8076923076923077
496,2.697610574558004,0.8076923076923077
497,1.9504582781704516,0.7692307692307693
498,2.6652157423419087,0.7692307692307693
499,2.2748086611996787,0.7307692307692307
500,4.134357675426778,0.8076923076923077
501,3.441395306646748,0.6153846153846154
502,2.653806125098245,0.6153846153846154
503,2.691087187511701,0.5769230769230769
504,3.831609384582433,0.8076923076923077
505,2.4996213558250435,0.6153846153846154
506,2.869541916963803,0.8461538461538461
507,2.8396437502638197,0.7692307692307693
508,3.160315764964208,0.7307692307692307
509,3.0983760712506023,0.8076923076923077
510,3.089017981482029,0.8076923076923077
511,3.4784005382511856,0.9230769230769231
512,3.468004815816604,0.7307692307692307
513,4.285419496361433,0.8076923076923077
514,3.3108662106908056,0.7692307692307693
515,3.292356765125582,0.7307692307692307
516,4.417695480773921,0.7692307692307693
517,3.228366340821214,0.7307692307692307
518,3.3785581211390463,0.8461538461538461
519,3.6733814597123726,0.8461538461538461
520,4.534005656990514,0.9230769230769231
521,4.04605946115051,0.8461538461538461
522,4.5467703955528025,0.9230769230769231
523,4.58597752656117,0.8076923076923077
524,4.0885899784956905,0.8846153846153846
525,4.8625156231369004,0.9230769230769231
526,4.236123913314182,0.8846153846153846
527,4.219569634147128,0.8076923076923077
528,3.5612248117295024,0.8461538461538461
529,3.4377252055442917,0.8461538461538461
530,3.8033092016911962,0.8846153846153846
531,3.9823080278748417,0.8461538461538461
532,3.510495724794631,0.8076923076923077
533,3.6799173106607417,0.8076923076923077
534,3.9561549650468106,0.8076923076923077
535,3.7336014918087637,0.7692307692307693
536,3.7566497039356967,0.7692307692307693
537,3.9950210563808963,0.8076923076923077
538,4.159029938423384,0.8076923076923077
539,2.935081882733024,0.8076923076923077
540,3.405146972123782,0.8076923076923077
541,3.0599292549444117,0.8461538461538461
542,3.1952723901177826,0.8846153846153846
543,3.340730256860569,0.9230769230769231
544,3.3099820540853533,0.8461538461538461
545,2.988010549828629,0.8461538461538461
546,3.422735009237878,0.8846153846153846
547,3.104848959132065,0.9230769230769231
548,3.263889293679619,0.9230769230769231
549,3.1293697329878487,0.9230769230769231
550,2.7832086229769057,0.8076923076923077
551,3.168403647001372,0.6923076923076923
552,2.8987462339358934,0.8076923076923077
553,3.2174563890828307,0.7692307692307693
554,2.9143228586905647,0.7307692307692307
555,4.883116592629319,0.6538461538461539
556,3.2542376350664455,0.7692307692307693
557,3.721664554471788,0.7307692307692307
558,4.151991555213501,0.8461538461538461
559,3.704045293760986,0.7692307692307693
560,3.7493374277984595,0.8846153846153846
561,3.501175608940871,0.6923076923076923
562,4.406155765849795,0.8846153846153846
563,3.2946339321085865,0.7307692307692307
564,3.703265174662654,0.8076923076923077
565,3.785244365256452,0.7307692307692307
566,3.4124013183049082,0.6923076923076923
567,3.872673382794294,0.7307692307692307
568,3.5642058111001904,0.6923076923076923
569,3.0163755154501475,0.7307692307692307
570,3.881914628608053,0.8076923076923077
571,3.8268964064063553,0.8846153846153846
572,3.205214121057324,0.7307692307692307
573,3.4521012951613255,0.7692307692307693
574,3.4217929385232617,0.8846153846153846
575,4.766478443888095,0.8461538461538461
576,3.813346471584694,0.8846153846153846
577,3.3809303936545025,0.8846153846153846
578,3.700635861524752,0.7307692307692307
579,3.505199506043688,0.8846153846153846
580,4.359130608387623,0.8461538461538461
581,3.8164249071980993,0.8461538461538461
582,4.23056408156151,0.9230769230769231
583,4.385543720207964,0.8461538461538461
584,3.592543477378141,0.9230769230769231
585,3.9936382622479085,0.8076923076923077
586,4.101081329325948,0.9230769230769231
587,4.528248419201588,0.8846153846153846
588,3.609980979252126,0.8846153846153846
589,4.490732250798042,1.0
590,3.3446885262572614,1.0
591,3.6482006860862204,0.8846153846153846
592,3.8632276267538854,0.9615384615384616
593,3.5255752956162203,0.9615384615384616
594,4.609202459295988,0.9230769230769231
595,3.0874637124430326,0.9230769230769231
596,3.28440463351677,0.7692307692307693
597,3.458538796420687,0.8076923076923077
598,3.283037452718262,0.8846153846153846
599,3.391713406114455,0.8461538461538461
600,3.403676412872647,0.8076923076923077
601,3.525101648482097,0.8461538461538461
602,4.305745521342222,0.9230769230769231
603,3.684831387951552,0.8846153846153846
604,4.406792389725936,0.8076923076923077
605,4.109809151264514,0.8461538461538461
606,3.738895166219699,0.8076923076923077
607,2.9977191331464903,0.6923076923076923
608,3.0649264573094124,0.6153846153846154
609,3.3992884975677673,0.6923076923076923
610,3.719683961825485,0.8076923076923077
611,3.4665744040656055,0.9230769230769231
612,3.6541481724974805,0.8846153846153846
613,3.4819196818570917,0.8461538461538461
614,3.309514888329799,0.8461538461538461
615,4.055179020047953,0.8076923076923077
616,3.56238450213815,0.8076923076923077
617,4.005752495090155,0.7692307692307693
618,3.671777836502654,0.8846153846153846
619,4.012521511689466,0.8846153846153846
620,4.097383927861443,0.9615384615384616
621,5.152692369664667,0.8846153846153846
622,4.098967270470066,0.8076923076923077
623,4.0021497244707245,0.7692307692307693
624,3.7656488848724523,0.8076923076923077
625,4.161721509419609,0.7692307692307693
626,3.5284325049380594,0.8846153846153846
627,3.3987975630534057,0.8846153846153846
628,3.805590553905032,0.7692307692307693
629,3.69758401007187,0.9615384615384616
630,3.5374354247755035,0.8076923076923077
631,3.3233071742519096,0.8461538461538461
632,3.3857673300638083,0.8076923076923077
633,2.957205131133674,0.8076923076923077
634,3.258157830998895,0.8846153846153846
635,4.1735381445233,0.8461538461538461
636,3.704789230534225,0.9230769230769231
637,3.570411537992171,0.8461538461538461
638,3.387107611889159,0.6923076923076923
639,3.000054548406347,0.8076923076923077
640,3.4261354702860616,0.8461538461538461
641,3.2514815769482133,0.7307692307692307
642,2.9766857995912614,0.8846153846153846
643,3.1991717124618546,0.8461538461538461
644,3.3255745165821144,0.7692307692307693
645,3.5045827489082564,0.8461538461538461
646,4.472996431167497,0.8846153846153846
647,3.6248174697443076,0.8461538461538461
648,3.257237476166406,0.7692307692307693
649,3.573508219980532,0.8461538461538461
650,4.4899221121978545,0.8461538461538461
651,3.7111428918442013,0.8076923076923077
652,4.020317992423969,0.7307692307692307
653,3.1670117332539762,0.8461538461538461
654,3.62089471214475,0.8461538461538461
655,3.584048077733493,0.7692307692307693
656,3.5262148144358667,0.8076923076923077
657,3.6223144052167653,0.8076923076923077
658,3.5631625859426848,0.8846153846153846
659,3.836546451782085,0.8846153846153846
660,3.6442836173033806,0.9230769230769231
661,3.7944888941765806,0.8461538461538461
662,4.255745337713143,0.8461538461538461
663,3.7697179701721737,0.6538461538461539
664,3.828819223811527,0.7307692307692307
665,4.011349049046057,0.9230769230769231
666,4.306194470051356,0.8846153846153846
667,4.284358122392807,0.8846153846153846
668,3.6289862779592057,0.8461538461538461
669,3.773474043469073,0.9230769230769231
670,5.339362811830699,0.8461538461538461
671,4.039820290879046,0.8461538461538461
672,3.8396377061758233,0.9230769230769231
673,3.842179692599923,0.8846153846153846
674,3.7853498643170105,0.8846153846153846
675,4.198677200910038,0.8461538461538461
676,4.496724278679422,0.8461538461538461
677,3.9315407199926784,0.8461538461538461
678,3.6068770884910246,0.8076923076923077
679,4.126783372417818,0.7692307692307693
680,3.788524993480939,0.8076923076923077
681,4.267054726451022,0.7307692307692307
682,3.922574100211292,0.7692307692307693
683,4.099293066141609,0.7692307692307693
684,3.7187908990789387,0.8076923076923077
685,3.9005777418777225,0.8076923076923077
686,3.529301853672523,0.6923076923076923
687,4.5045474811101585,0.6923076923076923
688,3.7386545374126956,0.7692307692307693
689,3.447756357314313,0.6538461538461539
690,3.7112675204817975,0.8461538461538461
691,3.850163639872689,0.7307692307692307
692,3.301118639233528,0.8846153846153846
693,3.2241574328385045,0.8076923076923077
694,3.004868870248946,0.7692307692307693
695,3.84178104007559,0.8461538461538461
696,3.096439182501221,0.8076923076923077
697,4.114766444595903,0.8076923076923077
698,3.665407141437706,0.8461538461538461
699,2.8616990688570336,0.8461538461538461
700,2.8476094001172916,0.7307692307692307
701,2.9189459196444627,0.8076923076923077
702,2.954003337347874,0.8461538461538461
703,3.851978539637742,0.9230769230769231
704,2.851775168231913,0.8076923076923077
705,3.303800154845569,0.6538461538461539
706,3.4798900739492455,0.8846153846153846
707,4.125791543299037,0.8076923076923077
708,3.107097046843058,0.7307692307692307
709,3.428349122762214,0.6923076923076923
710,2.9779521269720717,0.7307692307692307
711,3.2899061362230366,0.6923076923076923
712,3.2213454713060248,0.6153846153846154
713,3.2727774405749677,0.6923076923076923
714,2.946349082496619,0.7692307692307693
715,2.9061159914822214,0.6923076923076923
716,2.356650664868968,0.8461538461538461
717,3.4084217415440925,0.7307692307692307
718,2.4405389527122487,0.8076923076923077
719,3.03391210408604,0.7692307692307693
720,2.4272981866986716,0.8076923076923077
721,2.53313660898708,0.7307692307692307
722,4.180999745599724,0.8076923076923077
723,2.4345858913907175,0.7307692307692307
724,2.9066466513223492,0.8461538461538461
725,2.733310524601269,0.5384615384615384
726,2.096561478892535,0.6538461538461539
727,2.2500806449034867,0.7307692307692307
728,2.5943386848050847,0.7307692307692307
729,2.626090834212245,0.6923076923076923
730,3.0749303964576713,0.6923076923076923
731,3.018001925966257,0.8461538461538461
732,2.821262927694978,0.6153846153846154
733,3.150965583387463,0.6538461538461539
734,3.6340196150157915,0.6923076923076923
735,3.9603073502712474,0.7307692307692307
736,3.165097701187938,0.6923076923076923
737,3.7533831144100223,0.7307692307692307
738,3.2376771765406653,0.7692307692307693
739,3.3267566818361924,0.7307692307692307
740,3.3233840076063697,0.8461538461538461
741,3.7412930401503752,0.8076923076923077
742,3.5209770535946667,0.7692307692307693
743,2.788474987380062,0.8076923076923077
744,4.629715217187963,0.7692307692307693
745,2.758019455238209,0.6923076923076923
746,2.9658483856526043,0.7692307692307693
747,4.105592698222918,0.8846153846153846
748,3.0854567169135554,0.8076923076923077
749,4.243497613855388,0.8076923076923077
750,3.94691384658239,0.7692307692307693
751,3.4429677696789383,0.7692307692307693
752,3.16479648099061,0.7307692307692307
753,3.649704112523925,0.6923076923076923
754,2.7711450489503315,0.6538461538461539
755,4.702648850337895,0.8461538461538461
756,3.166658073881676,0.7307692307692307
757,4.05937278346101,0.8461538461538461
758,3.4912237997402773,0.7692307692307693
759,3.8825050904249876,0.8461538461538461
760,3.556589360918676,0.8076923076923077
761,3.312051547444667,0.7307692307692307
762,3.727561318258482,0.6153846153846154
763,3.4436892320242305,0.6153846153846154
764,4.280055680570771,0.7307692307692307
765,3.475458785062794,0.7692307692307693
766,3.1246884137236965,0.7307692307692307
767,3.9159466477032048,0.5769230769230769
768,3.96384357711805,0.7692307692307693
769,3.7493485180482176,0.6923076923076923
770,4.030110975627008,0.8846153846153846
771,4.496122984872963,0.9230769230769231
772,3.979776642350309,0.8076923076923077
773,4.1313568241535785,0.7692307692307693
774,4.389942965352895,0.6923076923076923
775,4.369106900902102,0.8461538461538461
776,4.63521978972039,0.8461538461538461
777,2.9119594151394326,0.7307692307692307
778,3.5233720464932383,0.7692307692307693
779,3.9297977288621504,0.7307692307692307
780,3.3572207930255704,0.7692307692307693
781,3.092002967570414,0.7307692307692307
782,3.4543553720925235,0.8461538461538461
783,3.2541750875838473,0.8076923076923077
784,4.0496264530323876,0.7692307692307693
785,3.2092554970029266,0.9230769230769231
786,3.29426536267442,0.8846153846153846
787,4.025567831365963,0.9615384615384616
788,3.3359253196786454,0.8846153846153846
789,3.6829100581561907,0.9615384615384616
790,3.6397476749978264,0.8846153846153846
791,3.7664619137801862,0.9230769230769231
792,4.656601908500522,0.7692307692307693
793,3.7200335399124898,0.9230769230769231
794,3.6828997158239165,0.8846153846153846
795,4.173742638145985,0.8846153846153846
796,3.2895743448412773,0.8461538461538461
797,3.910748394890473,0.7692307692307693
798,3.633363009189508,0.9230769230769231
799,3.817247160978044,0.8846153846153846
800,3.547609992885297,0.9230769230769231
