# Trial 1: ath=0.0200  reg=5.00e-04  hd=400  L=11  best_er=0.3077
iter,loss,error_rate
1,3.084324684508227,0.7307692307692307
2,4.304108941336348,0.7692307692307693
3,3.3426302116965023,0.7692307692307693
4,3.144647184920951,0.7692307692307693
5,2.770179003844959,0.7307692307692307
6,4.619696634318409,0.7307692307692307
7,2.7437362955226154,0.8076923076923077
8,3.25286874711776,0.6923076923076923
9,3.5520035822932194,0.7692307692307693
10,2.8536404902089947,0.7307692307692307
11,3.542041702382406,0.6923076923076923
12,3.7755644080451134,0.6153846153846154
13,2.9610227814961334,0.6923076923076923
14,3.0366098687527154,0.6538461538461539
15,3.173055590825973,0.6538461538461539
16,2.53023074290965,0.6153846153846154
17,2.925936665214322,0.6153846153846154
18,2.9141933925382926,0.8076923076923077
19,2.898417867438861,0.7307692307692307
20,3.497355568902036,0.6923076923076923
21,2.9488381415624323,0.8461538461538461
22,3.357189876719045,0.7307692307692307
23,2.861938035497582,0.7692307692307693
24,2.972568697678589,0.7307692307692307
25,3.174912991406698,0.6538461538461539
26,2.9746029325580565,0.7692307692307693
27,2.768841196670256,0.6538461538461539
28,2.916957697812265,0.6923076923076923
29,2.3946338839311787,0.5769230769230769
30,3.0601334810589327,0.6538461538461539
31,2.9399570124866043,0.6538461538461539
32,2.613657700344204,0.6923076923076923
33,2.430623429602404,0.5
34,2.498198569570721,0.6538461538461539
35,2.4003577495599857,0.6153846153846154
36,1.9617130745865485,0.5769230769230769
37,2.1673425102992705,0.6538461538461539
38,2.564701735192871,0.5384615384615384
39,1.8556609540587188,0.6538461538461539
40,1.9177194397970903,0.5384615384615384
41,1.8263922715853562,0.5769230769230769
42,2.027587367080538,0.5769230769230769
43,2.322134137009524,0.5769230769230769
44,2.3159907968252806,0.5769230769230769
45,2.071187985957815,0.6538461538461539
46,2.113786078484476,0.6153846153846154
47,2.048201267379522,0.5769230769230769
48,2.1293498817970002,0.5769230769230769
49,2.069854025100038,0.6153846153846154
50,2.214073281655178,0.5
51,1.9630635780934653,0.5769230769230769
52,1.934978532645508,0.5384615384615384
53,1.9700151891553364,0.5
54,1.8321484856694172,0.5769230769230769
55,1.7970344048087186,0.5769230769230769
56,2.8161106902256954,0.4230769230769231
57,2.217944159536386,0.5384615384615384
58,2.122310482278458,0.5769230769230769
59,2.2288195555912953,0.5
60,2.441328229418549,0.5
61,2.4379143109307027,0.5
62,2.1903259164123074,0.6153846153846154
63,2.367333028982665,0.5384615384615384
64,2.0229507700225535,0.5769230769230769
65,2.2178648775371297,0.5769230769230769
66,2.254368855890879,0.5
67,2.3544372473455146,0.5769230769230769
68,1.7534839701268985,0.5
69,1.7841078777272057,0.5
70,2.3861882304930715,0.5384615384615384
71,1.9521289446314982,0.5384615384615384
72,2.2919802420539064,0.5769230769230769
73,2.1493243950585086,0.5384615384615384
74,2.2064104100967645,0.5
75,2.123495155275281,0.5384615384615384
76,2.0887073872259756,0.5
77,2.4144403491711017,0.5384615384615384
78,2.1547094098846533,0.46153846153846156
79,2.283213460331741,0.6153846153846154
80,2.119958062644028,0.5769230769230769
81,1.89497222761476,0.4230769230769231
82,1.5793795456291857,0.5384615384615384
83,1.3950952318597163,0.5384615384615384
84,2.0128438441460865,0.4230769230769231
85,1.9745178458410901,0.46153846153846156
86,2.1986385924503296,0.5384615384615384
87,1.7260174196723228,0.5384615384615384
88,2.2977253446443062,0.5384615384615384
89,1.8631760833899402,0.5384615384615384
90,1.9638405128743164,0.5769230769230769
91,1.729345151742641,0.5
92,1.9371679544669993,0.5384615384615384
93,2.322515117924488,0.5
94,1.8815590255899797,0.5
95,2.0740577576117607,0.5384615384615384
96,1.6977563795788333,0.5
97,1.667235253562554,0.4230769230769231
98,2.4387608839110344,0.46153846153846156
99,1.9049371900108816,0.5384615384615384
100,1.9283717884370715,0.4230769230769231
101,1.7258659931999762,0.5
102,1.5806966808679714,0.5384615384615384
103,2.0954806310629355,0.5384615384615384
104,1.9962856310510584,0.46153846153846156
105,2.106291792164095,0.46153846153846156
106,1.65688733174524,0.5769230769230769
107,1.9767190051818289,0.5
108,2.118972531324727,0.6538461538461539
109,2.0617227360281385,0.4230769230769231
110,1.8630355326601518,0.46153846153846156
111,1.6858845409161525,0.5384615384615384
112,1.6808641391612862,0.5769230769230769
113,1.933881769612265,0.5
114,2.035806590458664,0.5
115,1.6461498554223666,0.4230769230769231
116,1.6891235099749307,0.5384615384615384
117,1.7190899274514686,0.46153846153846156
118,2.0162599982335765,0.46153846153846156
119,1.611372972079911,0.46153846153846156
120,1.7335182035116103,0.5769230769230769
121,1.81712765981046,0.5384615384615384
122,1.473950725216493,0.5384615384615384
123,1.8466371375770758,0.5384615384615384
124,1.839432921716788,0.5769230769230769
125,1.6881025057417967,0.5
126,1.9075849016791042,0.46153846153846156
127,1.8379319160554044,0.5384615384615384
128,1.7875811587032668,0.5
129,1.7760668904419716,0.5769230769230769
130,1.655055101003899,0.6153846153846154
131,1.6844667009586558,0.5
132,1.7052890822837508,0.5384615384615384
133,2.1543673275356587,0.5384615384615384
134,1.7604751489333386,0.5384615384615384
135,1.4510986067810412,0.5769230769230769
136,1.8683054107441568,0.5769230769230769
137,1.706558036969854,0.5769230769230769
138,1.9786255142393487,0.5769230769230769
139,1.555547088943977,0.5769230769230769
140,1.7408623416249163,0.5384615384615384
141,2.0452217667196315,0.5
142,2.1176207741325865,0.5
143,1.988951798514795,0.5
144,2.091623682503174,0.5
145,2.0657580121519175,0.5
146,2.1260501579717905,0.5
147,1.9854756826427997,0.5
148,1.675807507202798,0.5
149,1.845761678624788,0.5
150,1.6456464961164834,0.4230769230769231
151,1.5197879370593301,0.5
152,1.5320650730289733,0.4230769230769231
153,1.5711782101340903,0.5384615384615384
154,1.9268675862529094,0.5
155,1.28139801177499,0.5384615384615384
156,1.388202760758019,0.46153846153846156
157,1.4634333518452087,0.38461538461538464
158,1.5794914437938257,0.46153846153846156
159,1.5291670023018453,0.38461538461538464
160,1.3013962293980168,0.5384615384615384
161,1.608528010879968,0.38461538461538464
162,1.4020925217011735,0.46153846153846156
163,1.4825730666072394,0.46153846153846156
164,1.9677411320659384,0.46153846153846156
165,1.4352887470988687,0.46153846153846156
166,1.6435351849702053,0.46153846153846156
167,1.4378132608471674,0.4230769230769231
168,1.4690987853304676,0.5
169,1.5184794464056233,0.5
170,1.4857596502501849,0.4230769230769231
171,1.641865786646826,0.38461538461538464
172,1.4712597497590079,0.34615384615384615
173,1.4527868837939308,0.46153846153846156
174,1.13123724410013,0.34615384615384615
175,1.3202780085977048,0.34615384615384615
176,1.1399483654199543,0.46153846153846156
177,1.2318486258587518,0.4230769230769231
178,1.3366261492241618,0.46153846153846156
179,1.3191030776117854,0.5384615384615384
180,1.1814150308841298,0.46153846153846156
181,1.561701742930433,0.5384615384615384
182,1.2242282325725666,0.46153846153846156
183,1.4528462838281375,0.5769230769230769
184,1.5787482010512837,0.46153846153846156
185,1.4435917287424485,0.46153846153846156
186,1.618822398958134,0.5384615384615384
187,1.246479328650929,0.5
188,1.3273524650469666,0.5384615384615384
189,1.8916051997203025,0.5384615384615384
190,1.591761317512897,0.38461538461538464
191,1.514666163044271,0.5
192,1.3918710628287263,0.46153846153846156
193,1.5288406979465015,0.5769230769230769
194,1.4705264099298163,0.5384615384615384
195,1.6382607408597776,0.4230769230769231
196,1.2900140256962762,0.46153846153846156
197,1.9404897756392108,0.38461538461538464
198,1.492239224718781,0.46153846153846156
199,1.335952149130644,0.3076923076923077
200,1.4822367704450037,0.46153846153846156
201,1.467587403352626,0.4230769230769231
202,1.287322893837199,0.46153846153846156
203,1.239680502798638,0.34615384615384615
204,1.1447362492738336,0.46153846153846156
205,1.591232410377115,0.3076923076923077
206,1.2315782087121088,0.4230769230769231
207,1.3144061854887514,0.5
208,1.2314929709832767,0.38461538461538464
209,1.5928249454395695,0.38461538461538464
210,1.33347854199962,0.46153846153846156
211,1.9098853571589607,0.46153846153846156
212,1.4653310161603232,0.38461538461538464
213,1.1360473401768454,0.5384615384615384
214,1.6518014602719155,0.34615384615384615
215,1.6124764575505544,0.46153846153846156
216,1.5136370794761667,0.34615384615384615
217,1.3947290883291783,0.5
218,1.2049272050692488,0.34615384615384615
219,1.692251017758642,0.3076923076923077
220,1.4307010692945246,0.5
221,1.5068758962078808,0.38461538461538464
222,1.2556840022987585,0.34615384615384615
223,1.5923831186606712,0.46153846153846156
224,1.3260487095779192,0.46153846153846156
225,1.270725600697499,0.4230769230769231
226,1.6606731151027636,0.46153846153846156
227,1.3953687132711192,0.46153846153846156
228,1.4748467707654913,0.38461538461538464
229,1.4495059447840186,0.4230769230769231
230,1.3593733854861336,0.4230769230769231
231,1.0702843445857613,0.4230769230769231
232,0.9423917362382843,0.4230769230769231
233,1.0597895873025363,0.4230769230769231
234,1.42001254348436,0.46153846153846156
235,1.379705664732646,0.46153846153846156
236,1.0807320106185885,0.46153846153846156
237,0.9948177683901935,0.38461538461538464
238,1.0641960229470664,0.38461538461538464
239,1.0122564290824037,0.38461538461538464
240,2.168122846520612,0.46153846153846156
241,2.254661757426203,0.3076923076923077
242,0.9220726203164853,0.34615384615384615
243,1.3156276008866505,0.46153846153846156
244,2.106460005509332,0.38461538461538464
245,0.8921909825272221,0.46153846153846156
246,1.0327067662671996,0.46153846153846156
247,1.126657604042496,0.34615384615384615
248,0.9293697899544098,0.46153846153846156
249,1.1654241607280906,0.46153846153846156
250,1.004850325613058,0.46153846153846156
251,0.7479721170771998,0.4230769230769231
252,1.161392889829929,0.5384615384615384
253,1.064090362020671,0.4230769230769231
254,0.9716469376365464,0.4230769230769231
255,0.8744204539679687,0.46153846153846156
256,1.2065947284113536,0.38461538461538464
257,1.2315273320496194,0.46153846153846156
258,1.0804702147350094,0.46153846153846156
259,0.8373187813961169,0.38461538461538464
260,0.9994885878372031,0.46153846153846156
261,0.9926951450633466,0.4230769230769231
262,0.8451468587935511,0.5384615384615384
263,0.8883655343322334,0.38461538461538464
264,0.903434708326881,0.46153846153846156
265,0.8693789237341107,0.38461538461538464
266,0.7439060121917693,0.38461538461538464
267,0.9411974123704108,0.46153846153846156
268,0.9971374037053407,0.4230769230769231
269,0.8687288250177314,0.4230769230769231
270,0.8125463413289853,0.5
271,1.1380572743235446,0.46153846153846156
272,0.7761749065019972,0.4230769230769231
273,0.9190434648841963,0.5
274,0.8388478993102915,0.4230769230769231
275,0.9698300377309428,0.4230769230769231
276,1.0435556597008104,0.5
277,1.0164111985899869,0.4230769230769231
278,0.9934870321861078,0.46153846153846156
279,1.087657856971303,0.46153846153846156
280,0.9455960374338339,0.38461538461538464
281,1.1269710890209257,0.46153846153846156
282,1.2211650000200627,0.4230769230769231
283,1.1350865384512212,0.46153846153846156
284,0.8537505014988889,0.46153846153846156
285,0.9752935071160564,0.4230769230769231
286,0.9222469594220875,0.5
287,1.1277093663690105,0.4230769230769231
288,0.9064667889605635,0.5
289,0.7667799478729984,0.4230769230769231
290,0.9492369984970312,0.5
291,0.9109090997723657,0.4230769230769231
292,0.8833251744102206,0.46153846153846156
293,0.8862076758594961,0.38461538461538464
294,0.8887728899054452,0.4230769230769231
295,0.9893074877652794,0.46153846153846156
296,0.8288794389571916,0.34615384615384615
297,0.8533724927437225,0.38461538461538464
298,0.8941013481613167,0.5
299,0.8916037007965545,0.46153846153846156
300,0.8678064668194065,0.5
301,0.9376560410982258,0.5
302,0.938832050387302,0.5384615384615384
303,0.9615604601346273,0.5
304,0.8298841171295468,0.4230769230769231
305,0.8687391294201952,0.5
306,0.9660702163707133,0.4230769230769231
307,0.6933108817021103,0.5
308,0.9570707154474363,0.46153846153846156
309,0.9684856791510792,0.4230769230769231
310,1.0438902668917258,0.4230769230769231
311,0.7038628337268786,0.46153846153846156
312,0.8657992314998588,0.5
313,0.8356364599646349,0.34615384615384615
314,0.651640421098346,0.46153846153846156
315,0.8107038048834454,0.5
316,0.7787654829215285,0.38461538461538464
317,0.7669890727655644,0.5
318,0.9624830440674867,0.46153846153846156
319,0.8197619527819238,0.46153846153846156
320,0.7142685028882396,0.46153846153846156
321,0.7074475139495622,0.46153846153846156
322,1.0143282744318975,0.4230769230769231
323,0.7615221778589492,0.38461538461538464
324,0.8221544919169359,0.46153846153846156
325,0.747249272495456,0.4230769230769231
326,0.6095937046894715,0.4230769230769231
327,0.7086083013529505,0.4230769230769231
328,0.6657186383268603,0.4230769230769231
329,0.886716861564468,0.4230769230769231
330,0.6933414383888974,0.4230769230769231
331,0.636634437190815,0.38461538461538464
332,0.6708019577108848,0.4230769230769231
333,0.7429555710424487,0.5
334,0.7686698931840317,0.5
335,0.6560209705011921,0.38461538461538464
336,0.6877314428022023,0.4230769230769231
337,0.6187727133148568,0.34615384615384615
338,0.7663394598722197,0.38461538461538464
339,0.7271973214953529,0.4230769230769231
340,0.6465312772959586,0.4230769230769231
341,0.6336157069122024,0.4230769230769231
342,0.5743203812583064,0.4230769230769231
343,0.7375600051509088,0.4230769230769231
344,0.7075019848026534,0.4230769230769231
345,0.5523970284597808,0.4230769230769231
346,0.6050502859847962,0.46153846153846156
347,0.6471959853936462,0.46153846153846156
348,0.6960534723242082,0.46153846153846156
349,0.6346315053269214,0.46153846153846156
350,0.6797264142448198,0.46153846153846156
351,0.788118296840123,0.4230769230769231
352,0.5937561934468056,0.4230769230769231
353,0.7212815277686673,0.46153846153846156
354,0.6401930182776989,0.4230769230769231
355,0.7079733053736281,0.46153846153846156
356,0.7031794079928657,0.4230769230769231
357,0.678956227576323,0.46153846153846156
358,0.5942273307499297,0.46153846153846156
359,0.7015479256798858,0.46153846153846156
360,0.6084810385861772,0.34615384615384615
361,0.7850727229043524,0.38461538461538464
362,0.6513453916930794,0.46153846153846156
363,0.6036828323169203,0.34615384615384615
364,0.706496031592347,0.38461538461538464
365,0.7533987660325758,0.46153846153846156
366,0.5973959378704907,0.38461538461538464
367,0.5894403219431181,0.4230769230769231
368,0.5582593163251217,0.38461538461538464
369,0.5524822937621043,0.46153846153846156
370,0.6319714800659373,0.46153846153846156
371,0.5144440586731327,0.38461538461538464
372,0.47447502177648504,0.46153846153846156
373,0.4758911171551361,0.38461538461538464
374,0.49114354387897396,0.38461538461538464
375,0.49033088394698243,0.38461538461538464
376,0.6622856137524589,0.4230769230769231
377,0.6268145474365712,0.4230769230769231
378,0.6511287581409588,0.38461538461538464
379,0.47150828015127555,0.4230769230769231
380,0.5793180752513649,0.38461538461538464
381,0.5877167265153149,0.46153846153846156
382,0.5391282375133906,0.38461538461538464
383,0.5997605208313219,0.38461538461538464
384,0.5648080122284886,0.34615384615384615
385,0.5313244777241297,0.5
386,0.6178503976899816,0.34615384615384615
387,0.5168286932930903,0.4230769230769231
388,0.7226214221978489,0.38461538461538464
389,0.4579927995268185,0.34615384615384615
390,0.5096917226031912,0.38461538461538464
391,0.5506623285459029,0.34615384615384615
392,0.5594220386810789,0.4230769230769231
393,0.6531281311050634,0.3076923076923077
394,0.46158271642116544,0.34615384615384615
395,0.46320439554275694,0.38461538461538464
396,0.6550013811225308,0.34615384615384615
397,0.5647019641825874,0.38461538461538464
398,0.5087402006131634,0.3076923076923077
399,0.5445454459721413,0.38461538461538464
400,0.5608215927543823,0.34615384615384615
401,4.217259401672529,0.8076923076923077
402,4.348610649955991,0.8461538461538461
403,2.0309932045150485,0.6153846153846154
404,0.5230223756751777,0.38461538461538464
405,0.9090968398181252,0.5
406,3.380395822040293,0.6153846153846154
407,0.9037012208060817,0.5
408,0.8880269256539184,0.5384615384615384
409,0.7768485568336043,0.34615384615384615
410,1.0416124645252132,0.34615384615384615
411,1.7850621865563072,0.46153846153846156
412,1.097394947606969,0.4230769230769231
413,1.0492464689620689,0.38461538461538464
414,3.857981250146937,0.5384615384615384
415,5.729751343665142,0.8461538461538461
416,2.313455881755452,0.5769230769230769
417,2.9171554298344198,0.5769230769230769
418,4.196383615020656,0.9230769230769231
419,2.8905982116490905,0.5384615384615384
420,5.24435721275652,0.8846153846153846
421,2.579200549235848,0.5384615384615384
422,3.655689253903319,0.6538461538461539
423,0.8061030975946042,0.4230769230769231
424,2.7616170644764426,0.5769230769230769
425,1.1711262652941206,0.5384615384615384
426,2.990300545912995,0.7692307692307693
427,1.5736480630698377,0.46153846153846156
428,2.6063542355434177,0.5769230769230769
429,1.5846865844190516,0.46153846153846156
430,3.607773844804735,0.5769230769230769
431,4.3260338531412454,0.8846153846153846
432,2.2051542832898097,0.5
433,3.8551635069259733,0.6538461538461539
434,4.204686888988436,0.8846153846153846
435,3.535806242384674,0.6923076923076923
436,1.8914624595462755,0.5
437,2.7555085847645024,0.5384615384615384
438,2.5769016902128516,0.5769230769230769
439,4.548309238160387,0.7692307692307693
440,4.975399602441738,0.8846153846153846
441,4.0859965461602,0.7692307692307693
442,3.0421087465400483,0.5
443,4.733241937572497,0.8461538461538461
444,2.6170063615558474,0.5769230769230769
445,4.012651367046431,0.6153846153846154
446,2.5515487081302286,0.5384615384615384
447,2.5544558519523424,0.5769230769230769
448,5.061191944568121,0.8846153846153846
449,4.40251792954994,0.8461538461538461
450,2.2249102617304435,0.5
451,2.2881354489464534,0.5769230769230769
452,2.855980502150307,0.5384615384615384
453,2.6212476370756654,0.5769230769230769
454,2.4165389427451105,0.46153846153846156
455,3.1701837729872366,0.5769230769230769
456,3.177204026952513,0.7307692307692307
457,2.689004584479512,0.6153846153846154
458,3.474889939962342,0.8076923076923077
459,4.304184252291521,0.7692307692307693
460,5.288576066945395,0.6538461538461539
461,3.786345043696083,0.6153846153846154
462,3.181711287228254,0.6923076923076923
463,3.1255059378934917,0.6538461538461539
464,4.328473653101667,0.7692307692307693
465,3.445105300869255,0.7307692307692307
466,2.8048445409694978,0.7692307692307693
467,3.091437395060812,0.5384615384615384
468,2.9978545487822377,0.6538461538461539
469,3.0658567418156744,0.6538461538461539
470,3.3243148088392047,0.5769230769230769
471,3.601506974206102,0.8461538461538461
472,3.5197451205585537,0.8846153846153846
473,4.046832847724185,0.9230769230769231
474,3.6791586017839775,0.9230769230769231
475,3.5414045418482702,0.9230769230769231
476,4.55214080377552,0.9230769230769231
477,3.4481499138149405,0.9615384615384616
478,3.5419653792422316,0.9230769230769231
479,3.571989324259674,0.9230769230769231
480,3.4847534786240604,0.8846153846153846
481,3.5835663462383884,0.8846153846153846
482,3.470723816121297,0.9230769230769231
483,3.2473230428941586,0.8846153846153846
484,4.328680199110644,0.8846153846153846
485,3.8144691603766216,0.8461538461538461
486,4.128519001013528,0.8846153846153846
487,3.9944035073305217,0.8461538461538461
488,4.1684082972634,0.8846153846153846
489,4.0582270500924205,0.8461538461538461
490,4.6418151495889495,0.8076923076923077
491,6.47052410648144,0.9615384615384616
492,5.116016335352777,0.8461538461538461
493,4.349611386759401,0.8846153846153846
494,3.4892786464657215,0.8461538461538461
495,4.4628651147165606,0.7692307692307693
496,5.175848394014465,0.8461538461538461
497,3.727157113100092,0.8076923076923077
498,3.775799983821707,0.8076923076923077
499,3.983857608423136,0.7692307692307693
500,3.5892565161042755,0.8076923076923077
501,3.9349702208235775,0.9230769230769231
502,4.10707956685224,0.8846153846153846
503,4.115727854194649,0.9230769230769231
504,4.444179622020771,0.8846153846153846
505,4.199004901571808,0.8461538461538461
506,3.8405555994681584,0.9615384615384616
507,5.762413719722373,0.9230769230769231
508,3.657464402349989,0.8461538461538461
509,4.1913527021118835,0.8846153846153846
510,4.94691158744967,0.8846153846153846
511,4.300644315244745,0.8461538461538461
512,4.116166226544859,0.8846153846153846
513,4.111128581862068,0.8461538461538461
514,4.399779546001337,0.8461538461538461
515,4.357248221091167,0.8076923076923077
516,4.535137322132184,0.8846153846153846
517,3.8118477597504183,0.6923076923076923
518,3.7295862796354133,0.8076923076923077
519,4.750059746535964,0.8461538461538461
520,4.335819027232721,0.8076923076923077
521,3.4730039895379843,0.7692307692307693
522,4.165777858222648,0.8076923076923077
523,3.764603362121341,0.7692307692307693
524,3.428005753425542,0.6923076923076923
525,3.8369991640945225,0.7307692307692307
526,3.585422845309747,0.6923076923076923
527,3.4373252803033236,0.9230769230769231
528,3.352622372472341,0.7307692307692307
529,4.010310429370452,0.7307692307692307
530,3.5273387885044536,0.7692307692307693
531,3.543045108748373,0.7692307692307693
532,4.287246971773324,0.8461538461538461
533,4.2270897984209155,0.8461538461538461
534,3.687389820982584,0.7692307692307693
535,4.137758677578733,0.9230769230769231
536,4.333975517219368,0.8846153846153846
537,5.425106352803818,0.8846153846153846
538,3.762495336629416,0.8846153846153846
539,3.7218497416111074,0.7307692307692307
540,4.131919647053954,0.8076923076923077
541,3.8361270529241454,0.9230769230769231
542,4.199882108113204,0.7307692307692307
543,4.302635420882264,0.7692307692307693
544,4.817238739670131,0.8461538461538461
545,3.5834944088613856,0.8461538461538461
546,4.364719106098522,0.9230769230769231
547,5.200347481145385,0.8076923076923077
548,4.030560414973449,0.8076923076923077
549,3.520410653885569,0.8846153846153846
550,4.639146447735694,0.8076923076923077
551,4.524619276701686,0.8076923076923077
552,3.78486228511618,0.8076923076923077
553,3.6310251777850495,0.8461538461538461
554,3.9749873767043593,0.8846153846153846
555,3.713627122265802,0.8461538461538461
556,3.64926315584953,0.6538461538461539
557,3.0493006685893853,0.7307692307692307
558,2.7192278322323196,0.6538461538461539
559,4.661026851165756,0.9230769230769231
560,3.120867694228256,0.6923076923076923
561,4.547065757127958,0.9230769230769231
562,5.182793874553348,0.8846153846153846
563,2.8116890549710534,0.8461538461538461
564,6.061258788542935,0.8846153846153846
565,3.3606257662209496,0.8076923076923077
566,5.2106970325466815,0.8461538461538461
567,4.137958630309953,0.7307692307692307
568,4.780688700402761,0.8076923076923077
569,4.117954425709458,0.8461538461538461
570,4.241631449601537,0.8076923076923077
571,4.212159982445641,0.8461538461538461
572,4.321310294987221,0.8846153846153846
573,5.635652990771318,0.8461538461538461
574,4.123941013876244,0.8461538461538461
575,3.6278196517743644,0.8076923076923077
576,3.6927558576157105,0.8461538461538461
577,4.520321856690411,0.9615384615384616
578,5.2194832726754825,0.8846153846153846
579,5.262633246634571,0.8846153846153846
580,4.3415631155597465,0.9615384615384616
581,4.00100578879827,0.8846153846153846
582,4.233503801411737,0.8846153846153846
583,3.5986977169985037,0.8076923076923077
584,3.8923708885073878,0.8846153846153846
585,3.4717728934568632,0.8076923076923077
586,3.347872727230998,0.7307692307692307
587,3.6556411295221287,0.8076923076923077
588,3.7910727384740075,0.8076923076923077
589,3.3134428221534598,0.8076923076923077
590,4.036500708068244,0.7692307692307693
591,3.382137781526363,0.7307692307692307
592,4.90746942670596,0.8846153846153846
593,3.2702184162517063,0.8076923076923077
594,4.62014093042411,0.8461538461538461
595,4.82130305959119,0.8846153846153846
596,3.538141264718005,0.8076923076923077
597,4.031327281368897,0.7307692307692307
598,4.221649949272374,0.7692307692307693
599,3.619152919662443,0.8076923076923077
600,3.416443232284337,0.8461538461538461
601,4.08570316062194,0.8846153846153846
602,2.8809400741191977,0.8461538461538461
603,4.354061674515782,0.9230769230769231
604,3.720749127860034,0.8461538461538461
605,3.8858140271591273,0.7692307692307693
606,3.8464376979909636,0.8461538461538461
607,4.224031040685044,0.8846153846153846
608,3.9307642676196908,0.9615384615384616
609,3.9970082904736586,0.7307692307692307
610,3.7824025007573225,0.9230769230769231
611,4.381723522494339,0.8461538461538461
612,3.2115142958161202,0.9230769230769231
613,4.164314655986829,0.9230769230769231
614,5.2755962826957425,0.9230769230769231
615,3.8466172577318343,0.8076923076923077
616,3.4567413196491463,0.8076923076923077
617,3.472927909126978,0.8076923076923077
618,4.3639259239151045,0.7307692307692307
619,4.015998006557768,0.8076923076923077
620,3.873137762791356,0.7307692307692307
621,4.279540775751635,0.7692307692307693
622,4.238593423713962,0.8846153846153846
623,4.44289082750575,0.7307692307692307
624,4.801895323410392,0.8846153846153846
625,4.606094811376063,0.8076923076923077
626,4.225924305420522,0.7307692307692307
627,3.7069762330000366,0.8076923076923077
628,4.430512670467395,0.8461538461538461
629,4.254297168499221,0.8076923076923077
630,3.951583982306177,0.7692307692307693
631,4.140167278151703,0.7307692307692307
632,4.452087811265282,0.8461538461538461
633,4.804903200019412,0.8076923076923077
634,4.320711637594532,0.7692307692307693
635,4.449539807309517,0.7307692307692307
636,4.168296242954315,0.8076923076923077
637,3.8650239316018653,0.7692307692307693
638,4.505501090612062,0.9230769230769231
639,4.217808090977573,0.9615384615384616
640,4.279879705757368,0.8076923076923077
641,4.139958175688127,0.8076923076923077
642,4.043687247787785,0.8461538461538461
643,4.208371996199976,0.8076923076923077
644,4.435530646870794,0.8461538461538461
645,3.301852524240748,0.7307692307692307
646,3.885667342649076,0.8076923076923077
647,4.489263309756303,0.8461538461538461
648,3.8538215476397113,0.8846153846153846
649,3.892331416233219,0.8846153846153846
650,5.224850860738315,0.8846153846153846
651,5.847407656515987,0.9615384615384616
652,4.761259170589979,0.9615384615384616
653,4.289558437810367,0.8846153846153846
654,4.958955670502574,0.8846153846153846
655,4.419430846041467,0.8461538461538461
656,4.377088008179443,0.8461538461538461
657,4.533224214151098,0.8461538461538461
658,4.790590404524479,0.8846153846153846
659,5.493274496860825,0.8461538461538461
660,5.399403862521581,0.9230769230769231
661,4.572259993000124,0.8846153846153846
662,4.1906667999390335,0.9615384615384616
663,4.310779557881234,1.0
664,4.667412464033778,0.9230769230769231
665,5.458381523068907,0.9615384615384616
666,4.826069974900889,0.8076923076923077
667,3.997713055348566,0.9230769230769231
668,3.8331041368821195,0.9230769230769231
669,4.350011221459585,0.8846153846153846
670,4.552738469680924,0.8461538461538461
671,4.7444770651698835,0.9615384615384616
672,4.842439529807324,0.8461538461538461
673,4.656632341138004,0.8461538461538461
674,4.394767993437677,0.9615384615384616
675,4.703499023978964,0.9615384615384616
676,4.468419566628499,0.9230769230769231
677,4.196922456081088,0.9615384615384616
678,6.251287570926457,0.8846153846153846
679,3.932523804343297,0.9615384615384616
680,4.402211377876284,0.9615384615384616
681,4.565084095731344,0.7692307692307693
682,4.42487924305715,0.8076923076923077
683,4.700456325686216,0.8461538461538461
684,4.157961362674187,0.7692307692307693
685,4.63705907972788,0.8076923076923077
686,4.458031006232803,0.8846153846153846
687,6.06663459142179,0.9230769230769231
688,5.626578194364583,0.8461538461538461
689,4.022792060646315,0.9615384615384616
690,3.3431964051025997,0.7692307692307693
691,4.273017692017099,0.8461538461538461
692,3.6849187864648636,0.7692307692307693
693,4.228997997544096,0.8461538461538461
694,4.180035081914519,0.8461538461538461
695,4.643586673523103,0.9230769230769231
696,4.598930894502468,0.9615384615384616
697,5.227551566792642,0.9615384615384616
698,4.01323950499662,0.9230769230769231
699,4.431575907228432,0.9230769230769231
700,4.339002511507327,0.8846153846153846
701,3.6260547683859916,0.7692307692307693
702,3.371116576755362,0.7307692307692307
703,3.8491422513979745,0.7307692307692307
704,3.531561730511267,0.8846153846153846
705,4.515853014426363,0.8846153846153846
706,4.9084909601628155,0.9230769230769231
707,3.9028404282051117,0.8076923076923077
708,3.767796227544631,0.8076923076923077
709,3.59268199343893,0.8076923076923077
710,6.2994439400415505,0.8461538461538461
711,3.7866914568761616,0.7692307692307693
712,4.388839565689035,1.0
713,4.476846817253816,0.9230769230769231
714,3.439368286217847,0.8076923076923077
715,4.292002837366954,0.9230769230769231
716,5.147198772470779,0.8846153846153846
717,4.772771379922604,0.8846153846153846
718,4.084127659071365,0.9615384615384616
719,4.297255316317333,0.8461538461538461
720,3.63490518389441,0.6538461538461539
721,4.363404688769818,0.8461538461538461
722,4.982697291552105,0.9230769230769231
723,4.312587185348454,0.8846153846153846
724,3.9166433058996533,0.7307692307692307
725,3.5313140380829386,0.8461538461538461
726,5.116480905205039,0.8461538461538461
727,4.393050054147847,0.9230769230769231
728,3.976643638326611,0.7307692307692307
729,4.17892463880466,0.9230769230769231
730,4.321908414180132,0.7307692307692307
731,4.094093330122058,0.9615384615384616
732,3.9422579971632707,0.9230769230769231
733,4.108553283430553,0.8846153846153846
734,4.191553725689013,0.8461538461538461
735,4.529368864068301,0.8461538461538461
736,4.389069469927829,0.9230769230769231
737,6.306234781529278,0.8461538461538461
738,4.169499922637734,0.9230769230769231
739,4.474003669986804,0.8846153846153846
740,4.475806574353713,0.9230769230769231
741,4.215288593010266,0.8846153846153846
742,4.024839388826278,0.9230769230769231
743,4.008228752179101,0.9230769230769231
744,4.24855958094889,0.9230769230769231
745,4.494297356869179,0.8846153846153846
746,4.189296868988841,0.9230769230769231
747,4.752889874772302,0.8846153846153846
748,4.252752135755627,0.8846153846153846
749,4.189425790663877,0.8076923076923077
750,4.6593870042626735,0.8461538461538461
751,4.335109761624219,0.8076923076923077
752,4.528243905245093,0.8461538461538461
753,4.053912420969208,0.8076923076923077
754,4.470606968177763,0.9230769230769231
755,4.094802403750642,0.8461538461538461
756,4.031203265368064,0.7692307692307693
757,4.234444695198345,0.7692307692307693
758,4.148953526146308,0.7692307692307693
759,4.061022310373992,0.8846153846153846
760,3.5946051785281172,0.8076923076923077
761,3.824757564221467,0.7692307692307693
762,3.959056768373833,0.7692307692307693
763,3.809306172242506,0.9615384615384616
764,5.024723528566004,0.9615384615384616
765,3.9318369303142138,1.0
766,3.560400529623034,0.8846153846153846
767,3.8683250707037997,0.9615384615384616
768,3.8386560576738225,0.9615384615384616
769,3.81993497387253,0.9230769230769231
770,4.253335665314822,0.8846153846153846
771,3.989473281137494,0.8076923076923077
772,4.894660476504358,0.8461538461538461
773,4.094900663483746,0.7692307692307693
774,3.374383211161756,0.9230769230769231
775,4.037390213705971,0.9230769230769231
776,3.6526627083863206,0.8846153846153846
777,5.1087199178746445,0.8846153846153846
778,4.279540581137795,0.9230769230769231
779,3.932182529652605,0.8461538461538461
780,4.187898007540999,0.9230769230769231
781,4.929629016088368,0.7307692307692307
782,3.701333248629404,0.8076923076923077
783,4.303090950995429,0.8461538461538461
784,4.188759357104521,0.9230769230769231
785,4.356526770746742,0.9230769230769231
786,4.301132017542611,0.8846153846153846
787,4.319763376532572,0.8461538461538461
788,3.6463196692658806,0.8076923076923077
789,4.105282132569314,0.8461538461538461
790,4.154267341569593,0.8076923076923077
791,4.068916334185886,0.7692307692307693
792,3.7234231767507997,0.6923076923076923
793,4.0729730953847305,0.8846153846153846
794,4.582882873772154,0.8846153846153846
795,3.713212830427409,0.8846153846153846
796,3.7558323585019586,0.9230769230769231
797,3.6376888327109147,0.8461538461538461
798,4.029316060770592,0.8461538461538461
799,3.716938831160928,0.8076923076923077
800,3.4989301734256353,0.8076923076923077
801,4.105669013443748,0.9230769230769231
802,4.004073595016587,0.9230769230769231
803,3.486052816784804,0.8461538461538461
804,4.371448345307994,0.9615384615384616
805,4.022270093585219,0.9230769230769231
806,3.860186299778268,0.8076923076923077
807,3.825217791072035,0.8461538461538461
808,3.9311475542233696,0.8461538461538461
809,4.422504537309051,0.9230769230769231
810,4.6713332193647545,0.8846153846153846
811,3.811864528377549,0.9230769230769231
812,4.868622229577178,0.8846153846153846
813,4.157045409462101,0.9230769230769231
814,5.647247200435339,0.9230769230769231
815,4.199368089767535,0.8461538461538461
816,4.012973732807485,0.8461538461538461
817,3.8736815012986003,0.7692307692307693
818,4.638652527516194,0.8846153846153846
819,4.41508022239219,0.7692307692307693
820,4.169617661958311,0.8461538461538461
821,3.620661056721227,0.8461538461538461
822,3.6217765224422056,0.9230769230769231
823,4.11986268091947,0.8846153846153846
824,3.8714596155080905,0.8461538461538461
825,4.012875274576739,0.8076923076923077
826,3.7872777727506164,0.8461538461538461
827,4.581349188881497,0.8076923076923077
828,3.7952667708018017,0.8461538461538461
829,4.664237739371394,0.8461538461538461
830,3.839404776443345,0.8846153846153846
831,3.5883520173837917,0.9230769230769231
832,3.7854875106427803,0.8846153846153846
833,3.1860156658203884,0.8846153846153846
834,3.571658110288887,0.8846153846153846
835,3.157528773461528,0.8461538461538461
836,3.779826118753787,0.7692307692307693
837,4.166403956339167,0.7692307692307693
838,3.451125749480077,0.9615384615384616
839,4.108775837980133,0.9615384615384616
840,3.6136749656162976,0.9615384615384616
841,3.4903338278369977,0.8846153846153846
842,3.4610406022128384,0.8461538461538461
843,3.3778671041392925,0.7307692307692307
844,3.5778963421666305,0.7692307692307693
845,3.5212034501367575,1.0
846,3.70947032794494,0.9615384615384616
847,4.230055044785059,0.9615384615384616
848,4.115613792513758,0.9230769230769231
849,4.1814618444968,1.0
850,3.869453520579279,0.9615384615384616
851,5.73469581245172,0.8846153846153846
852,4.06486215542618,0.9615384615384616
853,3.9604607042220605,1.0
854,4.471813977057389,0.9615384615384616
855,3.837406264443445,0.9615384615384616
856,3.8873009101778027,0.9230769230769231
857,4.020720147366692,0.9230769230769231
858,4.07890844321408,1.0
859,5.432156154859164,0.9230769230769231
860,4.630530538638723,1.0
861,4.6190419376022245,0.9230769230769231
862,4.141232062973764,0.9230769230769231
863,4.685298475302208,0.8461538461538461
864,4.527656438514918,0.7692307692307693
865,4.985528197278029,0.8846153846153846
866,4.368849009996971,0.8846153846153846
867,4.482995466730729,0.9615384615384616
868,3.882748710633471,0.9230769230769231
869,4.084177859351218,0.8461538461538461
870,3.145709268886202,0.8846153846153846
871,4.060150602133409,0.8076923076923077
872,3.537822892980859,0.8076923076923077
873,4.120731478554173,0.8846153846153846
874,3.8421288000902765,0.9615384615384616
875,4.232032961890503,0.9230769230769231
876,4.8102561451921195,0.9615384615384616
877,4.377231446220557,0.9615384615384616
878,4.460692916289942,0.7692307692307693
879,4.00607936089301,0.6923076923076923
880,3.593183777327155,0.7692307692307693
881,3.796992911618543,0.7692307692307693
882,4.078160201360551,0.7307692307692307
883,4.450609798936377,0.6538461538461539
884,4.629971043039731,0.7692307692307693
885,4.71072436123606,0.7692307692307693
886,4.879582112700602,0.8461538461538461
887,4.378858827458263,0.8076923076923077
888,3.7653451053230045,0.7692307692307693
889,4.324130621598336,0.7692307692307693
890,4.05127543324111,0.8076923076923077
891,5.163520634458747,0.7692307692307693
892,4.566728701123684,0.9615384615384616
893,5.0121063979405065,1.0
894,4.703682070962267,0.8846153846153846
895,4.630180535566575,0.9230769230769231
896,3.738543459112365,0.7307692307692307
897,3.6807717421242496,0.8461538461538461
898,3.8641947168355477,0.8461538461538461
899,3.8624011113180186,0.8846153846153846
900,4.595778481282394,0.9230769230769231
901,4.7613879748598205,0.9230769230769231
902,3.9344396314382504,0.8461538461538461
903,3.8437326743035545,0.9230769230769231
904,3.771763796303717,0.8076923076923077
905,3.685285434946329,0.8461538461538461
906,3.6767994992126294,0.8846153846153846
907,3.5741410164398397,0.9230769230769231
908,6.0412710213786935,0.8846153846153846
909,3.4623564652688827,0.7692307692307693
910,3.873937041962781,0.7307692307692307
911,4.311887135885618,0.7692307692307693
912,4.749829368211063,0.8076923076923077
913,3.7820025425634496,0.8846153846153846
914,4.179381017678793,0.9615384615384616
915,4.723902309597007,1.0
916,3.7947522258840447,0.7307692307692307
917,3.596089806478383,0.8076923076923077
918,4.202810435953648,0.6923076923076923
919,4.13789784139382,0.8846153846153846
920,3.7562248102398414,0.7692307692307693
921,3.8790179695867884,0.8076923076923077
922,3.697624707362294,0.6923076923076923
923,3.3879460584845726,0.7692307692307693
924,4.6589065428179754,0.8461538461538461
925,4.572695790211981,0.9230769230769231
926,4.044667228728069,0.8461538461538461
927,4.170766099231853,0.9615384615384616
928,3.5741434145725544,0.8461538461538461
929,5.190064947200225,0.9230769230769231
930,4.548537420318214,0.9230769230769231
931,3.366101895306091,0.8076923076923077
932,4.41408382689559,0.8846153846153846
933,3.971004689648641,0.7692307692307693
934,3.74811654992233,0.9615384615384616
935,3.72412790444362,0.8846153846153846
936,3.846383006495493,0.9230769230769231
937,3.4676138283531115,0.9230769230769231
938,4.959629800426888,0.9230769230769231
939,4.007025165348199,0.8461538461538461
940,4.879043879006456,0.8076923076923077
941,4.1815953428857515,0.9230769230769231
942,3.4753301693752934,0.9615384615384616
943,4.20074730438965,0.8846153846153846
944,3.8148061015675143,0.8846153846153846
945,3.9350490791696497,0.8076923076923077
946,3.5716227322332563,0.8846153846153846
947,3.9009638055147775,0.8076923076923077
948,4.030103879663363,0.8076923076923077
949,3.8967414923781036,0.8461538461538461
950,4.060305405164843,0.8461538461538461
951,3.3487860012139894,0.8461538461538461
952,3.5781258173871793,0.8461538461538461
953,4.4601550897963245,0.8461538461538461
954,4.0543641974467945,0.7692307692307693
955,3.8174283824082678,0.7692307692307693
956,3.6689010837580893,0.7692307692307693
957,3.9381399767290777,0.7307692307692307
958,4.281565694673423,0.8846153846153846
959,4.335299099919316,0.8846153846153846
960,5.2453764094999284,0.9615384615384616
961,4.11829881401585,0.8461538461538461
962,4.248616439048245,0.8461538461538461
963,4.898930845090581,0.8076923076923077
964,3.643071834737977,0.6538461538461539
965,3.7573268624768525,0.6538461538461539
966,4.106049441809274,0.9615384615384616
967,4.135247944408064,0.9615384615384616
968,4.315151164842503,0.9615384615384616
969,4.049107692468602,0.7692307692307693
970,4.228031089588596,0.7692307692307693
971,3.382757887339329,0.7307692307692307
972,3.8357705842314522,0.7692307692307693
973,4.083007585964673,0.7307692307692307
974,4.068758310541343,0.6923076923076923
975,4.019043439289367,0.8461538461538461
976,3.212461463790092,0.7307692307692307
977,3.5219270943725003,0.8461538461538461
978,4.078232983363168,0.8846153846153846
979,4.278396046306173,0.6923076923076923
980,4.951973089729468,0.7307692307692307
981,5.968251501856166,0.9615384615384616
982,4.432120420514967,0.8846153846153846
983,3.960874851035025,0.9615384615384616
984,4.209366780000095,0.8846153846153846
985,3.875873959779624,0.9615384615384616
986,4.653682610452431,0.9230769230769231
987,3.5771502278868246,1.0
988,3.939483532378534,0.8846153846153846
989,3.5445252794360416,0.9615384615384616
990,3.045060083135655,0.8846153846153846
991,3.1935188468750524,0.6923076923076923
992,2.9011656633016543,0.6153846153846154
993,3.407788880829277,0.7307692307692307
994,3.378623459308408,0.7692307692307693
995,3.330917319406729,0.8846153846153846
996,3.6184955784451382,0.7692307692307693
997,3.7362337966656898,0.8076923076923077
998,4.279012750247664,0.8846153846153846
999,4.653721711234034,0.8846153846153846
1000,2.964805277025622,0.9230769230769231
1001,3.5495786710252757,0.7307692307692307
1002,3.533479186846268,0.7692307692307693
1003,3.2452342735501136,0.6923076923076923
1004,3.2565844565939575,0.7692307692307693
1005,3.664201418720764,0.7307692307692307
1006,4.319549392341756,0.8846153846153846
1007,4.71302687968341,0.8461538461538461
1008,4.470307881325678,0.8076923076923077
1009,5.275458230307747,0.8461538461538461
1010,3.638645488187418,0.6923076923076923
1011,3.6073921893949157,0.7692307692307693
1012,3.5314472703544086,0.6538461538461539
1013,3.704241365281041,0.8461538461538461
1014,4.037410368686226,0.6538461538461539
1015,3.655881971891181,0.7307692307692307
1016,3.3938443563876826,0.6923076923076923
1017,3.6999774695115817,0.8461538461538461
1018,4.594426111740518,0.9230769230769231
1019,3.6043791589200627,0.7692307692307693
1020,3.8394967186998024,0.7307692307692307
1021,4.188753788389092,0.6538461538461539
1022,4.462431619346225,0.7307692307692307
1023,3.9913322377718794,0.8461538461538461
1024,4.788442274821361,0.8461538461538461
1025,4.63086201462785,0.8461538461538461
1026,4.316149411376941,0.8076923076923077
1027,4.437974168526903,0.8461538461538461
1028,4.468794270156772,0.8461538461538461
1029,4.621288901108284,0.8076923076923077
1030,4.293449268238336,0.8846153846153846
1031,3.299442584021906,0.8076923076923077
1032,3.820103327076128,0.9230769230769231
1033,4.4777541184711485,0.9230769230769231
1034,3.237850682877407,0.8461538461538461
1035,3.6201699082153795,0.8461538461538461
1036,3.797633758946259,0.7307692307692307
1037,4.631325245816726,0.7307692307692307
1038,3.53688154006584,0.7307692307692307
1039,3.3841340162683293,0.6923076923076923
1040,3.5618931483837324,0.7692307692307693
1041,4.289245105761854,0.7307692307692307
1042,4.031000489094491,0.6153846153846154
1043,4.706626838753674,0.7307692307692307
1044,5.0503351379950185,0.7692307692307693
1045,4.375169260099028,0.6923076923076923
1046,4.69677338754933,0.6153846153846154
1047,4.211483090378819,0.9615384615384616
1048,4.523232702014365,0.8076923076923077
1049,4.350397039773612,0.7307692307692307
1050,3.535643216078039,0.8461538461538461
1051,3.8522289676942525,0.8461538461538461
1052,4.217670618209334,0.9230769230769231
1053,4.274416932973741,0.8846153846153846
1054,4.228385708581317,0.9230769230769231
1055,4.957377273199936,0.8461538461538461
1056,5.215491281616656,0.9230769230769231
1057,4.589423470207244,0.8461538461538461
1058,4.161344628070916,0.7307692307692307
1059,4.29176368795757,0.8076923076923077
1060,4.137876089003053,0.9230769230769231
1061,3.504200857293721,0.8846153846153846
1062,3.8338101229302266,0.8076923076923077
1063,3.249702652757266,0.8846153846153846
1064,4.059179801929411,0.8076923076923077
1065,3.3221045527216075,0.8461538461538461
1066,3.4134340271521992,0.8076923076923077
1067,3.393533917350518,0.8076923076923077
1068,3.7877173018512904,0.8846153846153846
1069,3.9895953155553503,0.8846153846153846
1070,3.8209712603449897,0.7692307692307693
1071,3.8267329498145326,0.8461538461538461
1072,3.7994680892875246,0.7692307692307693
1073,3.52579733942892,0.8076923076923077
1074,3.485054567464864,0.6538461538461539
1075,3.8664664140431118,0.7692307692307693
1076,3.7409077675595244,0.6923076923076923
1077,4.057607356636346,0.8846153846153846
1078,4.428944062063885,0.9615384615384616
1079,4.750093413632626,0.9615384615384616
1080,4.140813553947014,0.9615384615384616
1081,3.825933073551333,0.9230769230769231
1082,5.154609010675075,1.0
1083,5.137616076026789,0.9230769230769231
1084,3.907415278442831,0.9230769230769231
1085,4.193558825954954,0.9230769230769231
1086,4.103955840800829,0.9230769230769231
1087,4.121332881524772,0.9615384615384616
1088,3.9467368755557635,1.0
1089,4.259121729821985,1.0
1090,4.1427144427036104,1.0
1091,4.7809211431021525,0.9230769230769231
1092,4.556841091651705,1.0
1093,2.473729698672701,0.8846153846153846
1094,4.0231542764401125,0.9230769230769231
1095,4.399390303789706,0.9615384615384616
1096,4.859085103704274,0.9230769230769231
1097,4.3836744868728434,1.0
1098,3.8866744414905012,0.9615384615384616
1099,4.112108385585668,0.8846153846153846
1100,2.7704330467885936,0.7692307692307693
1101,3.676716496765701,0.8846153846153846
1102,4.716873049620271,0.8846153846153846
1103,3.5849054939618243,0.9230769230769231
1104,6.241250339222466,1.0
1105,3.5010039081639714,0.8461538461538461
1106,3.2665431142856862,0.8461538461538461
1107,3.4637719548545385,0.8846153846153846
1108,3.765926244249438,0.9230769230769231
1109,3.2244086591117243,0.8076923076923077
1110,2.790747530678314,0.8076923076923077
1111,3.547694928157918,0.7307692307692307
1112,3.6212875234120165,0.8461538461538461
1113,5.00179039821802,0.8846153846153846
1114,4.083757909451752,0.8461538461538461
1115,2.6691558116843495,0.7692307692307693
1116,3.1302907418135995,0.7307692307692307
1117,3.7997521650892905,0.8076923076923077
1118,3.665904492075664,0.8846153846153846
1119,4.431816124059013,1.0
1120,4.104163550509467,0.8461538461538461
1121,4.296832428035963,0.8461538461538461
1122,3.919482338275233,0.8846153846153846
1123,3.6283308656655375,0.8461538461538461
1124,3.413255481850077,0.8461538461538461
1125,4.797023915177508,0.9615384615384616
1126,3.8265726820473676,0.8846153846153846
1127,3.738358052010386,0.7692307692307693
1128,4.246343238775659,0.8846153846153846
1129,4.684467045926833,0.8846153846153846
1130,4.501976318305738,0.9230769230769231
1131,5.091465592250805,0.9615384615384616
1132,4.670000920230164,0.9615384615384616
1133,4.501531890301263,0.8846153846153846
1134,4.571889415877917,0.9230769230769231
1135,3.9608715359875157,0.9230769230769231
1136,3.7391409695730964,0.8076923076923077
1137,5.160862782287068,0.9615384615384616
1138,4.042256597797907,0.8846153846153846
1139,4.613001496558913,1.0
1140,4.203594177829093,0.9230769230769231
1141,3.5842167443999773,1.0
1142,4.0193642704674515,0.8846153846153846
1143,3.545832161197007,0.9230769230769231
1144,3.877061051878801,0.8461538461538461
1145,4.5882610702480005,0.8846153846153846
1146,4.368628120332192,0.8076923076923077
1147,5.095264237954117,0.9230769230769231
1148,4.080709348332936,0.8461538461538461
1149,3.566715393722389,0.9230769230769231
1150,4.087319529374014,0.8846153846153846
1151,3.7931333742695075,0.5384615384615384
1152,3.5165435959296243,0.6923076923076923
1153,3.9767119588564035,0.8461538461538461
1154,4.751684466247752,0.8076923076923077
1155,4.62676947624834,0.7692307692307693
1156,4.206068078116278,0.8076923076923077
1157,4.871049547345574,0.8846153846153846
1158,3.93735208276169,0.7692307692307693
1159,4.079356478864527,0.7692307692307693
1160,5.043253807582385,0.8846153846153846
1161,4.348224061725141,0.7307692307692307
1162,4.2311445106262235,0.7692307692307693
1163,4.136797146605877,0.7307692307692307
1164,3.6551846513926542,0.9230769230769231
1165,4.395356729631816,0.8846153846153846
1166,4.137827269367399,0.9615384615384616
1167,4.460045906228759,0.9230769230769231
1168,6.968747550145619,0.9615384615384616
1169,4.199056870942945,0.9615384615384616
1170,4.0742858840237925,0.7692307692307693
1171,4.524420964306729,0.9230769230769231
1172,4.597619706093446,0.9615384615384616
1173,4.625843649974093,0.9615384615384616
1174,4.037567876520179,0.7692307692307693
1175,3.7288177564885174,0.8076923076923077
1176,3.764061252054628,0.8461538461538461
1177,3.648545131975037,0.8846153846153846
1178,4.159529686293444,0.8461538461538461
1179,4.450120095728829,0.9230769230769231
1180,4.401576722743452,0.8076923076923077
1181,3.8511670800053333,0.9230769230769231
1182,4.594975706495679,0.9230769230769231
1183,3.66406305807255,0.9615384615384616
1184,3.873015603836055,0.8461538461538461
1185,4.275052161742265,0.8461538461538461
1186,4.379371455184934,0.8076923076923077
1187,4.613533947526559,0.8461538461538461
1188,4.265582142315849,0.9230769230769231
1189,4.408255823438975,0.8846153846153846
1190,3.6376547593431288,0.8461538461538461
1191,3.5907374771790175,0.9615384615384616
1192,3.7100714665918053,0.8461538461538461
1193,3.5373399730641903,0.8461538461538461
1194,3.842204854695909,0.9230769230769231
1195,3.43998271034356,0.8076923076923077
1196,3.692764127879431,0.8461538461538461
1197,3.6422241037017047,0.8846153846153846
1198,3.9763220112287736,0.8076923076923077
1199,4.734032607447665,0.8076923076923077
1200,4.54419506625919,0.9615384615384616
1201,3.4944885486282473,0.8846153846153846
1202,3.8077314530473725,1.0
1203,3.800084263811531,0.9615384615384616
1204,4.4532816237051085,0.9230769230769231
1205,4.1149820459174595,1.0
1206,3.795546401432577,0.9615384615384616
1207,3.664173877709569,0.8846153846153846
1208,3.619939547659346,0.9615384615384616
1209,4.721247860965789,0.9615384615384616
1210,3.9812899374052027,0.8461538461538461
1211,4.439314575103425,0.9230769230769231
1212,4.043781041164696,0.9230769230769231
1213,4.411440017438252,0.9230769230769231
1214,5.089292641482959,0.9230769230769231
1215,4.229578010220357,0.9230769230769231
1216,4.099509459347727,0.8461538461538461
1217,4.327915572688243,0.8846153846153846
1218,5.229561772904033,0.9230769230769231
1219,4.3200058136909485,0.8461538461538461
1220,4.653518708810832,0.8461538461538461
1221,3.600738048552288,0.8076923076923077
1222,5.218432977599304,0.8461538461538461
1223,3.6056198293917427,0.8076923076923077
1224,4.050175562962089,0.8461538461538461
1225,4.412104495695531,0.9615384615384616
1226,4.091091050503195,0.9230769230769231
1227,4.338058742778567,0.9615384615384616
1228,4.040208789547434,0.8846153846153846
1229,3.484139820309082,0.8461538461538461
1230,4.165637001447636,0.8846153846153846
1231,4.761771984763058,0.8461538461538461
1232,4.209855067564703,0.9615384615384616
1233,3.2680387777971407,0.8461538461538461
1234,3.76956139852818,0.8076923076923077
1235,3.196727256881408,0.8846153846153846
1236,4.148061016577032,0.8846153846153846
1237,3.2797371502469623,0.8076923076923077
1238,4.830507629765439,0.8461538461538461
1239,3.0687823287090383,0.8461538461538461
1240,4.010411166181045,0.9230769230769231
1241,3.8270342584446095,0.9230769230769231
1242,3.098733645443283,0.6923076923076923
1243,3.6727445493907123,0.6538461538461539
1244,4.97761621216098,0.7307692307692307
1245,3.1274757173970804,0.6538461538461539
1246,3.1430582967179967,0.6923076923076923
1247,2.95323589534398,0.6538461538461539
1248,3.5431945677993886,0.6923076923076923
1249,3.157740540815136,0.6538461538461539
1250,3.21265409489285,0.7307692307692307
1251,3.464034013694059,0.7307692307692307
1252,3.5933651192917107,0.7692307692307693
1253,4.044345900285452,0.8461538461538461
1254,4.120988269984484,0.7307692307692307
1255,3.830847176855234,0.6923076923076923
1256,3.850340715227096,0.7307692307692307
1257,4.187563485345715,0.7307692307692307
1258,4.189467779965232,0.7692307692307693
1259,3.26165499985209,0.7307692307692307
1260,3.6920093411482156,0.8076923076923077
1261,3.5455644264908384,0.7692307692307693
1262,3.6241845285266314,0.8846153846153846
1263,3.970048506557972,0.8846153846153846
1264,3.682547308109898,0.8461538461538461
1265,3.878716089228878,0.7692307692307693
1266,3.3603368005019565,0.8076923076923077
1267,3.588668384245613,0.7692307692307693
1268,3.7088352597857486,0.6153846153846154
1269,3.3523411876888627,0.6538461538461539
1270,3.1681420205466204,0.6538461538461539
1271,3.8591942011935045,0.8076923076923077
1272,3.66177949372745,0.7307692307692307
1273,3.660890624199911,0.6153846153846154
1274,3.479541814941658,0.6923076923076923
1275,4.247348556456241,0.7692307692307693
1276,3.7214777513251556,0.6538461538461539
1277,3.598824866336655,0.8461538461538461
1278,6.989343148539386,0.9230769230769231
1279,3.6013282063737964,0.7692307692307693
1280,3.2469189142548744,0.8461538461538461
1281,3.7848655617692435,0.8461538461538461
1282,3.63584360918346,0.7692307692307693
1283,3.924874034266421,0.7692307692307693
1284,3.749544264255876,0.8076923076923077
1285,4.529944191098397,0.8846153846153846
1286,3.969656815019792,0.8461538461538461
1287,3.589361300399921,0.8461538461538461
1288,4.0509620752399,0.7307692307692307
1289,4.032367455303794,0.7307692307692307
1290,4.586340255231674,0.9615384615384616
1291,3.4433093542213706,0.9230769230769231
1292,4.284431160399268,0.8076923076923077
1293,9.047825527958958,0.8846153846153846
1294,5.837372390631796,1.0
1295,4.019205438163185,1.0
1296,4.362947381941348,0.8076923076923077
1297,4.915546806102066,0.8461538461538461
1298,3.1269710812261975,0.8076923076923077
1299,4.1589332902771945,0.7307692307692307
1300,3.3430226439982285,0.8461538461538461
1301,3.431973503299755,0.6538461538461539
1302,4.9567161158584625,0.9615384615384616
1303,3.6575032852404554,0.7692307692307693
1304,3.701084339546413,0.6923076923076923
1305,4.166017100874303,0.7307692307692307
1306,4.164291431890105,0.7692307692307693
1307,3.6231851095221383,0.8076923076923077
1308,3.9275358224003223,0.9615384615384616
1309,4.417773183418313,0.8461538461538461
1310,3.8657115719186987,0.8461538461538461
1311,4.264486118192564,0.8076923076923077
1312,3.328878127731835,0.6538461538461539
1313,3.5152078611715845,0.7692307692307693
1314,4.153423503933599,0.8076923076923077
1315,4.028137127883189,0.7692307692307693
1316,4.157575833032315,0.8461538461538461
1317,4.162293228829324,0.8846153846153846
1318,3.8598831223841437,0.8076923076923077
1319,3.6756191961382068,0.8461538461538461
1320,4.117855278218273,0.8461538461538461
1321,3.9892013541152114,0.6923076923076923
1322,4.129633649335697,0.7692307692307693
1323,4.447510832295158,0.8461538461538461
1324,4.691849542209471,0.8461538461538461
1325,3.731646361270286,0.7307692307692307
1326,4.943666392321484,0.8461538461538461
1327,3.603066306494864,0.8461538461538461
1328,4.071438624591788,0.8461538461538461
1329,4.576147992172424,0.9615384615384616
1330,4.921720731394794,0.9230769230769231
1331,4.774166558157972,0.9615384615384616
1332,3.9680303331722278,0.7692307692307693
1333,4.029616959588838,0.8076923076923077
1334,3.8885171142428567,0.8076923076923077
1335,4.036148140238817,0.7307692307692307
1336,4.346775084033038,0.6538461538461539
1337,4.293130241628745,0.9230769230769231
1338,4.397275632845692,0.9615384615384616
1339,3.978990580648655,0.8846153846153846
1340,3.8695648069123307,0.9615384615384616
1341,4.330105017887638,0.9230769230769231
1342,4.046683715181389,0.9615384615384616
1343,3.3357878015735087,0.8461538461538461
1344,4.126994678882282,0.8461538461538461
1345,3.7460184198859654,0.8076923076923077
1346,4.100610281019089,0.8461538461538461
1347,3.9214942305775584,0.8076923076923077
1348,4.016156024058954,0.7692307692307693
1349,3.895179421914713,0.8076923076923077
1350,4.283715870599834,0.8461538461538461
1351,3.858774937276855,0.8846153846153846
1352,3.826205342407674,0.8846153846153846
1353,4.683241404791213,0.9230769230769231
1354,5.236492048821771,0.8461538461538461
1355,3.67818592115086,0.7307692307692307
1356,3.5539930835850324,0.9230769230769231
1357,3.839706272739063,0.8076923076923077
1358,3.826751908834568,0.8846153846153846
1359,4.732482526170745,0.8076923076923077
1360,4.638533726480556,0.9615384615384616
1361,4.714821356230999,0.9230769230769231
1362,3.8074248911410624,0.9230769230769231
1363,4.840008629010084,0.9615384615384616
1364,4.345606962564651,0.8846153846153846
1365,4.051944168524185,0.9230769230769231
1366,4.677126496967295,0.9230769230769231
1367,5.462078150774522,0.9615384615384616
1368,4.666954201505612,1.0
1369,4.198365940386689,0.9230769230769231
1370,5.2262103957075094,0.8461538461538461
1371,4.350229088144394,0.8846153846153846
1372,3.781109030756289,0.9230769230769231
1373,5.210500614223101,0.9230769230769231
1374,4.23411906510952,0.8076923076923077
1375,4.065795727393933,0.8846153846153846
1376,4.053793968657345,0.8846153846153846
1377,4.669307190338421,0.9230769230769231
1378,4.453632620917444,0.8076923076923077
1379,3.818912587400003,0.8461538461538461
1380,5.440373265799783,0.8461538461538461
1381,3.683347454877308,0.8461538461538461
1382,5.783626648389534,0.8076923076923077
1383,6.29558116862032,0.9615384615384616
1384,3.158929615009643,0.8076923076923077
1385,4.484724016192594,0.8846153846153846
1386,3.8086223119365736,0.7307692307692307
1387,4.0792265008170085,0.9230769230769231
1388,2.7919155226590076,0.7307692307692307
1389,2.573214394913318,0.7307692307692307
1390,2.9799957899021217,0.7692307692307693
1391,2.9627807723144777,0.7692307692307693
1392,4.128020015110968,0.8076923076923077
1393,2.7845944368591833,0.7307692307692307
1394,4.0091981912380925,0.8461538461538461
1395,2.7944660300226083,0.7307692307692307
1396,3.382366771518252,0.7307692307692307
1397,2.8163226773049908,0.6153846153846154
1398,3.5060551260697097,0.7692307692307693
1399,4.58332608354476,0.8461538461538461
1400,3.2568823017218707,0.5769230769230769
1401,3.8011131101297475,0.6923076923076923
1402,3.663118656038118,0.7307692307692307
1403,3.684745840270636,0.7692307692307693
1404,3.9583358808258895,0.7307692307692307
1405,3.6839675597184596,0.6923076923076923
1406,3.995824846716877,0.7307692307692307
1407,3.774118768059222,0.8076923076923077
1408,3.5261701893463924,0.8846153846153846
1409,3.4537900772838768,0.8461538461538461
1410,3.5699832927053556,0.8461538461538461
1411,4.215124308675399,0.8076923076923077
1412,4.030319145506253,0.8461538461538461
1413,4.088027919778681,0.7692307692307693
1414,4.383232939212141,0.8846153846153846
1415,5.065949915327973,0.8076923076923077
1416,3.9450253242748605,0.8461538461538461
1417,4.4119573141210555,0.8076923076923077
1418,3.496914843107832,0.7692307692307693
1419,3.669250444833341,0.9230769230769231
1420,3.4990149072519037,0.9615384615384616
1421,3.465795758174369,0.9230769230769231
1422,3.813039877266885,0.8846153846153846
1423,4.250748807270484,0.8846153846153846
1424,5.480559779454813,0.9230769230769231
1425,3.7481019617787203,0.8076923076923077
1426,4.3315548740460805,0.8076923076923077
1427,3.4208204228379526,0.8076923076923077
1428,3.931669133341604,0.8846153846153846
1429,4.608098518875149,0.8846153846153846
1430,3.7527393890394234,0.7307692307692307
1431,3.9287815557632064,0.8076923076923077
1432,3.9621082369386857,0.8461538461538461
1433,4.464258149131531,0.8076923076923077
1434,3.8165757250430197,0.9230769230769231
1435,3.9658500970320247,0.8076923076923077
1436,5.000090754692191,0.8846153846153846
1437,4.622977373621804,0.9230769230769231
1438,3.9611239143282972,0.8076923076923077
1439,4.0545907466333775,0.8846153846153846
1440,5.658617773191464,0.9230769230769231
1441,4.353598158146111,0.9230769230769231
1442,3.7651587130042787,0.8846153846153846
1443,4.007711772424669,0.8846153846153846
1444,4.892115244130338,0.9230769230769231
1445,3.7374143991493005,0.8846153846153846
1446,4.58490629622609,1.0
1447,5.90798766940252,0.8076923076923077
1448,3.9757142728344537,0.8461538461538461
1449,3.70297689682518,0.8846153846153846
1450,3.9105239485799235,0.8461538461538461
1451,4.091421891507005,0.8846153846153846
1452,3.635012202596288,0.8076923076923077
1453,3.7591490622095876,0.8076923076923077
1454,4.7230869210431345,0.8076923076923077
1455,5.378378207902196,0.6923076923076923
1456,3.8399931006281314,0.8461538461538461
1457,3.879845610827285,0.7692307692307693
1458,3.866799228958926,0.6923076923076923
1459,4.4018322885552355,0.8076923076923077
1460,3.975203676482401,0.7307692307692307
1461,3.7146248432387794,0.8461538461538461
1462,4.194111113342415,0.7307692307692307
1463,4.528360489229071,0.8461538461538461
1464,3.323789220946387,0.9230769230769231
1465,3.8054566553574074,0.8846153846153846
1466,3.559020825652797,0.8461538461538461
1467,5.529249666740336,0.8846153846153846
1468,4.196127180365543,0.9230769230769231
1469,4.161393050883964,0.8846153846153846
1470,3.907820857502537,0.8461538461538461
1471,4.154805377419075,0.8076923076923077
1472,4.3007856028014455,0.8461538461538461
1473,4.397603927597921,0.8846153846153846
1474,4.024413420749687,0.9230769230769231
1475,4.799318740046267,0.8846153846153846
1476,3.8324702064467524,0.8076923076923077
1477,4.109481189660025,0.8461538461538461
1478,4.271216142702793,0.8461538461538461
1479,5.2232297137061146,0.8846153846153846
1480,3.8070266899908303,0.8461538461538461
1481,3.424061459045599,0.8461538461538461
1482,3.202611755427165,0.8461538461538461
1483,3.456124272265603,0.8461538461538461
1484,3.917452478186789,0.9230769230769231
1485,3.38070355116114,0.9230769230769231
1486,3.968059813635524,0.8846153846153846
1487,4.529518156881235,0.7692307692307693
1488,3.6700838555014843,0.9230769230769231
1489,4.559688799495468,0.8461538461538461
1490,3.6667413924746484,0.8461538461538461
1491,4.7288953873634645,0.8076923076923077
1492,4.263079825821759,0.8461538461538461
1493,4.345900411717019,0.8076923076923077
1494,4.96557756434159,0.9230769230769231
1495,4.4821426734421514,0.8461538461538461
1496,4.4000715080909485,0.8461538461538461
1497,4.2544590515766805,0.8461538461538461
1498,3.9462436341368257,0.7692307692307693
1499,5.154333992331987,0.8461538461538461
1500,4.4919330974349965,0.8461538461538461
