# Trial 2: ath=0.0210  hd=300  reg=1.00e-02  a=0.3000  c=0.1000  L=11  best_er=0.2308
iter,loss,error_rate
1,2.8419242900579325,0.7692307692307693
2,2.6408684360458667,0.6923076923076923
3,3.1663167175157145,0.7307692307692307
4,2.6335558604553793,0.7307692307692307
5,2.6337360241854255,0.7307692307692307
6,2.7316723883416105,0.6923076923076923
7,2.341529949040396,0.6538461538461539
8,2.51427157006524,0.6923076923076923
9,2.4209297571849384,0.7692307692307693
10,3.413969821366959,0.8461538461538461
11,2.550876450203635,0.6923076923076923
12,2.7133420817597376,0.7307692307692307
13,2.685562277294544,0.7307692307692307
14,2.44883824277869,0.7307692307692307
15,2.211615412293212,0.6538461538461539
16,2.0627754333521215,0.6923076923076923
17,2.14072921407878,0.6923076923076923
18,1.9043191193819609,0.7307692307692307
19,2.062596112953302,0.7307692307692307
20,2.2441290511610323,0.6538461538461539
21,2.3751712338340756,0.6153846153846154
22,1.8255597694276158,0.6538461538461539
23,1.902668997956917,0.6538461538461539
24,2.2023403846737897,0.6153846153846154
25,2.181526937097823,0.6923076923076923
26,1.9685001391529742,0.6923076923076923
27,2.1933110003481926,0.6538461538461539
28,2.122399936124796,0.6153846153846154
29,2.0169416355148666,0.6923076923076923
30,1.9746396575276755,0.6153846153846154
31,2.211650064423746,0.5769230769230769
32,2.1560581893668544,0.5384615384615384
33,2.133162393168679,0.5384615384615384
34,1.8250912559353283,0.5384615384615384
35,2.006625396747849,0.5384615384615384
36,1.8212528977446936,0.5
37,1.8916302828840617,0.5769230769230769
38,2.078329773390002,0.6538461538461539
39,2.720208656224063,0.5769230769230769
40,1.8611240719306834,0.6153846153846154
41,1.9674200444040941,0.5384615384615384
42,2.1110220830634185,0.5769230769230769
43,2.0312740396633915,0.5769230769230769
44,1.806213140681978,0.5
45,1.8210794382636977,0.5384615384615384
46,1.6539610828201083,0.5769230769230769
47,1.6049489730867783,0.5384615384615384
48,1.7846859863708229,0.5769230769230769
49,1.4105742575060733,0.5384615384615384
50,1.3020696150276563,0.5769230769230769
51,1.5444758181876486,0.6153846153846154
52,1.6488573023886817,0.5769230769230769
53,1.4162865090083867,0.6153846153846154
54,1.6385837018641722,0.5769230769230769
55,1.6755477149354627,0.5769230769230769
56,1.7187060109421919,0.5769230769230769
57,2.0395297492001534,0.5384615384615384
58,1.9145546919189231,0.5
59,1.6717001174348725,0.5
60,2.091923791972316,0.5
61,1.7742349435017384,0.5384615384615384
62,1.7982659006256911,0.5384615384615384
63,1.5081783186243993,0.5384615384615384
64,1.6724359778316948,0.5
65,1.4349297939292434,0.5384615384615384
66,1.6025867911862082,0.46153846153846156
67,1.7481834935510523,0.4230769230769231
68,2.0095711000495093,0.5
69,1.9290078518840543,0.5769230769230769
70,1.7677574426934541,0.6153846153846154
71,1.8461212290544364,0.5
72,1.7151130608449456,0.5
73,1.7962788608385158,0.5
74,1.7295384076635003,0.5
75,1.589488546999326,0.5
76,1.4759241397279255,0.46153846153846156
77,1.57989473229682,0.46153846153846156
78,1.4308340692644577,0.5384615384615384
79,1.4690584899439432,0.46153846153846156
80,1.492994008142409,0.5769230769230769
81,1.8242448126239508,0.5769230769230769
82,1.7050235614283227,0.6538461538461539
83,1.7434073550549618,0.6923076923076923
84,1.7460388955663402,0.6153846153846154
85,1.9213763993037831,0.6153846153846154
86,1.610716906197308,0.6153846153846154
87,1.5326958612102182,0.6153846153846154
88,1.873200777668309,0.6153846153846154
89,1.5262473866830288,0.6153846153846154
90,1.4175255608123862,0.6923076923076923
91,1.7001333717376377,0.7692307692307693
92,1.6926486811868684,0.6923076923076923
93,1.5590605240176352,0.7307692307692307
94,1.5583903439694122,0.7307692307692307
95,1.4750547988586091,0.5769230769230769
96,1.310587600341675,0.6923076923076923
97,1.5842709988124293,0.6153846153846154
98,1.5829966992660296,0.6153846153846154
99,1.4566322744190785,0.6153846153846154
100,1.477996740374965,0.5769230769230769
101,1.3794061424252053,0.5
102,1.3704730240624214,0.5384615384615384
103,1.3163775364624057,0.5
104,1.184071729038552,0.38461538461538464
105,1.3805707913600473,0.38461538461538464
106,1.2946147141905384,0.46153846153846156
107,1.3907833146950783,0.46153846153846156
108,1.2303435416679696,0.5384615384615384
109,1.2895731530862111,0.6153846153846154
110,1.4086422888053054,0.6538461538461539
111,1.3761789768856647,0.6153846153846154
112,1.4674258176436434,0.6153846153846154
113,1.5646775019998325,0.6538461538461539
114,1.3552343674922924,0.5384615384615384
115,1.4131141203599475,0.6153846153846154
116,1.3489097987408503,0.6153846153846154
117,1.2998983437794753,0.5
118,1.5093755837213907,0.6923076923076923
119,1.4121170678040582,0.6923076923076923
120,1.5430953644547851,0.6153846153846154
121,1.5148945458654697,0.6923076923076923
122,1.4501289469337406,0.6538461538461539
123,1.5278803244240717,0.6153846153846154
124,1.4054240471044634,0.6153846153846154
125,1.2252885644487654,0.6538461538461539
126,1.2809564598683423,0.6538461538461539
127,1.5510893840582787,0.5769230769230769
128,1.4295095209006465,0.5769230769230769
129,1.3174474058176253,0.6153846153846154
130,1.2296261847485601,0.6153846153846154
131,1.4733169346442447,0.6153846153846154
132,1.4595210202398907,0.5384615384615384
133,1.37944823961677,0.5384615384615384
134,1.4287730609957174,0.5769230769230769
135,1.405608875300638,0.6923076923076923
136,1.3015940126191605,0.6153846153846154
137,1.2180633309722717,0.6153846153846154
138,1.165227759453768,0.5769230769230769
139,1.3961142370715933,0.5384615384615384
140,1.1373229026741822,0.6153846153846154
141,1.2830619343109693,0.5769230769230769
142,1.2507864197211642,0.6153846153846154
143,1.2325877634289242,0.5384615384615384
144,1.168788543966821,0.5
145,0.9691899017027334,0.5384615384615384
146,1.0399619309993602,0.5384615384615384
147,0.979277404516071,0.5769230769230769
148,0.7863940505903071,0.5
149,0.926945378554358,0.5384615384615384
150,0.9537668466055544,0.5
151,0.8910182908974318,0.5
152,0.8476549195008141,0.5384615384615384
153,1.0322936828186378,0.5
154,1.1879555336019871,0.5384615384615384
155,1.0894966793018872,0.5769230769230769
156,1.2041474995833248,0.5
157,0.9445450280925156,0.5384615384615384
158,0.9591355312012375,0.5384615384615384
159,0.8413181653430231,0.5
160,0.9461395088519282,0.5384615384615384
161,0.8524819494897624,0.5384615384615384
162,1.022083670892279,0.5384615384615384
163,0.9114781167308701,0.5
164,0.8519485687752266,0.5384615384615384
165,0.9010588697712345,0.46153846153846156
166,0.8442046429351038,0.4230769230769231
167,0.8002227555930257,0.38461538461538464
168,0.9202678281459371,0.4230769230769231
169,0.7417835310204275,0.46153846153846156
170,0.7855934333895287,0.38461538461538464
171,1.0216283427627526,0.46153846153846156
172,0.7948238283740139,0.4230769230769231
173,0.771201219098629,0.38461538461538464
174,0.7276951119523076,0.38461538461538464
175,0.7577234423232437,0.38461538461538464
176,0.7564040689307987,0.4230769230769231
177,0.7479245656320765,0.4230769230769231
178,0.6332044989965677,0.46153846153846156
179,0.6478525805241397,0.38461538461538464
180,0.7168587060056715,0.34615384615384615
181,0.6476534437049826,0.38461538461538464
182,0.5672525689620334,0.34615384615384615
183,0.8936556376086529,0.38461538461538464
184,0.4405934459323606,0.38461538461538464
185,0.6187739452483387,0.46153846153846156
186,0.6121408756492102,0.38461538461538464
187,0.5137474125833363,0.38461538461538464
188,0.5262234540327748,0.38461538461538464
189,0.5367359628096411,0.46153846153846156
190,0.49141227093770823,0.4230769230769231
191,0.4279477167360053,0.46153846153846156
192,0.4487235514378165,0.46153846153846156
193,0.518961698388404,0.4230769230769231
194,0.368705496154087,0.46153846153846156
195,0.4635295745729029,0.38461538461538464
196,0.44985642862911,0.4230769230769231
197,0.4691543255949835,0.3076923076923077
198,0.3344777233301808,0.34615384615384615
199,0.38786492807850426,0.46153846153846156
200,0.42721182655308,0.4230769230769231
201,0.39568421363502226,0.5
202,0.535326074792394,0.38461538461538464
203,0.40772471235449803,0.38461538461538464
204,0.42900760061937016,0.38461538461538464
205,0.4187704784005164,0.46153846153846156
206,0.3394127684392223,0.4230769230769231
207,0.35257927017794666,0.5
208,0.4385945034961276,0.38461538461538464
209,0.4128995254587555,0.46153846153846156
210,0.3355147852626099,0.46153846153846156
211,0.3878969155209018,0.46153846153846156
212,0.4588107765161351,0.46153846153846156
213,0.2889267145556009,0.46153846153846156
214,0.46141650216706065,0.5
215,0.6127239136447686,0.5
216,0.38375511612584257,0.5
217,0.3550454796449882,0.5
218,0.334698321264272,0.38461538461538464
219,0.30650939612049743,0.38461538461538464
220,0.30907119381937775,0.46153846153846156
221,0.3797001582829824,0.5
222,0.3507563005498353,0.46153846153846156
223,0.32469126267227866,0.38461538461538464
224,0.2453384320134906,0.4230769230769231
225,0.2156846405881736,0.4230769230769231
226,0.26153558908884467,0.38461538461538464
227,0.36492796180734155,0.46153846153846156
228,0.2584424828874856,0.46153846153846156
229,0.3298294990381101,0.34615384615384615
230,0.2939732554890888,0.34615384615384615
231,0.36577574276122293,0.38461538461538464
232,0.2803928003569509,0.34615384615384615
233,0.37085952148930046,0.34615384615384615
234,0.273279885493241,0.34615384615384615
235,0.3587169314442864,0.3076923076923077
236,0.37597828500486985,0.4230769230769231
237,0.37330183807996553,0.34615384615384615
238,0.29867780746624106,0.34615384615384615
239,0.26593044779649144,0.38461538461538464
240,0.26711638847114205,0.2692307692307692
241,0.32164532329619444,0.2692307692307692
242,0.33384213033489996,0.2692307692307692
243,0.3516947025995978,0.3076923076923077
244,0.33531713628856297,0.3076923076923077
245,0.39723768045666663,0.34615384615384615
246,0.2990575415828016,0.3076923076923077
247,0.23706326290658275,0.38461538461538464
248,0.1713689648490222,0.34615384615384615
249,0.2835210697059818,0.34615384615384615
250,0.11700072762086444,0.3076923076923077
251,0.1390272372784329,0.3076923076923077
252,0.2607383018410072,0.34615384615384615
253,0.17778673793560928,0.38461538461538464
254,0.08149336531232665,0.38461538461538464
255,0.31098941816786274,0.38461538461538464
256,0.20174439813239164,0.3076923076923077
257,0.16959616325752558,0.34615384615384615
258,0.21514931095481238,0.38461538461538464
259,0.20952187432516833,0.38461538461538464
260,0.18664806834624548,0.2692307692307692
261,0.08317347615569126,0.34615384615384615
262,0.21086419699219983,0.3076923076923077
263,0.1791495621803354,0.34615384615384615
264,0.12046691596097059,0.34615384615384615
265,0.19606336057311458,0.34615384615384615
266,0.20393290549975296,0.2692307692307692
267,0.10143529655242833,0.2692307692307692
268,0.22886494671776347,0.2692307692307692
269,0.17060344887787116,0.23076923076923078
270,0.15425770604667566,0.3076923076923077
271,0.18389223262624643,0.23076923076923078
272,0.1893070453846275,0.3076923076923077
273,0.1729970506915679,0.23076923076923078
274,0.1468037063604739,0.34615384615384615
275,0.1356964711499149,0.2692307692307692
276,0.29076787999535814,0.2692307692307692
277,0.17068835349468214,0.23076923076923078
278,0.155880302868316,0.3076923076923077
279,0.1337310037976076,0.2692307692307692
280,0.10606619893839309,0.3076923076923077
281,0.06379157634466104,0.3076923076923077
282,0.2056395211408235,0.2692307692307692
283,0.10603414890588736,0.2692307692307692
284,0.16597220119809908,0.2692307692307692
285,0.1820175195204965,0.2692307692307692
286,0.222383006369113,0.23076923076923078
287,0.049038752016159926,0.2692307692307692
288,0.14566308552561225,0.3076923076923077
289,0.1361479871862472,0.2692307692307692
290,0.2146144733902977,0.3076923076923077
291,0.11316723063979817,0.2692307692307692
292,0.039928858116052623,0.2692307692307692
293,0.07359375624584708,0.2692307692307692
294,0.13721820336399349,0.2692307692307692
295,0.0551002872389752,0.2692307692307692
296,0.12335658830042107,0.2692307692307692
297,0.0911656041535771,0.2692307692307692
298,0.1546368703759744,0.23076923076923078
299,0.10119820340395336,0.2692307692307692
300,0.21854762373376202,0.2692307692307692
301,0.4358003184102932,0.23076923076923078
302,0.9967102347525905,0.34615384615384615
303,3.588060781192138,0.5769230769230769
304,0.49834794421004114,0.2692307692307692
305,1.53327324861375,0.38461538461538464
306,0.6604851161333745,0.2692307692307692
307,0.6725632774269981,0.3076923076923077
308,1.7020929509697307,0.5
309,1.726237466303405,0.38461538461538464
310,3.182045641278547,0.5769230769230769
311,0.5820076304454922,0.3076923076923077
312,0.836931099923591,0.38461538461538464
313,2.5314841678187228,0.6923076923076923
314,1.0508674821176704,0.3076923076923077
315,1.986770608953659,0.5384615384615384
316,3.4794805438653906,0.8461538461538461
317,2.1678358925340127,0.46153846153846156
318,3.592391310260678,0.6923076923076923
319,2.490122794073262,0.5769230769230769
320,1.962927953408832,0.38461538461538464
321,2.777358527084761,0.5769230769230769
322,1.2145999434430363,0.46153846153846156
323,1.442545819817207,0.46153846153846156
324,2.3641588286066213,0.5
325,2.141915789658762,0.5
326,2.4250719703600323,0.5
327,1.8395917151402463,0.34615384615384615
328,3.4143347867363962,0.6538461538461539
329,1.9687506503509145,0.46153846153846156
330,3.9114001075232636,0.6538461538461539
331,2.64283625474369,0.38461538461538464
332,2.4033616322465585,0.5
333,4.206769415873868,1.0
334,4.076807913561742,0.7692307692307693
335,2.951524225539867,0.5384615384615384
336,3.633142917891033,0.7307692307692307
337,2.53771084758385,0.5384615384615384
338,5.067800164287098,0.9230769230769231
339,3.0992646358685865,0.7307692307692307
340,2.260034435393942,0.5
341,2.449407515032513,0.5769230769230769
342,2.820703342069591,0.5769230769230769
343,1.7577240771788971,0.34615384615384615
344,4.457023390380016,0.8846153846153846
345,3.151615362583707,0.5384615384615384
346,3.845150816992292,0.9615384615384616
347,1.8233276940630532,0.4230769230769231
348,3.5668432846133715,0.7307692307692307
349,2.542840290577452,0.5769230769230769
350,3.2295342442213686,0.5769230769230769
351,3.720136252430597,0.7692307692307693
352,1.7923230787278401,0.46153846153846156
353,2.7466872294048805,0.46153846153846156
354,3.0923644608325604,0.6538461538461539
355,2.2347119967108355,0.7307692307692307
356,2.2750729712302435,0.38461538461538464
357,1.9340827337205149,0.5769230769230769
358,1.6388672489213176,0.38461538461538464
359,2.5665948597348485,0.6923076923076923
360,2.5378966176466675,0.7692307692307693
361,2.871693632546447,0.6923076923076923
362,1.5706658438538026,0.38461538461538464
363,1.2530337238466758,0.23076923076923078
364,1.7061416590518914,0.34615384615384615
365,1.082028020502904,0.38461538461538464
366,1.5781667636977423,0.3076923076923077
367,2.9706348958799156,0.6153846153846154
368,1.4374621713674842,0.34615384615384615
369,4.236797541151598,0.8461538461538461
370,1.6170244769600028,0.34615384615384615
371,3.7656521988744984,0.8461538461538461
372,2.5237222272078315,0.5384615384615384
373,1.5341816113701356,0.34615384615384615
374,3.3486526058078674,0.8846153846153846
375,2.5753227066282727,0.5384615384615384
376,2.331554861312529,0.5
377,1.3893912323266044,0.46153846153846156
378,2.637539076620783,0.5384615384615384
379,4.446663674548209,0.8076923076923077
380,2.051590344535845,0.46153846153846156
381,1.9747654563683752,0.4230769230769231
382,1.4513009293589785,0.34615384615384615
383,1.6832320667289449,0.46153846153846156
384,3.931059690203975,0.7692307692307693
385,3.267224376731332,0.7307692307692307
386,4.348630224677896,0.8461538461538461
387,1.8358660473827226,0.5
388,1.5161030849352408,0.3076923076923077
389,3.925433622929538,0.7692307692307693
390,2.4142209633284266,0.5
391,3.5603483202343167,0.8461538461538461
392,1.944066245326982,0.4230769230769231
393,2.5915300486887283,0.6538461538461539
394,3.5319415389800173,0.7307692307692307
395,2.309969046390276,0.5384615384615384
396,2.7979370921222104,0.6538461538461539
397,4.431821333082904,0.8846153846153846
398,4.070470022196654,0.9230769230769231
399,3.4012080141613796,0.6923076923076923
400,2.025095462117279,0.5384615384615384
401,1.3064625463120043,0.5
402,2.3507353953228423,0.6923076923076923
403,2.8449380794065737,0.6153846153846154
404,4.529201662859259,0.8846153846153846
405,3.4756969689339785,0.7307692307692307
406,2.922435343449912,0.8076923076923077
407,3.41675192070053,0.7692307692307693
408,3.9303910967960274,0.7307692307692307
409,2.0627760034615004,0.6538461538461539
410,2.7793346346590595,0.8461538461538461
411,3.1578748829892787,0.6153846153846154
412,1.6133227126538003,0.6923076923076923
413,1.9735261225554854,0.5769230769230769
414,3.960490913715389,0.7692307692307693
415,1.5610757099887724,0.5769230769230769
416,3.440165599730183,0.8076923076923077
417,2.926161958539753,0.8846153846153846
418,4.309249193719146,0.8461538461538461
419,4.0262575051930485,0.8846153846153846
420,4.219844974939834,0.8461538461538461
421,3.532620528385121,0.5769230769230769
422,3.8486599074168635,0.8076923076923077
423,2.164833285368641,0.7307692307692307
424,4.311053348671577,0.8461538461538461
425,2.8564523662675487,0.7307692307692307
426,3.8307131338910403,0.8461538461538461
427,3.608607300856493,0.6153846153846154
428,3.0328926244243717,0.7307692307692307
429,3.8799005576165597,0.8461538461538461
430,3.4877896068096326,0.7307692307692307
431,3.7022860710520717,0.9615384615384616
432,3.0875732577236943,0.6153846153846154
433,3.5280455142457994,0.7692307692307693
434,3.0491890956334387,0.8076923076923077
435,4.173075930226604,0.7692307692307693
436,4.249719655666232,0.6923076923076923
437,3.933903944797139,0.8461538461538461
438,2.2339458152059413,0.6923076923076923
439,3.950887623923018,0.6923076923076923
440,2.715655174212255,0.5769230769230769
441,1.6180245975598067,0.6923076923076923
442,4.2104950556366365,0.8076923076923077
443,2.0648350250695806,0.6153846153846154
444,4.392601361317511,0.8846153846153846
445,3.5242478982206777,0.6153846153846154
446,2.9819893458321043,0.6538461538461539
447,3.992320762303678,0.7307692307692307
448,4.310150859566093,0.7692307692307693
449,3.6959769718255164,0.7307692307692307
450,3.389598621747135,0.6923076923076923
451,4.711237276130963,0.8846153846153846
452,3.4951308436726327,0.7692307692307693
453,1.9332925462782011,0.6153846153846154
454,2.154717935337278,0.6153846153846154
455,3.174129909623994,0.6923076923076923
456,1.8958796220208878,0.5769230769230769
457,2.926311470006765,0.6923076923076923
458,2.7675204405046876,0.7692307692307693
459,3.9087859937180514,0.8076923076923077
460,4.028079405721186,0.8846153846153846
461,3.772365265933185,0.8076923076923077
462,3.3044075129919364,0.8076923076923077
463,3.59632242820208,0.8461538461538461
464,3.3328147675979736,0.6153846153846154
465,3.664602591687899,0.8461538461538461
466,2.3500507959325216,0.6923076923076923
467,3.2230733449166724,0.6923076923076923
468,2.676440290550519,0.6923076923076923
469,3.1294955951367625,0.6538461538461539
470,3.3550741401900637,0.7307692307692307
471,3.976379337579855,0.8846153846153846
472,4.34494847882958,0.7307692307692307
473,3.771423858519791,0.7307692307692307
474,3.4316742177195083,0.6538461538461539
475,2.2744397830217213,0.6538461538461539
476,3.6207698114396125,0.8461538461538461
477,4.18607612604521,0.8076923076923077
478,2.2560010363248733,0.6153846153846154
479,3.4594724163622734,0.7692307692307693
480,2.4746852254633587,0.7692307692307693
481,2.8882296765201474,0.7307692307692307
482,3.9938045827137856,0.8461538461538461
483,3.6577831772734206,0.8076923076923077
484,2.684338626886827,0.7307692307692307
485,2.897927414942397,0.6923076923076923
486,3.924240102391148,0.8461538461538461
487,3.0611423476165394,0.7307692307692307
488,2.306699035080336,0.6538461538461539
489,2.1644747520067886,0.6923076923076923
490,2.6997212239689174,0.6923076923076923
491,3.913117226753151,0.8076923076923077
492,3.294493986547501,0.7307692307692307
493,2.497546290750211,0.6153846153846154
494,3.488728409099503,0.6538461538461539
495,2.815908353349927,0.6923076923076923
496,3.01453882924768,0.6153846153846154
497,2.419148085066197,0.5
498,4.307630003674251,0.8461538461538461
499,4.544894042937471,0.9230769230769231
500,2.819473347670515,0.6923076923076923
501,2.7291207934975468,0.6153846153846154
502,2.8149784412338628,0.6538461538461539
503,3.6609703222889585,0.7307692307692307
504,3.9726287787557215,0.8461538461538461
505,3.841446249294523,0.6538461538461539
506,4.297729914318245,0.7692307692307693
507,2.5517320237676815,0.6153846153846154
508,2.8143628213155827,0.6923076923076923
509,2.4004385395031766,0.5769230769230769
510,2.9929221452265793,0.5384615384615384
511,2.515027211425705,0.6923076923076923
512,2.5791028992056377,0.5
513,4.128022564414178,0.7692307692307693
514,2.501325099948582,0.6923076923076923
515,3.1790563504128,0.8076923076923077
516,3.1641427960030435,0.6538461538461539
517,3.2695608588970337,0.6923076923076923
518,4.129269691672878,0.8076923076923077
519,3.968469078649542,0.7692307692307693
520,3.1484845186213075,0.5769230769230769
521,3.131498641374689,0.6153846153846154
522,3.7170179939848547,0.7692307692307693
523,2.5206267198930714,0.6153846153846154
524,2.9985537444146972,0.5769230769230769
525,2.975170644112713,0.5769230769230769
526,3.7157446181360787,0.6153846153846154
527,2.7772711572328985,0.6153846153846154
528,2.8237845224651736,0.5384615384615384
529,3.4250038412986834,0.8846153846153846
530,3.85336949835347,0.6923076923076923
531,4.539586358728833,0.8076923076923077
532,2.9661171955797085,0.7307692307692307
533,3.376715259201807,0.7307692307692307
534,3.362033542405975,0.8076923076923077
535,3.2188903148970303,0.5769230769230769
536,3.574396523239105,0.8076923076923077
537,3.679074408621347,0.7307692307692307
538,3.7770565566461034,0.8461538461538461
539,4.279613507756157,0.9615384615384616
540,3.5445140845118623,0.6923076923076923
541,2.841599928186259,0.7307692307692307
542,4.414279766168958,0.8461538461538461
543,3.1711537545152693,0.7692307692307693
544,3.472562364422447,0.7307692307692307
545,4.3485060262279545,0.8461538461538461
546,1.8878437281751346,0.5384615384615384
547,4.207147999871156,0.6538461538461539
548,2.854158449518274,0.5769230769230769
549,2.0506070296953958,0.5769230769230769
550,3.24524341958128,0.7692307692307693
551,3.4624130179714996,0.8076923076923077
552,3.1992465546928845,0.7692307692307693
553,3.3155899506022126,0.8846153846153846
554,2.0400078538272166,0.6153846153846154
555,3.5627667861305543,0.5769230769230769
556,2.1859567097367147,0.5769230769230769
557,3.8826677299024093,0.7692307692307693
558,3.303581369832472,0.6923076923076923
559,3.8611742566990785,0.7307692307692307
560,4.083753051269458,0.8076923076923077
561,3.3206162708933467,0.7307692307692307
562,2.508064917297167,0.6153846153846154
563,1.8493091968045996,0.6153846153846154
564,1.9481319341974717,0.5
565,2.4179379445521203,0.6153846153846154
566,2.2282679997462873,0.5384615384615384
567,1.7587608625654285,0.5
568,2.5309521176103145,0.6153846153846154
569,1.7501687061622229,0.5769230769230769
570,2.5589393697918705,0.5769230769230769
571,3.060919246147276,0.7307692307692307
572,3.5816177824000732,0.8846153846153846
573,2.0606888975517066,0.5384615384615384
574,1.9205567103416752,0.6923076923076923
575,3.371989861499263,0.7692307692307693
576,2.254814552003833,0.5384615384615384
577,2.6908218704497644,0.7692307692307693
578,3.727233635660941,0.8076923076923077
579,2.9603019902714283,0.7692307692307693
580,2.8600033297221725,0.6923076923076923
581,3.499839819347836,0.8846153846153846
582,2.894402012407527,0.6153846153846154
583,4.470742567732432,0.8076923076923077
584,2.4964860834008245,0.6923076923076923
585,2.096531201025156,0.7307692307692307
586,3.104184160115774,0.8461538461538461
587,4.295555855927784,0.8846153846153846
588,2.329156984374669,0.6923076923076923
589,3.181474108847635,0.8461538461538461
590,3.196158308309392,0.8076923076923077
591,1.9634160881753473,0.6923076923076923
592,2.2345344746165843,0.7692307692307693
593,3.398185435680818,0.8461538461538461
594,3.8328128410033195,0.7307692307692307
595,3.347168028915097,0.8461538461538461
596,4.827267272787306,0.8846153846153846
597,3.3005264360176634,0.7692307692307693
598,3.047261141410559,0.7307692307692307
599,3.719270534525611,0.8461538461538461
600,3.086056225361352,0.6153846153846154
601,3.597978345395066,0.8076923076923077
602,3.6651455022988775,0.8846153846153846
603,4.661957664126971,0.9230769230769231
604,3.3771892830434105,0.7692307692307693
605,2.942090493007982,0.8461538461538461
606,4.223286479553187,0.8076923076923077
607,2.8400763862919565,0.6153846153846154
608,4.347485355936281,0.8076923076923077
609,3.053266129474056,0.7692307692307693
610,2.8793691720141292,0.7307692307692307
611,3.266749411309377,0.6153846153846154
612,3.6688519003697,0.7307692307692307
613,2.8099709418493064,0.7307692307692307
614,3.1356156529101185,0.6923076923076923
615,3.0009962602537414,0.8461538461538461
616,3.3926253525405823,0.6538461538461539
617,2.3858062004748177,0.6538461538461539
618,2.934143998931188,0.7692307692307693
619,2.798801020131638,0.6538461538461539
620,4.2106685905752945,0.7307692307692307
621,2.9466268935862363,0.6538461538461539
622,2.491412777085393,0.6538461538461539
623,3.5756484222905183,0.7692307692307693
624,2.836494139559545,0.6538461538461539
625,2.8988671445571605,0.6153846153846154
626,2.6029998604410967,0.7307692307692307
627,2.968642895606216,0.6153846153846154
628,3.488932374387014,0.8461538461538461
629,3.5244505649156816,0.8461538461538461
630,3.1271783583619723,0.8846153846153846
631,3.801010998279648,0.8076923076923077
632,4.442635712949861,0.8461538461538461
633,3.298609806392572,0.8076923076923077
634,3.0189525753054953,0.8461538461538461
635,3.1464700064073705,0.6923076923076923
636,2.954222605390628,0.6153846153846154
637,3.7485630643401735,0.7692307692307693
638,4.0042536866504435,0.8846153846153846
639,3.733302657199102,0.8461538461538461
640,3.118906934020285,0.7307692307692307
641,3.143779137218161,0.7307692307692307
642,2.407183963822834,0.8076923076923077
643,3.189843715039376,0.8076923076923077
644,3.317071654756165,0.9230769230769231
645,4.363596756906197,0.8076923076923077
646,2.7895947659573177,0.8846153846153846
647,2.8566984284154717,0.7307692307692307
648,2.6060363169139236,0.7307692307692307
649,3.5799081799891024,0.7692307692307693
650,3.268203236151449,0.7692307692307693
651,3.5400846233989323,0.8846153846153846
652,3.2908431740568664,0.8076923076923077
653,4.038754699690553,0.7692307692307693
654,3.8860516181076714,0.6923076923076923
655,3.3652806267289854,0.7692307692307693
656,3.070621072994416,0.6923076923076923
657,3.290856307303364,0.7692307692307693
658,3.1965171912559587,0.6923076923076923
659,3.0905072897817503,0.6923076923076923
660,3.7065930388215316,0.8461538461538461
661,2.9987673530851984,0.6538461538461539
662,3.7056785972892943,0.9230769230769231
663,2.6732265499838266,0.8461538461538461
664,3.854169034505394,0.7307692307692307
665,3.0457521230017246,0.7692307692307693
666,3.176554803957006,0.8461538461538461
667,3.205347405518443,0.7307692307692307
668,3.299114969659836,0.7307692307692307
669,3.317824886672558,0.6538461538461539
670,3.089283358153101,0.6538461538461539
671,3.6192229890594354,0.8846153846153846
672,3.053255431190837,0.6923076923076923
673,2.8126316037850856,0.8076923076923077
674,3.076503262767084,0.7307692307692307
675,3.0846961722505277,0.7692307692307693
676,3.115112983969209,0.7692307692307693
677,4.0456566904788955,0.7692307692307693
678,3.180948906186196,0.6923076923076923
679,3.29118858858699,0.6538461538461539
680,3.671575093332498,0.7692307692307693
681,3.940076616591924,0.8076923076923077
682,3.703276287994825,0.7307692307692307
683,3.6350454914007244,0.6923076923076923
684,3.0507775186343493,0.7307692307692307
685,2.83919428390746,0.7692307692307693
686,2.4322797518852477,0.6923076923076923
687,2.5382588384239653,0.7692307692307693
688,2.4664045566952995,0.8076923076923077
689,2.712006996940916,0.7692307692307693
690,2.9934429701218654,0.8461538461538461
691,3.332293236013739,0.7692307692307693
692,3.3480037036322967,0.7692307692307693
693,3.2997092082936814,0.6923076923076923
694,3.248072842427042,0.8846153846153846
695,2.996984669509312,0.7692307692307693
696,3.8939456291851977,0.7692307692307693
697,4.200541074747681,0.8076923076923077
698,3.398127239257036,0.7307692307692307
699,3.0316417420379937,0.8461538461538461
700,3.1087260376758996,0.7307692307692307
701,2.8555101840483017,0.7692307692307693
702,2.81862252620506,0.6923076923076923
703,2.786861760325568,0.7307692307692307
704,3.3134112311362385,0.8076923076923077
705,2.9087291919782183,0.7692307692307693
706,4.146741907202399,0.8461538461538461
707,3.69580876606848,0.7307692307692307
708,4.172971566508623,0.7692307692307693
709,2.79317831638219,0.8076923076923077
710,4.365205691554722,0.7307692307692307
711,2.991970631940391,0.7692307692307693
712,2.8422061391607674,0.7307692307692307
713,3.389584594016653,0.5769230769230769
714,3.367028875752244,0.6923076923076923
715,3.5604729153667507,0.6923076923076923
716,2.658294314648698,0.7692307692307693
717,2.824193365500128,0.7307692307692307
718,3.896947109338225,0.7692307692307693
719,2.7393512786914638,0.6923076923076923
720,2.8704017430336193,0.6923076923076923
721,4.014987891212995,0.7692307692307693
722,3.1330683448114494,0.6538461538461539
723,3.389396967857797,0.7307692307692307
724,3.2182497836750077,0.6923076923076923
725,3.19726550923044,0.7307692307692307
726,3.4559286285438273,0.7692307692307693
727,3.639991811495594,0.7692307692307693
728,3.5428907284549123,0.7692307692307693
729,3.8201409501782053,0.7307692307692307
730,3.5383978691955864,0.7307692307692307
731,3.458562096438338,0.7307692307692307
732,3.174682444612904,0.7307692307692307
733,3.0548152153123853,0.7692307692307693
734,3.4889288271781935,0.7692307692307693
735,2.9436932451533195,0.5384615384615384
736,3.777032969758311,0.7692307692307693
737,2.9801651088784102,0.6153846153846154
738,2.618947584081205,0.5769230769230769
739,3.5750048002948214,0.7307692307692307
740,2.7880545610488587,0.6153846153846154
741,3.12511058904372,0.6153846153846154
742,2.990137037237008,0.6923076923076923
743,3.0831411393189514,0.6538461538461539
744,2.6550906694240366,0.6923076923076923
745,3.4950528786479893,0.6923076923076923
746,3.43726743310429,0.6538461538461539
747,3.8016927239111604,0.6538461538461539
748,3.1803439480387268,0.6153846153846154
749,4.472594762011898,0.8846153846153846
750,3.157813905060884,0.6538461538461539
751,2.373617377867305,0.6538461538461539
752,2.8683281252001054,0.6538461538461539
753,2.874248965633975,0.6538461538461539
754,2.2330031255103258,0.5384615384615384
755,2.729060340790595,0.7307692307692307
756,2.450485939767275,0.6153846153846154
757,2.648074600946875,0.5
758,2.9720679559575656,0.6923076923076923
759,2.672136396818313,0.5769230769230769
760,3.8884708605539524,0.8076923076923077
761,3.1167746994299765,0.6923076923076923
762,3.085196387283921,0.6153846153846154
763,2.4822270492706577,0.46153846153846156
764,2.728994395187726,0.6153846153846154
765,2.514406060966792,0.8076923076923077
766,3.327083715383056,0.8076923076923077
767,3.145557942548563,0.9230769230769231
768,2.8497818392846574,0.8461538461538461
769,2.238449084391172,0.7307692307692307
770,2.474140706507596,0.6538461538461539
771,3.6150480316245424,0.8076923076923077
772,3.436619752995464,0.7692307692307693
773,2.7320152799245205,0.8076923076923077
774,2.590193601086109,0.7692307692307693
775,4.065884703471146,0.8461538461538461
776,3.296647133581101,0.8461538461538461
777,2.7754408117837563,0.7307692307692307
778,2.7477646507777402,0.7307692307692307
779,3.029067256834715,0.7307692307692307
780,2.9598169231989684,0.6923076923076923
781,2.9010865923328817,0.6923076923076923
782,3.3810530255710702,0.8461538461538461
783,3.566072671957711,0.8461538461538461
784,3.266260479393888,0.9615384615384616
785,3.3891140896956813,0.7692307692307693
786,3.5118046304963317,0.8076923076923077
787,4.9413685841147785,0.8846153846153846
788,3.3627137786461714,0.7692307692307693
789,3.053591063752129,0.8846153846153846
790,4.1109323665114035,0.9230769230769231
791,3.4331699780949156,0.6923076923076923
792,4.2452878506306195,0.8076923076923077
793,3.126894770137295,0.8461538461538461
794,3.4561584252239705,0.7692307692307693
795,3.5364412865500414,0.7692307692307693
796,3.715064816164056,0.8076923076923077
797,3.367939055543811,0.5769230769230769
798,4.191152513143424,0.7307692307692307
799,4.286718899005635,0.8076923076923077
800,4.323766522095182,0.8461538461538461
