# Trial 5: ath=0.0206  reg=4.01e-03  hd=700  L=11  best_er=0.2692
iter,loss,error_rate
1,3.4272065646667165,0.7692307692307693
2,3.6347098132197955,0.7692307692307693
3,4.2089155540213135,0.7307692307692307
4,3.797828393420605,0.8076923076923077
5,3.8569636490587964,0.8076923076923077
6,3.4848457170424023,0.8461538461538461
7,3.3545925623640827,0.8076923076923077
8,4.3787582074655855,0.8076923076923077
9,4.104515748673358,0.8461538461538461
10,3.8483730673138536,0.8076923076923077
11,3.326348697394746,0.8461538461538461
12,4.067662972588296,0.8846153846153846
13,4.347825325186445,0.7692307692307693
14,3.85110678077707,0.8846153846153846
15,3.992792196962122,0.8461538461538461
16,3.4768007818375346,0.8461538461538461
17,3.6658629214893494,0.8076923076923077
18,3.504342921295308,0.8076923076923077
19,3.8443958840944816,0.7692307692307693
20,3.8374584478226628,0.8461538461538461
21,3.947319168335506,0.8461538461538461
22,3.447628233574358,0.8461538461538461
23,3.5577895515936317,0.6923076923076923
24,3.3088021882986505,0.7307692307692307
25,3.766647188254161,0.7692307692307693
26,3.836401561663224,0.6538461538461539
27,3.626670228789893,0.8076923076923077
28,3.486704982486753,0.7692307692307693
29,3.53051517996159,0.8076923076923077
30,3.288783343345095,0.8076923076923077
31,3.5952377782317266,0.9230769230769231
32,3.5080119078326852,0.8076923076923077
33,3.301173321356578,0.8846153846153846
34,3.501262411276164,0.8461538461538461
35,3.390066884917435,0.8076923076923077
36,3.4174333029968094,0.7692307692307693
37,3.1836916078689583,0.7692307692307693
38,3.603690325212786,0.6538461538461539
39,3.320200335355802,0.7307692307692307
40,3.4016345937985166,0.8461538461538461
41,3.333956991999673,0.8461538461538461
42,3.3567459711836136,0.7692307692307693
43,3.1543704387799476,0.7692307692307693
44,2.9377030897304137,0.7692307692307693
45,3.3836095915165902,0.7307692307692307
46,3.530208581350018,0.8461538461538461
47,3.073123834481865,0.8461538461538461
48,3.110232633890873,0.8461538461538461
49,3.1796095908383215,0.8076923076923077
50,3.575264663264848,0.7307692307692307
51,3.651413540461063,0.7692307692307693
52,3.5932526785915053,0.6538461538461539
53,3.5959805404741276,0.6923076923076923
54,3.3086058275674994,0.7307692307692307
55,3.385817485575194,0.8076923076923077
56,3.3836556085333624,0.7692307692307693
57,3.2141145892779877,0.8461538461538461
58,3.303451118388953,0.7692307692307693
59,3.5846934398611965,0.7692307692307693
60,3.162554659436224,0.6923076923076923
61,3.607806834207815,0.8076923076923077
62,3.3647315318706896,0.7692307692307693
63,3.627273897593221,0.6923076923076923
64,3.1971857644768633,0.8076923076923077
65,3.181869813759017,0.6923076923076923
66,3.5274863934662735,0.8076923076923077
67,3.4922402772900556,0.6923076923076923
68,3.200242858144119,0.7692307692307693
69,3.4711311840016927,0.7692307692307693
70,3.110304259314025,0.7692307692307693
71,3.694342473258854,0.8461538461538461
72,3.5628446740667865,0.6923076923076923
73,3.509290762525424,0.7307692307692307
74,3.0667895080471035,0.6923076923076923
75,3.33301239784486,0.6538461538461539
76,3.0280090519896086,0.6923076923076923
77,3.629664834929523,0.6923076923076923
78,3.3814822499039043,0.6538461538461539
79,3.191456513751247,0.6923076923076923
80,3.1755711000957088,0.6923076923076923
81,3.0769904852601555,0.8076923076923077
82,3.361400246015848,0.6923076923076923
83,3.0786072720140645,0.7692307692307693
84,3.0831025523473214,0.7307692307692307
85,3.430797142624463,0.5384615384615384
86,2.7763563875443484,0.6923076923076923
87,3.076963036214194,0.7307692307692307
88,2.9743153082708793,0.7307692307692307
89,3.1917665741446197,0.6538461538461539
90,3.2176231950936245,0.6538461538461539
91,3.5387201778704447,0.6538461538461539
92,3.0685455902879712,0.8076923076923077
93,2.764454536417967,0.6538461538461539
94,2.9681019087849014,0.6153846153846154
95,3.0887433212287223,0.6538461538461539
96,3.1792484654540067,0.5384615384615384
97,3.428250899561638,0.6153846153846154
98,3.135271134687292,0.5769230769230769
99,3.026460824302866,0.6538461538461539
100,2.7657326882776756,0.6538461538461539
101,3.1192753281759225,0.6538461538461539
102,3.024366862865426,0.5769230769230769
103,3.218213070592271,0.5
104,3.0952341334573497,0.6153846153846154
105,3.209489030142378,0.6923076923076923
106,2.8827481299258135,0.5769230769230769
107,3.037682649675987,0.5769230769230769
108,2.5947874787356913,0.6923076923076923
109,2.9629053360831294,0.5384615384615384
110,2.9556311848912102,0.6153846153846154
111,2.611341598548489,0.6923076923076923
112,2.857649694907603,0.6923076923076923
113,2.677003524496442,0.6538461538461539
114,2.636053160615335,0.6538461538461539
115,3.1274810317487383,0.6153846153846154
116,2.8686820170355496,0.6153846153846154
117,2.6331110144800842,0.5769230769230769
118,2.641201034068605,0.5384615384615384
119,2.9620384679678216,0.5769230769230769
120,2.8883704196343354,0.5769230769230769
121,3.129868900526081,0.5769230769230769
122,2.6450625925118336,0.6923076923076923
123,2.8314295918993597,0.6923076923076923
124,2.7822505693110555,0.6538461538461539
125,2.8739635748299497,0.6153846153846154
126,2.9259385125257076,0.6923076923076923
127,2.691295976967707,0.5769230769230769
128,3.020637133198564,0.6153846153846154
129,2.727786823168965,0.6153846153846154
130,2.8840140080087138,0.6153846153846154
131,2.9587983208085173,0.5769230769230769
132,2.771369439968385,0.6538461538461539
133,2.994191751906526,0.6153846153846154
134,2.4697869147139886,0.5769230769230769
135,2.7947848007137983,0.6153846153846154
136,3.0196568402785844,0.46153846153846156
137,2.5221070911008137,0.5769230769230769
138,2.6445933460159137,0.6153846153846154
139,2.59156085150411,0.6153846153846154
140,2.3563115160447694,0.6923076923076923
141,2.7385383921274467,0.5
142,2.795837089590106,0.5769230769230769
143,2.8214769747589417,0.6153846153846154
144,2.894808065944566,0.6153846153846154
145,3.1134827355146975,0.6153846153846154
146,2.8415976653179866,0.6923076923076923
147,2.736489969794305,0.6153846153846154
148,2.625695460864601,0.5769230769230769
149,2.6981805699618784,0.6538461538461539
150,2.514843926868417,0.6923076923076923
151,2.458462053576814,0.6153846153846154
152,2.1053466262113103,0.6923076923076923
153,2.8751163973437373,0.6153846153846154
154,2.2896881119755332,0.6538461538461539
155,2.5735939524552722,0.6923076923076923
156,3.2002891645760636,0.6153846153846154
157,2.2060565265064933,0.6538461538461539
158,2.6203814904027594,0.5769230769230769
159,2.6045826343876337,0.6153846153846154
160,2.588277022885271,0.6153846153846154
161,2.4185286241880664,0.6923076923076923
162,2.8837094504608984,0.6153846153846154
163,2.337647663780091,0.5384615384615384
164,2.3969654249646233,0.5384615384615384
165,2.235352987396598,0.5769230769230769
166,2.5932329266218908,0.5384615384615384
167,2.7029128494453323,0.6153846153846154
168,2.4438962856794664,0.6153846153846154
169,2.6625864557132024,0.6923076923076923
170,3.0274508491166463,0.6153846153846154
171,2.9217890541775526,0.6538461538461539
172,2.723271831400611,0.6538461538461539
173,2.322146666341139,0.6538461538461539
174,2.386111404635713,0.6153846153846154
175,2.424827969955981,0.5769230769230769
176,2.300844589873204,0.5769230769230769
177,2.548263196468817,0.6153846153846154
178,2.1922970708092393,0.6153846153846154
179,2.2748954511458743,0.5384615384615384
180,2.4942327940178304,0.6538461538461539
181,2.048368157231674,0.6153846153846154
182,2.748215129766889,0.6923076923076923
183,2.280348407681551,0.6153846153846154
184,2.4653733385467493,0.6153846153846154
185,2.5989779777480626,0.5769230769230769
186,2.417299781600248,0.6538461538461539
187,3.0379004782449637,0.6538461538461539
188,1.9503611003939807,0.6153846153846154
189,2.819273936879987,0.5384615384615384
190,2.7799921176629097,0.6153846153846154
191,2.402489082235421,0.5769230769230769
192,2.4822084058010336,0.6153846153846154
193,2.8171738152190002,0.6538461538461539
194,2.5393377535575405,0.5769230769230769
195,2.671741509864439,0.6153846153846154
196,2.282005385559172,0.6153846153846154
197,2.8992194723112314,0.6153846153846154
198,2.410847784518471,0.5769230769230769
199,2.5286009091955775,0.6153846153846154
200,2.390359668389224,0.5
201,2.4444479399153174,0.5769230769230769
202,2.839811487931592,0.5769230769230769
203,2.685435099142708,0.5384615384615384
204,2.4224243151021025,0.5
205,2.3165649903970387,0.5769230769230769
206,2.3736242756373414,0.6153846153846154
207,2.4673154607875505,0.5769230769230769
208,2.214602808911914,0.5384615384615384
209,2.7032140496104113,0.5769230769230769
210,2.371065821368094,0.5769230769230769
211,2.4964519614412786,0.6538461538461539
212,2.026296571684592,0.6538461538461539
213,2.3421978920451125,0.5
214,2.212532620629435,0.6153846153846154
215,2.0374610080729196,0.5
216,1.9839304781351972,0.5384615384615384
217,2.322369028991509,0.6538461538461539
218,2.4699302283068327,0.5769230769230769
219,2.274248660217533,0.5769230769230769
220,2.377248385897464,0.6538461538461539
221,2.353163792587677,0.5384615384615384
222,2.2813184495111147,0.6538461538461539
223,2.5147328540414464,0.5384615384615384
224,2.350835544684677,0.5769230769230769
225,2.061362288841965,0.6153846153846154
226,2.309916232824981,0.5
227,1.7273109358725298,0.6153846153846154
228,2.082569078380133,0.5769230769230769
229,2.082901786605863,0.5
230,2.381217025806746,0.6153846153846154
231,2.2910316089116147,0.5769230769230769
232,1.906988186282497,0.6538461538461539
233,2.00280935595594,0.5384615384615384
234,2.152178384907824,0.5384615384615384
235,2.110026000686469,0.5384615384615384
236,1.918086832414989,0.6153846153846154
237,2.2837849492492195,0.6923076923076923
238,2.1799469837896224,0.6153846153846154
239,1.7213752362680101,0.5769230769230769
240,1.8776667038749482,0.5769230769230769
241,1.9769163481352279,0.6153846153846154
242,1.901696964335887,0.5384615384615384
243,2.1736068417332977,0.5769230769230769
244,1.9556175068515784,0.6153846153846154
245,1.8754742651305638,0.6153846153846154
246,1.6786461994364283,0.5769230769230769
247,1.8771368140330336,0.6153846153846154
248,1.211745874460089,0.6153846153846154
249,2.0054455477253192,0.5
250,1.5866701463097845,0.5769230769230769
251,2.0826080834486422,0.5384615384615384
252,2.0591971674129526,0.5769230769230769
253,1.890781260040381,0.6153846153846154
254,1.4910148206473726,0.5384615384615384
255,1.7387281263700745,0.6538461538461539
256,1.6612966908701232,0.5769230769230769
257,1.483105908079502,0.6538461538461539
258,1.6154423907484878,0.5384615384615384
259,1.2890410576395515,0.5769230769230769
260,1.627722985543037,0.5769230769230769
261,1.3016114764492106,0.5769230769230769
262,1.606817197996303,0.5769230769230769
263,1.5710574444411538,0.5769230769230769
264,1.7171091041838549,0.5769230769230769
265,1.5603037306886334,0.6153846153846154
266,1.130349144196984,0.5769230769230769
267,1.9945787758226892,0.5769230769230769
268,1.8879887140547287,0.5
269,1.0518396902893814,0.5384615384615384
270,1.9120742807722713,0.6153846153846154
271,1.2046029065795167,0.5
272,1.1650262467122743,0.5384615384615384
273,1.8583947522090427,0.5
274,1.1664529997546436,0.5384615384615384
275,1.4902093325529522,0.5
276,1.5307499685983468,0.5769230769230769
277,1.6422717730107053,0.6538461538461539
278,1.5753783641059145,0.5769230769230769
279,1.5493259859655102,0.5384615384615384
280,1.63885212105395,0.5769230769230769
281,1.6191601169715835,0.5769230769230769
282,1.5591059290521296,0.6153846153846154
283,1.3253213296057904,0.5
284,1.8690918124322213,0.5769230769230769
285,1.416864515603492,0.5384615384615384
286,1.2056435801230059,0.5769230769230769
287,1.4009033987003945,0.5384615384615384
288,1.6721570555942025,0.5384615384615384
289,1.0594565431085137,0.5384615384615384
290,1.418129627370729,0.5384615384615384
291,1.567218318955604,0.6153846153846154
292,1.3151344529291107,0.5
293,1.4383079543800013,0.6153846153846154
294,1.388446390529613,0.6153846153846154
295,1.4996584089710763,0.5769230769230769
296,1.5293107969988602,0.5384615384615384
297,1.647040400060999,0.5769230769230769
298,1.1931146270026072,0.5769230769230769
299,1.4614197317127107,0.6153846153846154
300,1.385683653575644,0.46153846153846156
301,1.4683505955521765,0.5
302,1.5066995473505198,0.6538461538461539
303,1.833011451325535,0.5769230769230769
304,1.9067275715890253,0.6153846153846154
305,1.3630720392907048,0.6153846153846154
306,1.24908195950128,0.6153846153846154
307,1.2937313388055531,0.5384615384615384
308,1.2244209617635406,0.5769230769230769
309,1.2386233334751138,0.5
310,1.052754378312978,0.5
311,1.1129448619361288,0.5
312,1.1962368914420638,0.5769230769230769
313,1.1291418959218489,0.5384615384615384
314,1.4172415743414204,0.5384615384615384
315,1.439478694694058,0.5
316,1.1441092212093007,0.5
317,1.1992106578528392,0.5384615384615384
318,1.301801102331394,0.5
319,1.17935274649161,0.46153846153846156
320,1.3795397029823206,0.5384615384615384
321,1.3183205776030866,0.38461538461538464
322,1.29704025135412,0.46153846153846156
323,1.3304791724142788,0.5
324,1.5095055278681815,0.5384615384615384
325,1.0379681632971076,0.5
326,1.2498343371657539,0.46153846153846156
327,1.2831980431590382,0.38461538461538464
328,1.692917562383023,0.5
329,1.1443416825372486,0.5384615384615384
330,1.273289112457293,0.38461538461538464
331,1.2750946350726369,0.5384615384615384
332,1.11084449225911,0.5
333,1.3472518108843774,0.5
334,1.2684254020810963,0.38461538461538464
335,1.0946380374908755,0.46153846153846156
336,1.711778733897427,0.5384615384615384
337,1.4842421864037123,0.4230769230769231
338,1.3688903385625824,0.46153846153846156
339,1.5879457392997827,0.38461538461538464
340,1.1761010631715296,0.46153846153846156
341,1.2581616814718872,0.46153846153846156
342,1.3287316509569018,0.5
343,1.5874866591066485,0.46153846153846156
344,1.2749436556563156,0.38461538461538464
345,1.4519801371424588,0.46153846153846156
346,1.9177672691535697,0.46153846153846156
347,1.5188377834674356,0.5
348,1.105236982681396,0.46153846153846156
349,1.312297773781145,0.5384615384615384
350,0.8708860724363539,0.46153846153846156
351,1.252802784430778,0.5
352,1.2282585385579008,0.5
353,1.2430510818257159,0.5769230769230769
354,1.36524030532528,0.5
355,1.293849617069895,0.5
356,1.114854255015052,0.38461538461538464
357,1.2105035117519285,0.5
358,1.4076183899399024,0.5384615384615384
359,1.4662581467020188,0.46153846153846156
360,1.3626333754554705,0.5
361,1.650611454055969,0.5384615384615384
362,1.165251706798123,0.4230769230769231
363,1.1691065582745228,0.5
364,1.1658753520482057,0.46153846153846156
365,1.4600017389725748,0.5
366,0.9697485827653596,0.5
367,1.157947578804759,0.38461538461538464
368,1.2617823684864078,0.4230769230769231
369,1.1353053305503935,0.5
370,1.1922136977527535,0.46153846153846156
371,1.2308518069218966,0.5
372,0.8752758227888422,0.5
373,1.0553820654805484,0.4230769230769231
374,1.2439258371309392,0.5
375,1.1825997002626998,0.5
376,1.3459031337224427,0.5
377,0.9557019157586129,0.46153846153846156
378,1.0307719275837313,0.5
379,1.0864361473854243,0.5384615384615384
380,1.086575370156584,0.38461538461538464
381,0.9455955915198184,0.5
382,1.2713605584590963,0.46153846153846156
383,0.9851633233849748,0.5
384,0.9444870412238178,0.46153846153846156
385,1.296004685047209,0.46153846153846156
386,0.9831386321587083,0.46153846153846156
387,1.0700293159361212,0.5
388,0.8188131254351716,0.4230769230769231
389,0.904543936314929,0.46153846153846156
390,1.1712498460351217,0.4230769230769231
391,0.9281842585319686,0.4230769230769231
392,1.1361981988023628,0.4230769230769231
393,0.8870161351581509,0.5
394,1.1993796464991444,0.38461538461538464
395,0.8110916614928958,0.4230769230769231
396,0.860477087382244,0.4230769230769231
397,1.2250381829309878,0.46153846153846156
398,1.2814385895450515,0.4230769230769231
399,1.170426954638799,0.46153846153846156
400,1.0549933343159312,0.4230769230769231
401,0.944113800596031,0.5
402,1.109269268451798,0.46153846153846156
403,0.8037060123766753,0.38461538461538464
404,0.9576827624755984,0.46153846153846156
405,0.8556022706079012,0.46153846153846156
406,0.836691041531191,0.38461538461538464
407,1.0124034349642146,0.4230769230769231
408,0.9064484989833406,0.46153846153846156
409,0.8999027350168567,0.46153846153846156
410,0.6173152188196394,0.4230769230769231
411,0.8099427915768764,0.38461538461538464
412,1.0485736528872027,0.4230769230769231
413,0.9377513332063379,0.46153846153846156
414,0.9168731180279734,0.5
415,0.6399841993984632,0.46153846153846156
416,1.015793215259822,0.5
417,0.8381581546756278,0.5
418,0.8209657504282522,0.4230769230769231
419,0.7668319071703169,0.5
420,0.8459734122165559,0.4230769230769231
421,0.7820149120606086,0.46153846153846156
422,0.6955892985063894,0.4230769230769231
423,0.9652972258754748,0.38461538461538464
424,0.718773809946589,0.46153846153846156
425,0.5992421415113944,0.46153846153846156
426,0.927150523339014,0.46153846153846156
427,0.6609694900927865,0.46153846153846156
428,0.62961162073782,0.5
429,0.6868940010260554,0.5
430,0.8001945110416733,0.5
431,0.8813662162541696,0.4230769230769231
432,0.7064887835767539,0.38461538461538464
433,1.001068468216113,0.46153846153846156
434,0.7799668694228599,0.4230769230769231
435,0.5957755259780178,0.38461538461538464
436,0.7453430589698193,0.38461538461538464
437,0.6288204228825518,0.38461538461538464
438,0.8730541542994303,0.4230769230769231
439,0.7737502791596498,0.46153846153846156
440,0.7284867634670111,0.46153846153846156
441,0.7284929471563215,0.4230769230769231
442,0.9487601506632468,0.46153846153846156
443,0.6737790256988077,0.5
444,0.6466934864378766,0.46153846153846156
445,0.9333294521992612,0.38461538461538464
446,0.624483909657195,0.4230769230769231
447,0.8778277721424566,0.4230769230769231
448,0.9408189423866533,0.5
449,0.7853627650326991,0.4230769230769231
450,0.6596803080794547,0.46153846153846156
451,0.8032957032611243,0.38461538461538464
452,0.8909367022655474,0.38461538461538464
453,0.9232085607612803,0.46153846153846156
454,0.7412120146200931,0.46153846153846156
455,0.669423708399973,0.46153846153846156
456,0.7565613346772944,0.4230769230769231
457,0.7370654865676585,0.46153846153846156
458,0.7294913699772372,0.46153846153846156
459,0.8957905495297052,0.5
460,0.5848256807302108,0.4230769230769231
461,1.151210800333056,0.5
462,0.9552023074079421,0.4230769230769231
463,0.8223616636781155,0.4230769230769231
464,0.7052041544289267,0.46153846153846156
465,0.8012046003704305,0.4230769230769231
466,0.7648587685930828,0.4230769230769231
467,0.7193773273969111,0.5
468,0.6863767154853626,0.34615384615384615
469,0.7281140420019745,0.5
470,0.8013156321090822,0.46153846153846156
471,0.6858089076246721,0.46153846153846156
472,0.8001202525051321,0.46153846153846156
473,0.5377940933323742,0.5384615384615384
474,0.7045833108178394,0.4230769230769231
475,0.6614670747057634,0.46153846153846156
476,0.7108852792724378,0.4230769230769231
477,0.9762086607058,0.4230769230769231
478,0.7171048266878977,0.5
479,0.6438049320142771,0.46153846153846156
480,0.6831219130000243,0.46153846153846156
481,0.6063021584131718,0.5
482,0.7330182785891122,0.4230769230769231
483,0.5135954321703622,0.4230769230769231
484,0.7778383424438289,0.4230769230769231
485,0.5657625324191735,0.46153846153846156
486,0.6582341794895981,0.5
487,0.8939292454255767,0.46153846153846156
488,0.6898990543087336,0.5384615384615384
489,0.6876189922895897,0.4230769230769231
490,0.6882992739423073,0.4230769230769231
491,0.6859245327352466,0.46153846153846156
492,0.8368734379520539,0.46153846153846156
493,0.5741320835621511,0.5
494,0.6416947421455439,0.4230769230769231
495,0.8498002974621222,0.46153846153846156
496,0.7066833269169432,0.5
497,0.6104295158710653,0.5
498,0.8881654010640068,0.46153846153846156
499,0.8616137162213222,0.5
500,0.7306601301534938,0.4230769230769231
501,0.5589975131263021,0.4230769230769231
502,0.48946235108968716,0.34615384615384615
503,0.8544742036118957,0.4230769230769231
504,0.4691112088888163,0.34615384615384615
505,0.8037061502753298,0.4230769230769231
506,0.9756669222598549,0.46153846153846156
507,0.8536960814761685,0.46153846153846156
508,0.574088811107488,0.38461538461538464
509,1.1372638373329411,0.4230769230769231
510,0.7504440720747589,0.46153846153846156
511,0.7958924969879848,0.4230769230769231
512,0.6478464855119466,0.38461538461538464
513,0.7444639221597242,0.34615384615384615
514,0.6977205554859927,0.4230769230769231
515,0.7631809136819139,0.46153846153846156
516,0.8440147009811232,0.3076923076923077
517,0.5955063363161903,0.46153846153846156
518,0.6488312705014332,0.5
519,0.5584270091934798,0.38461538461538464
520,0.5065291549590065,0.4230769230769231
521,0.7589995460377001,0.4230769230769231
522,0.5984505241753344,0.4230769230769231
523,0.5353348630893535,0.4230769230769231
524,0.8339682072177863,0.46153846153846156
525,0.7306551314487169,0.46153846153846156
526,0.5811213982485288,0.38461538461538464
527,0.6516332207842304,0.4230769230769231
528,0.6812335126357132,0.46153846153846156
529,0.8224139523445122,0.4230769230769231
530,0.5764584335951874,0.38461538461538464
531,0.8701455369927569,0.4230769230769231
532,0.5020840690258916,0.38461538461538464
533,0.6346212866767638,0.46153846153846156
534,0.984180208873918,0.4230769230769231
535,0.6101752831815799,0.4230769230769231
536,0.5470359044083222,0.34615384615384615
537,0.6126606706054503,0.46153846153846156
538,0.6061508905136574,0.34615384615384615
539,0.5807996580746471,0.4230769230769231
540,0.5378788452644239,0.38461538461538464
541,0.5779787004848136,0.5
542,0.6206193562097595,0.38461538461538464
543,0.5469155627745144,0.46153846153846156
544,0.6286064747614408,0.38461538461538464
545,0.5533299035119592,0.38461538461538464
546,0.6908420216572226,0.38461538461538464
547,0.5161115408688417,0.38461538461538464
548,0.4125555918083337,0.4230769230769231
549,0.7639536343464084,0.46153846153846156
550,0.5053279848622712,0.4230769230769231
551,0.6524047869603886,0.38461538461538464
552,0.37989301263935804,0.4230769230769231
553,0.4561406519212903,0.38461538461538464
554,0.49046168895113285,0.38461538461538464
555,0.6655499449758957,0.4230769230769231
556,0.6602191015706249,0.4230769230769231
557,0.43030711139266575,0.4230769230769231
558,0.423223129066447,0.38461538461538464
559,0.4941991554497429,0.38461538461538464
560,0.758144052732002,0.34615384615384615
561,1.0126621445592066,0.46153846153846156
562,0.6891372693720554,0.34615384615384615
563,0.7610949022116804,0.38461538461538464
564,0.6338120882314464,0.4230769230769231
565,0.5769268471395459,0.3076923076923077
566,0.6263344880966271,0.34615384615384615
567,0.601041915572734,0.34615384615384615
568,0.39065239408716224,0.3076923076923077
569,0.42188540562650534,0.5
570,0.5432215081120746,0.4230769230769231
571,0.6210230384986497,0.4230769230769231
572,0.44641658230019177,0.3076923076923077
573,0.5090856887009574,0.4230769230769231
574,0.5089561434808365,0.3076923076923077
575,0.5010532528042608,0.38461538461538464
576,0.49389005703951794,0.3076923076923077
577,0.4100013581898936,0.4230769230769231
578,0.6484363156315993,0.3076923076923077
579,0.5380365954672688,0.38461538461538464
580,0.5669425183191992,0.4230769230769231
581,0.5113795156234153,0.4230769230769231
582,0.7451546554791735,0.34615384615384615
583,0.658193764728618,0.2692307692307692
584,0.5251849911872837,0.38461538461538464
585,0.7362793261750531,0.38461538461538464
586,0.3805600288504296,0.4230769230769231
587,0.5895366458323843,0.34615384615384615
588,0.5498726764554225,0.38461538461538464
589,0.5698258495732222,0.38461538461538464
590,0.4417479706808578,0.38461538461538464
591,0.5254833521636946,0.34615384615384615
592,0.5274342912433712,0.4230769230769231
593,0.5092953585486524,0.34615384615384615
594,0.4925693577292076,0.3076923076923077
595,0.576541952114392,0.5
596,0.4220540001388633,0.4230769230769231
597,0.5965251728374783,0.34615384615384615
598,0.4123917709638536,0.46153846153846156
599,0.4746965183503451,0.46153846153846156
600,0.3569068062156817,0.34615384615384615
601,0.4836508600601892,0.38461538461538464
602,0.470296793863886,0.4230769230769231
603,0.5319583684125759,0.34615384615384615
604,0.4451138275920954,0.38461538461538464
605,0.5653148070448855,0.4230769230769231
606,0.5485953662317771,0.34615384615384615
607,0.40159940265990235,0.4230769230769231
608,0.44627110805994397,0.2692307692307692
609,0.26560587165372684,0.46153846153846156
610,0.4659613716917139,0.3076923076923077
611,0.47715656896709246,0.3076923076923077
612,0.5298541182466621,0.3076923076923077
613,0.5499707099151938,0.4230769230769231
614,0.6498355351061744,0.38461538461538464
615,0.5106732700993368,0.38461538461538464
616,0.4934386503117931,0.38461538461538464
617,0.4514003635889954,0.38461538461538464
618,0.34029474680655447,0.3076923076923077
619,0.41596570815488576,0.2692307692307692
620,0.4951637147149488,0.38461538461538464
621,0.4595586333290176,0.4230769230769231
622,0.296214966107855,0.34615384615384615
623,0.6346031486160428,0.38461538461538464
624,0.48051290495421073,0.34615384615384615
625,0.4526702139096459,0.4230769230769231
626,0.5840359649109552,0.38461538461538464
627,0.5591446280470578,0.38461538461538464
628,0.4210975530140515,0.4230769230769231
629,0.3870491684927644,0.3076923076923077
630,0.674372554672177,0.34615384615384615
631,0.5145791563961968,0.34615384615384615
632,0.45353079764435345,0.4230769230769231
633,0.5289600535516472,0.34615384615384615
634,0.3916223820918492,0.3076923076923077
635,0.6335131949815511,0.38461538461538464
636,0.5792265223584097,0.38461538461538464
637,0.5355431946729894,0.34615384615384615
638,0.7781577268067585,0.4230769230769231
639,0.633214333798569,0.38461538461538464
640,0.3520099536231194,0.46153846153846156
641,0.5042954005638522,0.34615384615384615
642,0.7142850794513436,0.34615384615384615
643,0.546946823385789,0.38461538461538464
644,0.5664674781544052,0.38461538461538464
645,0.5988933144967614,0.4230769230769231
646,0.3819647609901282,0.34615384615384615
647,0.5378246111410263,0.34615384615384615
648,0.7464985642582498,0.34615384615384615
649,0.3999817591934285,0.38461538461538464
650,0.5481652766228433,0.3076923076923077
651,0.4190302179633627,0.34615384615384615
652,0.6064877956121459,0.34615384615384615
653,0.40000839987160575,0.3076923076923077
654,0.36505921423983256,0.34615384615384615
655,0.6422898358927598,0.34615384615384615
656,0.3362677427208238,0.3076923076923077
657,0.6114919879902962,0.34615384615384615
658,0.5078616598501982,0.38461538461538464
659,0.5971080386361045,0.2692307692307692
660,0.5542783407310474,0.38461538461538464
661,0.40334171968128363,0.46153846153846156
662,0.33306429541238103,0.34615384615384615
663,0.5394923123016979,0.34615384615384615
664,0.4852301924904978,0.34615384615384615
665,0.6516700441653631,0.3076923076923077
666,0.44798106326384435,0.3076923076923077
667,0.5821838406298974,0.34615384615384615
668,0.36504669771666354,0.38461538461538464
669,0.36926720343280817,0.38461538461538464
670,0.4578306951943527,0.34615384615384615
671,0.3885463093624857,0.34615384615384615
672,0.4870738188236752,0.38461538461538464
673,0.4366715796395759,0.38461538461538464
674,0.5564826291273106,0.38461538461538464
675,0.5662935071695565,0.34615384615384615
676,0.5877535773058606,0.46153846153846156
677,0.6703104494849712,0.38461538461538464
678,0.4221344936992515,0.34615384615384615
679,0.4644475138601858,0.38461538461538464
680,0.625539432383007,0.34615384615384615
681,0.6019104776129978,0.34615384615384615
682,0.6491818623942764,0.2692307692307692
683,0.657919217337807,0.3076923076923077
684,0.5560961625788607,0.34615384615384615
685,0.6328782216676605,0.34615384615384615
686,0.5112365050231569,0.3076923076923077
687,0.4667261475941453,0.34615384615384615
688,0.4527474815443826,0.3076923076923077
689,0.4158629854143321,0.38461538461538464
690,0.6533516219078916,0.34615384615384615
691,0.381909142660402,0.2692307692307692
692,0.3636427196744405,0.38461538461538464
693,0.49096142713529334,0.2692307692307692
694,0.5445691243831776,0.3076923076923077
695,0.5045345725213837,0.34615384615384615
696,0.5440130622352028,0.3076923076923077
697,0.4056859138783273,0.34615384615384615
698,0.5169147671184398,0.38461538461538464
699,0.4093846472539395,0.2692307692307692
700,0.4468543225459807,0.34615384615384615
701,0.3554064523344729,0.34615384615384615
702,0.5270009272405609,0.38461538461538464
703,0.779381235255117,0.2692307692307692
704,0.8082204100555743,0.3076923076923077
705,0.8273435179048354,0.34615384615384615
706,1.4703490979894012,0.4230769230769231
707,0.9229286141438955,0.38461538461538464
708,3.283213265001779,0.5769230769230769
709,1.3055241123035988,0.5
710,2.0085008325309746,0.5
711,1.077764239869142,0.34615384615384615
712,1.6857593680493104,0.46153846153846156
713,0.935832731960289,0.3076923076923077
714,1.3576774704674248,0.34615384615384615
715,3.3176325674313234,0.5769230769230769
716,1.8499223811677832,0.4230769230769231
717,2.6744713008403473,0.6538461538461539
718,1.7836180847034688,0.46153846153846156
719,1.8176635133706889,0.3076923076923077
720,1.8352742297517275,0.5
721,2.4677981654719754,0.5
722,2.0509037092401834,0.5384615384615384
723,2.4214303332979057,0.4230769230769231
724,3.3984095369484995,0.6538461538461539
725,2.050665674729208,0.5769230769230769
726,4.210333502718569,0.8846153846153846
727,1.866010469782173,0.46153846153846156
728,2.121328887285719,0.5384615384615384
729,2.3921099400110277,0.6538461538461539
730,2.47725858489056,0.6538461538461539
731,2.41160942127458,0.5384615384615384
732,2.7392167826783864,0.7307692307692307
733,2.8570538062865145,0.8076923076923077
734,3.8245988007059166,0.7692307692307693
735,2.8319122417619593,0.7692307692307693
736,2.78562195169435,0.6923076923076923
737,2.956758830628432,0.6538461538461539
738,3.4577906237800633,0.8461538461538461
739,3.8561684715376128,0.8846153846153846
740,4.640651469152446,0.7307692307692307
741,4.058245577768033,0.8461538461538461
742,4.396952159680356,0.8461538461538461
743,5.747068878394712,0.8846153846153846
744,3.9893235913369547,0.9230769230769231
745,3.7837564571067546,0.8076923076923077
746,4.587107143970241,0.9615384615384616
747,3.771248302927215,0.7692307692307693
748,4.272083627124089,0.9615384615384616
749,5.274125755301258,0.9615384615384616
750,4.280162029125852,0.8846153846153846
751,4.14100650944125,0.9230769230769231
752,4.299543389263835,0.9230769230769231
753,3.8427438598027495,0.8846153846153846
754,3.7760541481165113,0.8461538461538461
755,4.657639993238132,0.8846153846153846
756,3.9107456465325017,0.8846153846153846
757,4.00469242528002,0.9615384615384616
758,4.006782712312837,0.9230769230769231
759,4.293990235589649,0.9615384615384616
760,4.17363875199066,0.8461538461538461
761,3.917451413215659,0.8461538461538461
762,4.472341921341969,0.8461538461538461
763,4.648008398594304,0.9230769230769231
764,3.8807833117930284,0.8846153846153846
765,4.921585840845467,0.9615384615384616
766,3.935875561879869,0.9615384615384616
767,3.2331141769182556,0.9230769230769231
768,3.6881777816111754,0.8846153846153846
769,3.2191584845965426,0.8846153846153846
770,3.0671480853946873,0.9230769230769231
771,3.457207559873396,0.8461538461538461
772,3.2744032558261935,0.8846153846153846
773,3.362433040555542,0.8076923076923077
774,3.7191886943540604,0.8076923076923077
775,4.058633609773945,0.8461538461538461
776,4.399633798332938,0.8461538461538461
777,4.1035219643994045,0.8076923076923077
778,3.8973639883145785,0.8846153846153846
779,4.760069303063448,0.8076923076923077
780,3.3580072491917465,0.8846153846153846
781,4.8301819072822445,0.9230769230769231
782,5.6007027883138125,0.8461538461538461
783,3.463233363506628,0.9230769230769231
784,3.52700524012413,0.9230769230769231
785,4.054049595665223,0.9615384615384616
786,4.36082861462742,0.9230769230769231
787,4.074137276355826,0.9230769230769231
788,4.329691706935179,0.9615384615384616
789,4.222759491396854,0.9230769230769231
790,3.677510492303849,0.8076923076923077
791,4.789564487013537,0.7692307692307693
792,5.46553693013411,0.8846153846153846
793,3.8897228676663858,0.8461538461538461
794,5.352585889399321,0.7692307692307693
795,4.050156912568295,0.8846153846153846
796,4.185646372027951,0.7692307692307693
797,3.725546762191076,0.9230769230769231
798,4.125667034670425,0.9230769230769231
799,4.228288358823604,0.8461538461538461
800,4.129822434901041,0.8076923076923077
801,4.2469824344970375,0.8846153846153846
802,4.292739061549053,0.9230769230769231
803,4.933950648414307,0.7692307692307693
804,4.070246484106297,0.8461538461538461
805,4.764704384368069,0.8461538461538461
806,4.417743183403161,0.8461538461538461
807,4.01495602842588,0.9230769230769231
808,4.362764178263964,0.9230769230769231
809,3.8042701358480047,0.9230769230769231
810,3.977043023586016,0.9230769230769231
811,3.737112281954456,0.9615384615384616
812,4.431651731226095,0.8846153846153846
813,3.759681217129993,1.0
814,4.600612095092984,1.0
815,4.668274860051488,0.9230769230769231
816,4.491276047604937,0.9615384615384616
817,4.166431945823679,0.9615384615384616
818,3.7619066164709722,0.8461538461538461
819,3.9840477876074645,0.8846153846153846
820,4.509698284020242,0.8846153846153846
821,4.463766971576916,0.8846153846153846
822,3.549213984037884,0.9615384615384616
823,4.573575925678273,0.9615384615384616
824,4.831297840523309,0.9615384615384616
825,4.1178027747440735,0.9230769230769231
826,4.2303007857811785,0.9230769230769231
827,4.000248108310744,0.8846153846153846
828,3.805468165722673,0.9615384615384616
829,4.5367406424828935,0.8461538461538461
830,3.9621465775987206,0.7307692307692307
831,3.96322224685626,0.9230769230769231
832,3.809041296927384,0.9230769230769231
833,4.36449783320399,0.9230769230769231
834,3.637545813675054,0.8076923076923077
835,4.0064445052193065,0.8461538461538461
836,3.608998506608344,0.8461538461538461
837,3.157848055700943,0.7692307692307693
838,3.7797025352031,0.9230769230769231
839,3.472209103202264,0.8846153846153846
840,3.1860285672010673,0.8076923076923077
841,3.3970238404977127,0.8461538461538461
842,3.7487740569273917,0.7692307692307693
843,5.287174446178056,0.6923076923076923
844,3.7197784484303966,0.7692307692307693
845,5.024571693705439,0.7307692307692307
846,3.6861371062762336,0.7692307692307693
847,3.3031039836255816,0.6923076923076923
848,4.166161648455,0.8076923076923077
849,4.9843931570866244,1.0
850,3.967162068342106,0.7692307692307693
851,3.985408656157927,1.0
852,3.789855847706522,0.7307692307692307
853,4.362575702833442,0.8076923076923077
854,3.8636042200629883,0.8461538461538461
855,4.219008352492529,0.8461538461538461
856,3.8024660495281344,0.8846153846153846
857,3.784904955931,0.7307692307692307
858,3.959886295040371,0.8076923076923077
859,3.5870762118139474,0.8461538461538461
860,3.173343851203202,0.7692307692307693
861,3.4363987123853854,0.8076923076923077
862,3.739626349805351,0.8076923076923077
863,3.8153574489029225,0.8461538461538461
864,4.287697439593303,0.9230769230769231
865,3.595178773170086,1.0
866,3.9809127354069456,0.8461538461538461
867,4.040903091532616,0.9615384615384616
868,4.052914893818685,0.8846153846153846
869,4.0062097621198065,0.8846153846153846
870,4.441207939625078,0.8461538461538461
871,4.416645365518388,0.8461538461538461
872,5.419348093085269,0.8846153846153846
873,4.341927646943429,0.8076923076923077
874,3.6831055422397703,0.8461538461538461
875,3.902669369040461,0.8846153846153846
876,3.877528346471188,0.8461538461538461
877,3.427809812963288,0.8461538461538461
878,3.71541431182999,0.8846153846153846
879,3.944786590830396,0.8846153846153846
880,3.5756251823982383,0.8846153846153846
881,3.9110768734182284,0.8461538461538461
882,4.080213835271438,0.9230769230769231
883,4.079443812621865,0.9615384615384616
884,4.285586275432045,0.8461538461538461
885,3.790483730523933,0.8846153846153846
886,3.9943433468980234,0.9230769230769231
887,3.33824697722289,0.8846153846153846
888,3.7355660368880805,0.8461538461538461
889,4.282558910339755,0.7692307692307693
890,4.2505975537350045,0.8076923076923077
891,4.067376122667495,0.7307692307692307
892,4.6315391543779265,0.7692307692307693
893,4.2688996135779025,0.7692307692307693
894,3.9000878259239657,0.8846153846153846
895,3.1261510808434974,0.7307692307692307
896,4.363468539840283,0.9230769230769231
897,3.1882592324876438,0.6923076923076923
898,4.291670897623139,0.8076923076923077
899,3.8874181914022494,0.7692307692307693
900,3.044660482859399,0.8076923076923077
901,3.3259000991675576,0.7692307692307693
902,3.4421182357451934,0.8076923076923077
903,4.165981406184245,0.8461538461538461
904,3.3519114092465174,0.6923076923076923
905,3.4929816975280676,0.7307692307692307
906,3.9015199073425655,0.7307692307692307
907,3.044755045178406,0.6923076923076923
908,4.322765767322736,0.8461538461538461
909,3.223521740248864,0.8846153846153846
910,3.496979550396262,0.8461538461538461
911,3.0866207418214904,0.7307692307692307
912,4.061186674831372,0.7307692307692307
913,3.9809888228929857,0.7307692307692307
914,3.640333932521943,0.8076923076923077
915,3.2919195494532447,0.7692307692307693
916,3.7256691263249495,0.8076923076923077
917,3.0536530875869246,0.6923076923076923
918,2.7115827997195,0.6923076923076923
919,3.070746281608095,0.6923076923076923
920,3.8549220022461337,0.7692307692307693
921,3.8911417260456673,0.7692307692307693
922,4.496002727178784,0.8461538461538461
923,3.4709516417944584,0.6923076923076923
924,3.5470647180716126,0.7692307692307693
925,4.131593404125535,0.6538461538461539
926,3.418845706712549,0.6923076923076923
927,3.8664427222176005,0.8461538461538461
928,3.974786433855574,0.8076923076923077
929,3.6555680611614334,0.6538461538461539
930,3.549885899127528,0.6538461538461539
931,4.3046272430107555,0.8846153846153846
932,3.8780206359078835,0.7307692307692307
933,5.77856542367442,0.6923076923076923
934,3.7061957081468666,0.8461538461538461
935,4.4715217575642665,0.8461538461538461
936,3.8593573681796585,0.8846153846153846
937,3.73062265495255,0.8076923076923077
938,3.746294231175241,0.8076923076923077
939,4.5106721312552605,0.8461538461538461
940,3.9578716620832224,0.8461538461538461
941,4.169467284892671,0.8461538461538461
942,3.429082497508364,0.8461538461538461
943,3.8288582092903316,0.8846153846153846
944,3.8916812759660715,0.9230769230769231
945,4.126856811569828,0.7692307692307693
946,4.1562882849907625,0.7692307692307693
947,4.598241074445612,0.9615384615384616
948,3.8808280589283126,0.8461538461538461
949,4.942889317574151,0.9230769230769231
950,3.5798580251793943,0.8846153846153846
951,3.7430037768843265,0.7692307692307693
952,4.457067854442453,0.8846153846153846
953,4.123127734272271,0.8846153846153846
954,3.6572240608038773,0.9230769230769231
955,3.803619443197463,0.8076923076923077
956,3.5030517973378146,0.8076923076923077
957,3.81091933480566,0.7692307692307693
958,3.402671828913669,0.8846153846153846
959,3.9384529020074512,0.7307692307692307
960,3.4819422586210242,0.6923076923076923
961,3.6480355091630763,0.7692307692307693
962,4.696647072363097,0.6923076923076923
963,4.209468458417769,0.7692307692307693
964,3.538097356377886,0.7307692307692307
965,4.464069039244255,0.7307692307692307
966,3.778672723592523,0.7307692307692307
967,3.1386105718778015,0.7307692307692307
968,3.6430164901261524,0.6538461538461539
969,3.4053719396452147,0.8461538461538461
970,3.737786367384727,0.6153846153846154
971,3.610783995846088,0.6538461538461539
972,3.5967760799658075,0.7692307692307693
973,4.450543234472315,0.8076923076923077
974,4.467012658192667,0.7307692307692307
975,4.9134933268021594,0.6923076923076923
976,3.414355951994279,0.6538461538461539
977,3.860484398720114,0.7307692307692307
978,3.981756560911211,0.6923076923076923
979,3.7865692083500777,0.7307692307692307
980,4.173631250429537,0.7692307692307693
981,3.6986210103890422,0.7307692307692307
982,4.110419807933776,0.6538461538461539
983,4.263420554967938,0.7692307692307693
984,4.1807399995349,0.7692307692307693
985,4.391456573101523,0.8846153846153846
986,4.493798071926302,0.9230769230769231
987,4.925394497303554,0.8846153846153846
988,4.83849255015082,0.9615384615384616
989,4.627520537018932,0.9230769230769231
990,4.4872354886014785,0.9615384615384616
991,3.953336835757492,0.8461538461538461
992,4.476764615569677,0.8461538461538461
993,4.992635553371742,0.8076923076923077
994,3.3909856105198077,0.7692307692307693
995,3.9146659935148427,0.7692307692307693
996,3.4927657380541013,0.6923076923076923
997,3.7023724695193216,0.8076923076923077
998,4.339849726346585,0.6923076923076923
999,3.973936091407666,0.6923076923076923
1000,3.883165210243281,0.8461538461538461
1001,4.330019629124847,0.8846153846153846
1002,4.067993897453001,0.9230769230769231
1003,3.8389512759387796,0.8846153846153846
1004,4.370538803549628,1.0
1005,4.406299414475211,0.8076923076923077
1006,4.451667298584914,0.8846153846153846
1007,3.6021012885724266,0.8846153846153846
1008,3.9157912653924454,0.8846153846153846
1009,3.276577781389162,0.6923076923076923
1010,3.7928333226848467,0.6923076923076923
1011,3.3730046516526144,0.8076923076923077
1012,3.639758450012055,0.7307692307692307
1013,3.813463479170444,0.7692307692307693
1014,4.286818240988151,0.7307692307692307
1015,4.1562037170773936,0.7692307692307693
1016,3.925669496866047,0.8461538461538461
1017,4.138289401365231,0.8076923076923077
1018,4.2927912052523345,0.8461538461538461
1019,4.477882651968644,0.8846153846153846
1020,3.921968302971949,0.8846153846153846
1021,3.6896063225100795,0.8076923076923077
1022,3.52413301559433,0.8076923076923077
1023,3.082792480908272,0.7307692307692307
1024,3.5380123397957686,0.6538461538461539
1025,4.739772490166291,0.6538461538461539
1026,3.796984974599857,0.7307692307692307
1027,3.257155015594331,0.6923076923076923
1028,3.59521854712152,0.7692307692307693
1029,3.047513422846775,0.8461538461538461
1030,3.4601931768611034,0.6923076923076923
1031,3.6178877902475506,0.7307692307692307
1032,3.510693999065971,0.5769230769230769
1033,4.48248272432715,0.7692307692307693
1034,3.3948443123714585,0.6923076923076923
1035,3.5609154470666162,0.6153846153846154
1036,3.5109540140864137,0.6923076923076923
1037,3.5439233060722026,0.6538461538461539
1038,3.6400039666148944,0.6538461538461539
1039,3.217020711518315,0.6153846153846154
1040,3.477373516965135,0.6923076923076923
1041,3.150680739331575,0.6153846153846154
1042,3.165887976174897,0.6153846153846154
1043,3.85921605127913,0.5769230769230769
1044,3.3150837029573195,0.6153846153846154
1045,3.2165913247161413,0.7307692307692307
1046,3.4755939612395528,0.6538461538461539
1047,3.5792536499034378,0.5384615384615384
1048,3.788552656437458,0.6153846153846154
1049,3.8604120083933418,0.6538461538461539
1050,3.8560777746580843,0.6153846153846154
1051,3.8218441782639117,0.6153846153846154
1052,3.8339464692838616,0.6923076923076923
1053,3.427557025946239,0.6538461538461539
1054,2.9099337259120257,0.5769230769230769
1055,3.3534497168562654,0.7307692307692307
1056,3.6386134660724543,0.6538461538461539
1057,3.487244146044671,0.7307692307692307
1058,3.694467531952105,0.6538461538461539
1059,4.015554601620666,0.7692307692307693
1060,3.7484962095526204,0.7692307692307693
1061,3.664654741695467,0.8076923076923077
1062,4.025980703725052,0.8461538461538461
1063,3.8223870262911683,0.8076923076923077
1064,4.432130954954656,0.8461538461538461
1065,3.676559414484138,0.7307692307692307
1066,3.5753284558379432,0.7307692307692307
1067,3.823121951706201,0.7692307692307693
1068,4.250752487521403,0.9230769230769231
1069,4.35822286343654,0.8846153846153846
1070,3.655752302608109,0.7692307692307693
1071,3.975432339657468,0.8076923076923077
1072,3.9764423519743697,0.8461538461538461
1073,4.344608478243533,0.8846153846153846
1074,4.185641695195324,0.8461538461538461
1075,4.7588670312549635,0.7692307692307693
1076,3.8340199903641725,0.8461538461538461
1077,4.029560492505546,0.7692307692307693
1078,3.985418070738863,0.8461538461538461
1079,4.1439632049903485,0.8076923076923077
1080,3.4173933191176005,0.6923076923076923
1081,3.5909442161936465,0.8461538461538461
1082,3.5521583224271316,0.7692307692307693
1083,3.4431658125873637,0.8076923076923077
1084,3.1996778527719347,0.7692307692307693
1085,3.609110631787714,0.7307692307692307
1086,3.8037567903358074,0.7692307692307693
1087,3.654371125405602,0.7692307692307693
1088,3.40929656496898,0.7307692307692307
1089,5.4836394715404255,0.7692307692307693
1090,3.65537340624393,0.6923076923076923
1091,3.402942979621831,0.8076923076923077
1092,3.8134769759717435,0.8461538461538461
1093,3.563229197682198,0.6923076923076923
1094,3.3553545717953037,0.6923076923076923
1095,2.9803578358059113,0.7307692307692307
1096,3.0964007365560713,0.7692307692307693
1097,3.921236217363277,0.8846153846153846
1098,3.4315577480395545,0.6538461538461539
1099,3.339678068412003,0.5769230769230769
1100,3.1422817143835515,0.7307692307692307
1101,3.12343659330794,0.6153846153846154
1102,3.4349659204588945,0.6923076923076923
1103,3.074425047202219,0.6923076923076923
1104,3.377223654105528,0.6923076923076923
1105,3.2816234137069893,0.6538461538461539
1106,3.622672707494447,0.5769230769230769
1107,3.2929231226554534,0.5769230769230769
1108,3.1532858766345937,0.6538461538461539
1109,3.111622614095596,0.7692307692307693
1110,3.3040567190763674,0.6153846153846154
1111,3.0593497718868328,0.7692307692307693
1112,3.290341048650998,0.7307692307692307
1113,3.214775098287845,0.6923076923076923
1114,3.740446440535382,0.6923076923076923
1115,3.481555151972585,0.6923076923076923
1116,3.2592882878224767,0.6538461538461539
1117,3.2319423380165815,0.6538461538461539
1118,3.412809493324872,0.6923076923076923
1119,3.036812453379749,0.6923076923076923
1120,3.1070977104992847,0.6538461538461539
1121,3.98400711156815,0.6153846153846154
1122,3.657922972021126,0.7307692307692307
1123,3.1156222881655053,0.5384615384615384
1124,2.5776329907180653,0.5769230769230769
1125,2.7549108654105994,0.5769230769230769
1126,2.709313191743875,0.6153846153846154
1127,3.8735744998424737,0.8076923076923077
1128,2.6161219998307,0.6538461538461539
1129,3.251568378957643,0.7307692307692307
1130,2.93510997955603,0.6538461538461539
1131,3.032344610604901,0.7307692307692307
1132,3.0612697349942404,0.5384615384615384
1133,2.7346739060349585,0.7307692307692307
1134,3.0431834048496187,0.6538461538461539
1135,2.7492727785598783,0.6538461538461539
1136,3.630448394966648,0.7307692307692307
1137,4.341666200057928,0.7307692307692307
1138,2.973772645367162,0.7692307692307693
1139,3.143155337365721,0.7307692307692307
1140,2.6916072557406183,0.7307692307692307
1141,3.373965250238987,0.6923076923076923
1142,3.383463793569247,0.7307692307692307
1143,4.609784554907511,0.9230769230769231
1144,3.51186271530485,0.7307692307692307
1145,3.6913562752215,0.8461538461538461
1146,2.939483636824221,0.7307692307692307
1147,3.1392610405252226,0.6923076923076923
1148,3.1225206754771153,0.7692307692307693
1149,2.8215657244036474,0.8076923076923077
1150,2.9862663708722046,0.7307692307692307
1151,3.454239274230904,0.6923076923076923
1152,3.4757211282599108,0.8076923076923077
1153,3.832428479444516,0.7692307692307693
1154,3.965943816593899,0.6538461538461539
1155,3.5147880202104638,0.6923076923076923
1156,3.4728157705653637,0.7692307692307693
1157,3.739266982707564,0.8846153846153846
1158,4.377395083675238,0.9230769230769231
1159,3.7793588442428727,0.8461538461538461
1160,4.364235427466846,0.8461538461538461
1161,4.975572227803346,0.7692307692307693
1162,3.67222539812101,0.6923076923076923
1163,3.7615073193857245,0.9230769230769231
1164,4.28626874191214,0.8846153846153846
1165,4.2674432057168215,0.8846153846153846
1166,4.080929301673041,0.8461538461538461
1167,4.050859885627402,0.8076923076923077
1168,3.868609834204607,0.8461538461538461
1169,3.632366191835973,0.8076923076923077
1170,3.8944321250939558,0.7692307692307693
1171,2.900499978033762,0.7307692307692307
1172,2.639880287236715,0.7692307692307693
1173,2.8743281024896286,0.6923076923076923
1174,3.0032909053841115,0.6923076923076923
1175,3.08393989727052,0.7692307692307693
1176,2.867081173663432,0.7307692307692307
1177,3.0057255666291978,0.7307692307692307
1178,2.8581043358201215,0.7307692307692307
1179,3.0672270493379767,0.7307692307692307
1180,2.928896164501624,0.7307692307692307
1181,3.2588174392588543,0.7692307692307693
1182,3.1888043868785347,0.8076923076923077
1183,3.1884262856084646,0.6923076923076923
1184,4.290722177158316,0.8076923076923077
1185,3.783066962560798,0.8076923076923077
1186,3.1692120119243263,0.7692307692307693
1187,3.4075655242063196,0.7307692307692307
1188,4.1113675169072765,0.7692307692307693
1189,3.6181756261327433,0.6538461538461539
1190,4.3798167165007,0.8076923076923077
1191,3.630425114105008,0.8076923076923077
1192,3.8954630143401143,0.8076923076923077
1193,4.482219778395507,0.7692307692307693
1194,3.7033285884929144,0.7692307692307693
1195,3.7611341935954625,0.8076923076923077
1196,3.9321347838776632,0.8076923076923077
1197,3.466014507413231,0.6923076923076923
1198,3.717917301441601,0.6923076923076923
1199,4.043610848452472,0.6538461538461539
1200,3.3473012511216655,0.6923076923076923
1201,3.9217934993948815,0.9615384615384616
1202,3.1728289973086494,0.6538461538461539
1203,3.867169998246326,0.7692307692307693
1204,3.308474183552607,0.6923076923076923
1205,3.6542052788485253,0.7692307692307693
1206,3.2297569157950807,0.8076923076923077
1207,2.837268844721422,0.8076923076923077
1208,3.5052007059632797,0.8076923076923077
1209,3.033821622836414,0.6923076923076923
1210,3.2502337640828376,0.7692307692307693
1211,3.405127382534422,0.7307692307692307
1212,3.104965024024619,0.6923076923076923
1213,3.9528758511218856,0.8461538461538461
1214,3.4142814682205933,0.8461538461538461
1215,3.5863866923305237,0.7307692307692307
1216,3.905382589698546,0.7307692307692307
1217,3.3938047848005053,0.7692307692307693
1218,3.2207485418612074,0.7307692307692307
1219,4.229964089544786,0.7692307692307693
1220,3.8059091452332106,0.6153846153846154
1221,3.5980181901565422,0.6923076923076923
1222,3.6343501584970586,0.7307692307692307
1223,3.366498907946701,0.7692307692307693
1224,4.390342967854075,0.7307692307692307
1225,2.814758368940624,0.7307692307692307
1226,3.2700276998871116,0.7692307692307693
1227,4.517788766264216,0.9615384615384616
1228,4.067603275943965,0.6923076923076923
1229,3.84794832163473,0.7692307692307693
1230,5.073368145594204,0.6923076923076923
1231,4.079083437663735,0.8461538461538461
1232,3.934993530619175,0.7692307692307693
1233,3.526688226924673,0.8076923076923077
1234,4.582895699885421,0.8461538461538461
1235,3.652773255444394,0.8076923076923077
1236,3.8728615650721925,0.7692307692307693
1237,2.837550504915881,0.7692307692307693
1238,3.757198811751552,0.8846153846153846
1239,3.5327899501541395,0.7307692307692307
1240,3.0296973450043896,0.6923076923076923
1241,3.3366765890767205,0.6538461538461539
1242,3.3168310650485795,0.7692307692307693
1243,3.4765707778290516,0.6538461538461539
1244,3.547515264926679,0.7307692307692307
1245,3.3983571025908392,0.8076923076923077
1246,3.9787240946780114,0.8461538461538461
1247,3.4825006326666874,0.8076923076923077
1248,3.8918458342170217,0.8461538461538461
1249,4.445490560804062,0.7692307692307693
1250,3.1325335893808353,0.7692307692307693
1251,4.648047706692832,0.8461538461538461
1252,3.025302681373308,0.8461538461538461
1253,3.0697160114561672,0.7307692307692307
1254,3.016770274700389,0.7307692307692307
1255,3.719345497994506,0.8076923076923077
1256,3.3599039971160822,0.8461538461538461
1257,3.218703822539541,0.8076923076923077
1258,3.949642191110543,0.8461538461538461
1259,3.45114897268882,0.8076923076923077
1260,3.8280153849798504,0.8076923076923077
1261,4.2193748571022605,0.8461538461538461
1262,3.947049855060193,0.8461538461538461
1263,4.219717427757468,0.7307692307692307
1264,3.69613109968113,0.6538461538461539
1265,5.055957559883976,0.6923076923076923
1266,5.253115602832495,0.8076923076923077
1267,3.4075789313850957,0.6923076923076923
1268,4.131114768350825,0.7307692307692307
1269,3.265815726835095,0.6923076923076923
1270,4.17085479312527,0.8076923076923077
1271,4.141194517182099,0.7692307692307693
1272,3.310792195339438,0.6923076923076923
1273,4.013856365116383,0.8076923076923077
1274,4.107641445166383,0.7692307692307693
1275,4.25056060064799,0.8461538461538461
1276,4.509243005986202,0.8076923076923077
1277,3.652249024378351,0.7307692307692307
1278,3.973722144116489,0.8846153846153846
1279,4.385658352110987,0.9230769230769231
1280,4.501600003760203,0.9230769230769231
1281,4.416303943697627,0.9230769230769231
1282,4.372786318520305,0.8461538461538461
1283,4.260231067565039,0.8076923076923077
1284,3.933054124311037,0.8076923076923077
1285,3.8854222366331843,0.8461538461538461
1286,3.9447566178941296,0.8461538461538461
1287,4.40476623038605,0.7692307692307693
1288,3.9967785748506066,0.7692307692307693
1289,3.881721779886998,0.8076923076923077
1290,4.473343693051454,0.7692307692307693
1291,4.277575190418646,0.7307692307692307
1292,3.826981797510807,0.8076923076923077
1293,3.5804569113638056,0.8461538461538461
1294,3.5096896995321734,0.8076923076923077
1295,3.4519907943300265,0.8076923076923077
1296,3.688975671879343,0.9230769230769231
1297,3.78656264856607,0.8846153846153846
1298,3.8205412051813727,0.8846153846153846
1299,3.9398610790216924,0.8076923076923077
1300,3.837891628527836,0.8076923076923077
1301,4.507358167730203,0.8846153846153846
1302,4.5371563887503426,0.8846153846153846
1303,4.34259045622889,0.8461538461538461
1304,4.290375447795409,0.8461538461538461
1305,3.759352286067296,0.9230769230769231
1306,4.08669245790177,0.8076923076923077
1307,4.138746087566149,0.8846153846153846
1308,4.589470373560949,0.8076923076923077
1309,4.167856891624401,0.9615384615384616
1310,4.216212616454393,0.9230769230769231
1311,4.138559464093878,0.9615384615384616
1312,4.134440809777438,0.9230769230769231
1313,3.6141248209036436,1.0
1314,4.234709180896975,0.8461538461538461
1315,3.7608977580328737,1.0
1316,3.263452512192796,0.8076923076923077
1317,3.9393337703368143,0.8076923076923077
1318,3.135938147226417,0.8461538461538461
1319,4.075909779043533,0.8461538461538461
1320,3.3839095422991994,0.8076923076923077
1321,3.3940759867470796,0.9230769230769231
1322,3.235398072411241,0.8461538461538461
1323,3.239410798873307,0.9615384615384616
1324,3.5299324913233616,0.8846153846153846
1325,3.6032089525759714,0.8461538461538461
1326,3.735784423104641,0.9230769230769231
1327,4.433986166511763,0.7692307692307693
1328,3.2947915961869794,0.8461538461538461
1329,3.6017984738123365,0.8076923076923077
1330,3.5435540075107896,0.8076923076923077
1331,3.865640838510052,0.8076923076923077
1332,3.0845358960921416,0.8076923076923077
1333,3.447733583061935,0.8846153846153846
1334,3.6876180729178905,0.8846153846153846
1335,3.3966146125028653,0.8461538461538461
1336,4.133918860355022,0.7692307692307693
1337,3.7235040012894656,0.7692307692307693
1338,4.010299616499573,0.8846153846153846
1339,3.6867288405186205,0.9230769230769231
1340,4.396742258811649,0.9230769230769231
1341,3.647687294356876,0.7692307692307693
1342,4.122278308959008,0.8461538461538461
1343,3.327230945369034,0.9230769230769231
1344,3.762910759028141,0.8076923076923077
1345,3.5485956651067676,0.7307692307692307
1346,3.5467513732864178,0.7692307692307693
1347,2.988023540664087,0.7307692307692307
1348,3.279503711402849,0.7692307692307693
1349,3.6785044133391502,0.8461538461538461
1350,3.4505851056606387,0.7307692307692307
1351,4.080010960765992,0.8076923076923077
1352,4.006471393785345,0.8461538461538461
1353,4.096089593099066,0.7307692307692307
1354,4.2743896936298045,0.7692307692307693
1355,3.877238388510468,0.7692307692307693
1356,3.647864073943549,0.7692307692307693
1357,3.1832777517942317,0.8461538461538461
1358,3.815853369628567,0.9615384615384616
1359,3.5021615244985482,0.7692307692307693
1360,2.9617619257706767,0.7692307692307693
1361,2.798587518332275,0.6923076923076923
1362,3.3732228199021033,0.7307692307692307
1363,2.8459411547355242,0.7692307692307693
1364,4.467302569837953,0.7307692307692307
1365,3.5551149848753014,0.6923076923076923
1366,3.3385373706502808,0.6538461538461539
1367,2.9582328284578185,0.7692307692307693
1368,3.397305061386459,0.6538461538461539
1369,4.233178613362671,0.6923076923076923
1370,3.3196099283695295,0.7307692307692307
1371,3.7378657384582574,0.7307692307692307
1372,4.518882492435834,0.6923076923076923
1373,4.056822088745342,0.7307692307692307
1374,3.962652033769907,0.7692307692307693
1375,4.558978477323572,0.8846153846153846
1376,3.4692903069108536,0.7307692307692307
1377,3.8308972595979585,0.7307692307692307
1378,3.6668796325602253,0.8076923076923077
1379,3.749231595300121,0.8076923076923077
1380,4.203725133685075,0.6153846153846154
1381,3.8934533473502575,0.7692307692307693
1382,3.6658677202513497,0.7307692307692307
1383,3.639106197320279,0.6923076923076923
1384,3.000292063938897,0.8076923076923077
1385,3.5485592438631652,0.7307692307692307
1386,4.293928100051116,0.7307692307692307
1387,3.675395551219997,0.6538461538461539
1388,3.304511744627534,0.6153846153846154
1389,4.104243023632427,0.6923076923076923
1390,4.041331499858412,0.7692307692307693
1391,4.395326746418206,0.8846153846153846
1392,4.343228422910448,0.9230769230769231
1393,4.218221037688511,0.6923076923076923
1394,3.8204497793778525,0.7307692307692307
1395,3.920374342178377,0.6538461538461539
1396,4.087446306806598,0.6538461538461539
1397,4.355986008327708,0.6923076923076923
1398,3.2688969733016107,0.6153846153846154
1399,3.474704536058642,0.7307692307692307
1400,4.1781009179545965,0.6923076923076923
1401,3.5245323474821935,0.6538461538461539
1402,3.6713548925102373,0.6923076923076923
1403,3.7029069062262905,0.6153846153846154
1404,4.005319094163125,0.7307692307692307
1405,4.117341771428566,0.8076923076923077
1406,3.874673211744655,0.8846153846153846
1407,4.667707993286484,0.8461538461538461
1408,4.002204878807729,0.8461538461538461
1409,4.0321006347605435,0.8846153846153846
1410,3.748627248691509,0.7307692307692307
1411,3.6051996128534642,0.6923076923076923
1412,3.572542045143616,0.8076923076923077
1413,4.008353049518601,0.8076923076923077
1414,3.4129015070193316,0.6923076923076923
1415,4.201303101926655,0.6538461538461539
1416,3.7889152632981906,0.7692307692307693
1417,3.3641608604623907,0.6153846153846154
1418,3.512443355225994,0.6538461538461539
1419,3.3219055500056607,0.7307692307692307
1420,3.8508200574058096,0.8076923076923077
1421,3.154474640655007,0.7307692307692307
1422,4.251157226284715,0.8461538461538461
1423,3.5517140424400395,0.8461538461538461
1424,3.7807061719401327,0.8076923076923077
1425,3.834238987220365,0.7692307692307693
1426,4.313650464662722,0.8461538461538461
1427,3.2862271431071575,0.8461538461538461
1428,3.732917006226269,0.8461538461538461
1429,3.682555456682061,0.6923076923076923
1430,3.6155977184816095,0.6538461538461539
1431,3.6289035734793713,0.8461538461538461
1432,3.8414446080649274,0.8461538461538461
1433,4.10295630137402,0.8846153846153846
1434,4.331920805002392,0.8076923076923077
1435,4.203062544117475,0.7307692307692307
1436,4.56891721305846,0.8076923076923077
1437,4.339265282560616,0.7307692307692307
1438,4.305184342601244,0.8076923076923077
1439,4.591127697996877,0.7692307692307693
1440,4.26084374768785,0.7307692307692307
1441,4.375227907812995,0.8076923076923077
1442,3.790416678984012,0.7307692307692307
1443,4.2597691549846255,0.7692307692307693
1444,4.5234487105193555,0.7307692307692307
1445,3.824578779176511,0.8846153846153846
1446,3.5685344128848335,0.8076923076923077
1447,3.83354414551197,0.8461538461538461
1448,4.229566545964263,0.7307692307692307
1449,3.5441230336047433,0.7307692307692307
1450,3.8271893052038624,0.8461538461538461
1451,3.940293751119632,0.9230769230769231
1452,2.7095753144441836,0.8461538461538461
1453,3.700279646822926,0.7692307692307693
1454,3.7711294481238893,0.8846153846153846
1455,3.470239878021188,0.8076923076923077
1456,3.030137749553572,0.8461538461538461
1457,3.724899422507561,0.8846153846153846
1458,3.8943714994830434,0.8461538461538461
1459,3.626513329153994,0.7692307692307693
1460,3.2613475180860303,0.7307692307692307
1461,3.3351197986349628,0.6923076923076923
1462,3.001576220644841,0.6538461538461539
1463,2.92033835328776,0.7692307692307693
1464,3.3209602615389757,0.6538461538461539
1465,3.330210553425675,0.7307692307692307
1466,3.2246095187867274,0.8461538461538461
1467,3.88287100281532,0.7692307692307693
1468,3.404507513257903,0.8076923076923077
1469,3.626573215884481,0.7692307692307693
1470,3.664834008858559,0.7307692307692307
1471,4.023132322070514,0.7307692307692307
1472,3.6317440792545734,0.7307692307692307
1473,3.5844393086542206,0.8846153846153846
1474,3.60627172975133,0.7692307692307693
1475,3.8007467435756768,0.7692307692307693
1476,3.5166715174355407,0.8461538461538461
1477,3.56705751475584,0.7307692307692307
1478,2.9267722890916152,0.7307692307692307
1479,3.1468370402071892,0.7692307692307693
1480,3.740228145423175,0.7307692307692307
1481,3.605627806834551,0.6923076923076923
1482,3.582513833283852,0.7307692307692307
1483,3.077560764656961,0.6538461538461539
1484,3.4409664687595307,0.6538461538461539
1485,3.497292206974941,0.6538461538461539
1486,3.677809777265744,0.6923076923076923
1487,3.3318166631185306,0.6153846153846154
1488,3.449675991287545,0.6923076923076923
1489,3.436433048720678,0.7307692307692307
1490,3.7583219676579436,0.7307692307692307
1491,3.414643942979005,0.7692307692307693
1492,3.2955711585499965,0.7692307692307693
1493,3.2391468689953373,0.8076923076923077
1494,3.572914132833374,0.8846153846153846
1495,3.430158291023349,0.8461538461538461
1496,4.495902484112124,0.8846153846153846
1497,3.142395072516609,0.9230769230769231
1498,3.77635364033161,0.8076923076923077
1499,4.015279203616538,0.8461538461538461
1500,3.6185301203984426,0.8076923076923077
