# Trial 8: ath=0.0256  reg=4.44e-03  hd=600  L=9  best_er=0.2692
iter,loss,error_rate
1,2.949920343443023,0.7307692307692307
2,3.2281405560177348,0.7307692307692307
3,3.0316827825237804,0.7307692307692307
4,3.1565968493100236,0.7692307692307693
5,3.147366599310166,0.7692307692307693
6,3.678304065936456,0.8076923076923077
7,3.1068726007609184,0.7307692307692307
8,3.091950928824972,0.8076923076923077
9,3.3442159080481835,0.7692307692307693
10,3.2389977452395575,0.6923076923076923
11,3.6614813752128956,0.7307692307692307
12,2.9461193768368212,0.8461538461538461
13,4.44808035978233,0.6923076923076923
14,3.3200076879005422,0.8076923076923077
15,3.0788716924227715,0.6538461538461539
16,3.2273327142793318,0.8076923076923077
17,3.3604430198248387,0.6923076923076923
18,3.6722632237035038,0.7692307692307693
19,3.236338522751366,0.8076923076923077
20,3.3706489283146484,0.7692307692307693
21,3.380036846780037,0.8076923076923077
22,3.3362589171335255,0.7307692307692307
23,3.3112823863204817,0.7692307692307693
24,3.2468421581246285,0.8461538461538461
25,4.089468488546152,0.8076923076923077
26,3.1705443467298524,0.8076923076923077
27,3.3928929145964326,0.8461538461538461
28,3.7095556391899036,0.8076923076923077
29,3.626553467289976,0.8461538461538461
30,4.565688176850151,0.8846153846153846
31,4.144456804577,0.7692307692307693
32,3.514984835285138,0.7692307692307693
33,3.853030597722572,0.8076923076923077
34,3.243190702229172,0.7692307692307693
35,3.848914647808321,0.7692307692307693
36,4.322555880249911,0.8076923076923077
37,3.1842395990834453,0.7307692307692307
38,3.668848864299719,0.7692307692307693
39,3.4682112135157928,0.7307692307692307
40,3.4831479871387723,0.7692307692307693
41,3.645613234934584,0.7307692307692307
42,4.124689961072946,0.6538461538461539
43,3.516240197121798,0.7307692307692307
44,3.530257874048926,0.7692307692307693
45,3.1975024165135344,0.6538461538461539
46,4.303238913237642,0.7307692307692307
47,4.514822538806947,0.7692307692307693
48,3.7740659894822963,0.7307692307692307
49,3.337850891795491,0.6153846153846154
50,4.5194149929907415,0.7692307692307693
51,3.5662007883007982,0.6923076923076923
52,3.48717013048885,0.8076923076923077
53,3.2484724018804845,0.6923076923076923
54,4.628422645225217,0.6538461538461539
55,4.076497850785328,0.6923076923076923
56,3.8770138899454465,0.8076923076923077
57,3.3091738164623297,0.6923076923076923
58,3.204678175082423,0.7692307692307693
59,4.08259879765148,0.7692307692307693
60,3.4051040610647996,0.6923076923076923
61,3.488234857506872,0.7692307692307693
62,3.6067334840786365,0.6923076923076923
63,3.59035991938341,0.7692307692307693
64,3.550413525906565,0.6923076923076923
65,3.8392272692137563,0.6923076923076923
66,3.5422056023945685,0.7307692307692307
67,3.695640166723755,0.7307692307692307
68,4.619601818019601,0.6538461538461539
69,4.009469469709287,0.7307692307692307
70,3.476203317234579,0.7692307692307693
71,3.507346155221784,0.8076923076923077
72,3.497153981026358,0.6923076923076923
73,3.4522792501105912,0.7692307692307693
74,3.184135764174785,0.6153846153846154
75,3.0319765040353666,0.7307692307692307
76,3.2912727612966575,0.6923076923076923
77,3.4062441867961835,0.6923076923076923
78,3.1130387031837556,0.6923076923076923
79,3.1186561912174833,0.6538461538461539
80,3.1774959655371866,0.6923076923076923
81,3.7845483160448605,0.6923076923076923
82,3.3054852828762358,0.7307692307692307
83,3.166230386447094,0.6923076923076923
84,3.3793656979281077,0.7307692307692307
85,3.020344829399166,0.8076923076923077
86,3.195367526685286,0.7692307692307693
87,3.123262495803826,0.6153846153846154
88,2.5456835013719568,0.6923076923076923
89,3.076163572258505,0.6923076923076923
90,3.060099172221876,0.6538461538461539
91,3.7769451304590476,0.7307692307692307
92,3.1471609825060574,0.7692307692307693
93,3.430707561658644,0.7307692307692307
94,2.936079370081197,0.6923076923076923
95,2.616197860608292,0.7692307692307693
96,3.2785227831957275,0.7307692307692307
97,3.3552165146879287,0.7692307692307693
98,2.9724785445949387,0.6923076923076923
99,3.3317331000214976,0.6538461538461539
100,3.3090599906171674,0.7307692307692307
101,3.209742812801503,0.6153846153846154
102,3.60889229559011,0.6923076923076923
103,3.3757117834523735,0.7307692307692307
104,3.783701828844398,0.7307692307692307
105,4.1429205151135795,0.6538461538461539
106,3.0454296587410843,0.6923076923076923
107,3.0022492877545086,0.6538461538461539
108,2.9555618317942622,0.7307692307692307
109,2.9338387458709136,0.6538461538461539
110,2.821612781368316,0.6923076923076923
111,4.071407833045106,0.6538461538461539
112,3.0422804335578792,0.7307692307692307
113,2.9850509880651823,0.6538461538461539
114,4.011395626272615,0.6923076923076923
115,2.8768766508304293,0.6538461538461539
116,4.172682390286342,0.6153846153846154
117,2.779718168665987,0.6538461538461539
118,2.6765458474973105,0.6153846153846154
119,3.514611471221755,0.7307692307692307
120,3.0337886716209845,0.7307692307692307
121,2.9919652185547125,0.6923076923076923
122,2.5382427208235767,0.6923076923076923
123,2.5360270065646713,0.6153846153846154
124,3.040652906903338,0.6538461538461539
125,3.0908377730618763,0.6538461538461539
126,2.7386285744741965,0.6538461538461539
127,2.7461444731917704,0.6923076923076923
128,2.3771580665228234,0.6923076923076923
129,3.0895792116091534,0.6538461538461539
130,3.289059205304926,0.6153846153846154
131,2.677815713944125,0.6923076923076923
132,2.8091168437987397,0.6538461538461539
133,2.967081768576711,0.6923076923076923
134,2.9079161092144,0.6538461538461539
135,2.3593776334236507,0.6923076923076923
136,2.7437296424007274,0.7307692307692307
137,2.7543903742754337,0.6538461538461539
138,2.5175730259842983,0.6153846153846154
139,2.4912563455926766,0.6538461538461539
140,2.259760306392184,0.6538461538461539
141,3.0444479810596254,0.6923076923076923
142,2.111456552475062,0.5769230769230769
143,2.4473899651235635,0.5769230769230769
144,2.3663484153427135,0.6153846153846154
145,2.0721507104520036,0.5769230769230769
146,2.589394487857671,0.6923076923076923
147,2.6806101513607334,0.6538461538461539
148,2.397927772729558,0.5769230769230769
149,2.674903431125565,0.5
150,2.611003703054818,0.6538461538461539
151,2.155365429042239,0.6153846153846154
152,2.2692374384938,0.5384615384615384
153,1.8769981894228058,0.5384615384615384
154,2.2928379902393257,0.5769230769230769
155,1.8937451844032969,0.6538461538461539
156,2.247931743744606,0.5384615384615384
157,2.1965628535513795,0.6153846153846154
158,2.3961031781351245,0.5
159,2.37053319956953,0.5769230769230769
160,2.0022158158973484,0.5769230769230769
161,2.082253465802401,0.46153846153846156
162,2.6053763265317844,0.46153846153846156
163,2.410590486140501,0.5
164,1.995737292852119,0.5769230769230769
165,2.139475313905507,0.5769230769230769
166,2.1535046786424834,0.5769230769230769
167,2.315473944405883,0.46153846153846156
168,2.0764265868916936,0.46153846153846156
169,2.0932781880122437,0.5769230769230769
170,2.4054505849331695,0.5384615384615384
171,1.95699046493035,0.6153846153846154
172,2.043423072504313,0.5384615384615384
173,2.163358020336695,0.5384615384615384
174,1.8022184033983772,0.5384615384615384
175,2.164715169036806,0.5
176,1.8334046962128467,0.5384615384615384
177,1.7502868494838797,0.6153846153846154
178,1.8068631619310427,0.5769230769230769
179,1.9554437033314598,0.5
180,2.215866363892591,0.46153846153846156
181,2.0688723267243114,0.4230769230769231
182,1.9909227119100903,0.46153846153846156
183,1.8792380135530462,0.5384615384615384
184,2.1603672165968266,0.5384615384615384
185,1.7791529069593237,0.5384615384615384
186,1.993181727126479,0.5769230769230769
187,1.8447590096461732,0.5
188,1.8508984773335677,0.6153846153846154
189,2.0684568286635114,0.5
190,2.000537374918782,0.5384615384615384
191,1.7691162407342638,0.5
192,1.7117415913365495,0.5384615384615384
193,1.9122378766368222,0.5769230769230769
194,1.767663845045724,0.46153846153846156
195,1.8511635889700866,0.6153846153846154
196,1.8790549677182993,0.5
197,1.8619582738728657,0.5
198,1.716331731600951,0.5384615384615384
199,2.1620599868619705,0.5769230769230769
200,1.9725141401626909,0.5384615384615384
201,1.9835742090305322,0.5384615384615384
202,1.7226162288157594,0.5
203,1.935524546245159,0.5769230769230769
204,1.8215863359028839,0.5769230769230769
205,1.759667395262471,0.5384615384615384
206,1.9780338768478918,0.5769230769230769
207,2.166063780107023,0.5769230769230769
208,1.8973948374695981,0.5769230769230769
209,1.9754953644137139,0.5
210,1.795592963220969,0.5
211,1.6633628228597788,0.6153846153846154
212,2.0172300226618365,0.5384615384615384
213,1.7870282095725618,0.5
214,1.772090691175812,0.5769230769230769
215,1.9199764497891967,0.5384615384615384
216,1.6777881487005732,0.5384615384615384
217,1.920251115946459,0.5384615384615384
218,1.665520238324087,0.5769230769230769
219,1.6532435411647004,0.5384615384615384
220,2.100879178204424,0.5769230769230769
221,1.559886806462419,0.5384615384615384
222,1.7249047191996405,0.5384615384615384
223,1.8014054363851504,0.5
224,2.041587900805913,0.5384615384615384
225,1.7437532736959582,0.5769230769230769
226,1.6790525929094826,0.5384615384615384
227,1.69367776099873,0.5384615384615384
228,1.6403398621177572,0.5
229,1.35915419783348,0.5769230769230769
230,1.5057222169685978,0.5384615384615384
231,1.5364053180274473,0.5384615384615384
232,1.5003106732135882,0.5
233,1.5887675738028282,0.5
234,1.7890241608576607,0.46153846153846156
235,1.621784789753754,0.5384615384615384
236,1.2860675887995336,0.5
237,1.5369552075811104,0.46153846153846156
238,1.6546954365402402,0.5
239,1.4290348889506026,0.5
240,1.532733436622021,0.5
241,1.6835719822686932,0.5384615384615384
242,1.6701541341638637,0.5769230769230769
243,1.8458791197270927,0.4230769230769231
244,1.612600451620247,0.46153846153846156
245,1.5984502704681487,0.38461538461538464
246,1.6931056113449825,0.5
247,1.8376139423020308,0.38461538461538464
248,1.5011547078334238,0.34615384615384615
249,1.5214116600945728,0.4230769230769231
250,1.6876066681330222,0.38461538461538464
251,1.606878914876803,0.34615384615384615
252,1.5392310468206885,0.38461538461538464
253,1.5409031180235995,0.38461538461538464
254,1.6884232978665576,0.38461538461538464
255,1.7092095581225693,0.4230769230769231
256,1.4375471410151226,0.4230769230769231
257,1.732293518656796,0.5
258,1.5740388058328176,0.34615384615384615
259,1.5232646333432978,0.46153846153846156
260,1.7147813257062905,0.34615384615384615
261,1.7483635073818913,0.46153846153846156
262,1.6886927105775722,0.4230769230769231
263,1.6843000854043528,0.46153846153846156
264,1.398561218448926,0.46153846153846156
265,1.7955906540990072,0.38461538461538464
266,1.6138055088905765,0.5
267,1.5455376222363442,0.4230769230769231
268,1.7451885030667227,0.4230769230769231
269,1.4609449816099418,0.4230769230769231
270,1.6237569275386514,0.4230769230769231
271,1.412570652700448,0.46153846153846156
272,1.4885565027613945,0.46153846153846156
273,1.6511613253242068,0.4230769230769231
274,1.3606741506535132,0.46153846153846156
275,1.4610869044099553,0.4230769230769231
276,1.3099055230370877,0.4230769230769231
277,1.2034420045219036,0.38461538461538464
278,1.2870785509585438,0.4230769230769231
279,1.397636189018721,0.46153846153846156
280,1.2479329160987345,0.46153846153846156
281,1.311175975065295,0.4230769230769231
282,1.6556272488556498,0.38461538461538464
283,1.322739580552538,0.5
284,1.2155548361705222,0.38461538461538464
285,1.3303542346047794,0.46153846153846156
286,1.4055700322236049,0.5
287,1.3745546554819097,0.46153846153846156
288,1.3902971748097852,0.34615384615384615
289,1.3745326154082536,0.4230769230769231
290,1.4512283777252186,0.38461538461538464
291,1.3059700602663389,0.4230769230769231
292,2.269244776496732,0.38461538461538464
293,0.9401510738418235,0.34615384615384615
294,1.1457407768846968,0.46153846153846156
295,2.1456618942219468,0.34615384615384615
296,1.067573968630064,0.46153846153846156
297,1.1463476570316438,0.4230769230769231
298,1.1290651702962893,0.4230769230769231
299,1.1059516025794036,0.38461538461538464
300,1.1646266276978847,0.4230769230769231
301,1.0081395424872435,0.38461538461538464
302,1.2052287329944318,0.38461538461538464
303,0.9635125315863124,0.4230769230769231
304,2.185565128070235,0.46153846153846156
305,0.9679054076496958,0.4230769230769231
306,0.9855229662132903,0.38461538461538464
307,1.013255032277978,0.34615384615384615
308,1.0396419648694546,0.46153846153846156
309,0.9396208223015967,0.46153846153846156
310,0.9971240589685517,0.38461538461538464
311,1.3447200635826033,0.46153846153846156
312,1.3001234701837054,0.4230769230769231
313,1.1352549710500486,0.38461538461538464
314,1.0411642911095225,0.34615384615384615
315,1.3718886965720145,0.4230769230769231
316,1.2896032329589682,0.4230769230769231
317,1.1372598032684482,0.34615384615384615
318,1.0519952595915747,0.3076923076923077
319,0.8601863914885839,0.4230769230769231
320,1.2336724941643775,0.38461538461538464
321,1.156807142568574,0.38461538461538464
322,0.9465811565474094,0.38461538461538464
323,1.2120113574376319,0.38461538461538464
324,1.2086263607516332,0.34615384615384615
325,1.010070816387989,0.34615384615384615
326,0.9149643065385242,0.34615384615384615
327,0.9863455645038153,0.38461538461538464
328,0.9928367947881114,0.38461538461538464
329,0.9938324559278007,0.38461538461538464
330,1.1497690350142156,0.38461538461538464
331,0.9185909506508452,0.38461538461538464
332,0.957325260116165,0.38461538461538464
333,1.0677905965288694,0.34615384615384615
334,0.9389110540157648,0.38461538461538464
335,0.9649672879366844,0.4230769230769231
336,0.9093678768754403,0.4230769230769231
337,1.0932895839903325,0.38461538461538464
338,1.0072531130409996,0.38461538461538464
339,1.3092166324537198,0.3076923076923077
340,1.146550344924695,0.34615384615384615
341,1.0992620831598574,0.34615384615384615
342,1.0171799897458604,0.38461538461538464
343,1.1215613547589078,0.38461538461538464
344,0.889795247692895,0.34615384615384615
345,1.0612532332381446,0.38461538461538464
346,0.9083474205876625,0.38461538461538464
347,0.8773035674559231,0.4230769230769231
348,1.0085352116846302,0.38461538461538464
349,1.1999485159871073,0.46153846153846156
350,0.9236012575787353,0.38461538461538464
351,1.1734118083058114,0.4230769230769231
352,1.091422719307021,0.46153846153846156
353,0.9142299994490601,0.38461538461538464
354,1.0820030236739933,0.34615384615384615
355,1.2092545134908315,0.46153846153846156
356,1.123912058029367,0.4230769230769231
357,0.883444556066757,0.38461538461538464
358,0.9684311005411363,0.38461538461538464
359,1.0728716656662716,0.46153846153846156
360,1.1396912258774499,0.38461538461538464
361,1.0761469964658743,0.38461538461538464
362,0.7897419598365749,0.34615384615384615
363,0.7714482982224191,0.38461538461538464
364,0.9775436267078432,0.3076923076923077
365,1.0759902949415432,0.3076923076923077
366,1.0337381470984086,0.38461538461538464
367,1.0258143689028878,0.34615384615384615
368,0.9960480240084846,0.4230769230769231
369,0.9621503511461915,0.38461538461538464
370,0.7059905276113896,0.4230769230769231
371,0.8222287726417057,0.38461538461538464
372,0.9018082875993287,0.38461538461538464
373,1.018893465629029,0.38461538461538464
374,1.0568628531363096,0.3076923076923077
375,0.9173835474404286,0.34615384615384615
376,1.047508517594892,0.38461538461538464
377,1.063436345799981,0.3076923076923077
378,0.7929386559227929,0.34615384615384615
379,0.8695340838138823,0.3076923076923077
380,1.0185575155810382,0.34615384615384615
381,0.9983371150856366,0.3076923076923077
382,1.1849064506719502,0.4230769230769231
383,0.9083987537186882,0.38461538461538464
384,0.8111884612646518,0.3076923076923077
385,1.136869252797281,0.34615384615384615
386,0.7883313170224131,0.38461538461538464
387,1.0230238916778243,0.38461538461538464
388,0.9543656011659194,0.38461538461538464
389,1.3720374226499397,0.38461538461538464
390,0.9645916538610997,0.38461538461538464
391,1.1051574156271178,0.34615384615384615
392,0.9091672531881794,0.34615384615384615
393,0.9065510574090387,0.38461538461538464
394,0.9968607000912086,0.38461538461538464
395,0.6361164176873508,0.34615384615384615
396,0.8523660192814506,0.34615384615384615
397,0.8087496544011594,0.34615384615384615
398,1.1758430023840916,0.38461538461538464
399,0.7844586069587316,0.34615384615384615
400,0.8589767335923475,0.38461538461538464
401,0.8384915679869454,0.34615384615384615
402,0.8772102630015617,0.3076923076923077
403,0.8573327354707398,0.34615384615384615
404,0.8354395356123363,0.3076923076923077
405,0.6427535870812968,0.34615384615384615
406,0.9019358026307804,0.38461538461538464
407,0.7693933061392428,0.38461538461538464
408,0.8560534171148482,0.38461538461538464
409,0.9798398856501462,0.34615384615384615
410,0.8878725327340851,0.38461538461538464
411,0.9736816672918192,0.38461538461538464
412,0.6148831161040573,0.34615384615384615
413,0.7259158134589012,0.38461538461538464
414,0.8548457336512167,0.34615384615384615
415,1.0278869226053495,0.38461538461538464
416,1.039112443250832,0.2692307692307692
417,0.8014443931760047,0.34615384615384615
418,1.8179441081734984,0.4230769230769231
419,0.8646654205799047,0.38461538461538464
420,0.8815968287358751,0.34615384615384615
421,0.702189061699229,0.4230769230769231
422,0.6570804031215549,0.4230769230769231
423,0.8896762586412166,0.34615384615384615
424,0.9724026760745115,0.34615384615384615
425,0.898939381826275,0.38461538461538464
426,0.8004504196389233,0.34615384615384615
427,0.8997014937326937,0.38461538461538464
428,0.6679219700624959,0.4230769230769231
429,0.6957068788489709,0.34615384615384615
430,0.9273141142287866,0.4230769230769231
431,1.0474224084698367,0.4230769230769231
432,0.6698639988473589,0.34615384615384615
433,0.6981022752249921,0.4230769230769231
434,0.9106138630946177,0.34615384615384615
435,0.8630577853714976,0.38461538461538464
436,0.7770675412610184,0.46153846153846156
437,0.8125415277117807,0.46153846153846156
438,0.8248906180854743,0.34615384615384615
439,0.8773423194539007,0.3076923076923077
440,0.8086234973714335,0.34615384615384615
441,0.7975787460202226,0.2692307692307692
442,0.9252937309269291,0.2692307692307692
443,0.7673460387673545,0.3076923076923077
444,0.8034735725995827,0.38461538461538464
445,0.6573355685375248,0.4230769230769231
446,0.8672919147781921,0.4230769230769231
447,0.6134529772247541,0.2692307692307692
448,0.7280267356788066,0.4230769230769231
449,0.8906461887641113,0.38461538461538464
450,0.722702923007478,0.3076923076923077
451,0.827905475544684,0.38461538461538464
452,0.679597773891933,0.38461538461538464
453,0.6796142047100924,0.38461538461538464
454,0.7947417790927225,0.4230769230769231
455,0.7236196866431159,0.38461538461538464
456,0.8261895228168794,0.34615384615384615
457,0.7960012099842024,0.34615384615384615
458,0.8370440662991303,0.38461538461538464
459,0.7375543129271587,0.34615384615384615
460,0.7708864686721175,0.34615384615384615
461,0.7639813721815489,0.38461538461538464
462,0.7285310066671404,0.34615384615384615
463,0.7224627165163868,0.3076923076923077
464,0.77223698490329,0.38461538461538464
465,0.9140329403882692,0.4230769230769231
466,0.8204778761142202,0.38461538461538464
467,0.9724540602550937,0.38461538461538464
468,0.717317654431108,0.38461538461538464
469,0.8708864409906143,0.34615384615384615
470,0.7378710527592496,0.34615384615384615
471,0.7884167761087406,0.4230769230769231
472,0.6908098557446438,0.3076923076923077
473,0.6339920032860777,0.4230769230769231
474,0.8241893522662469,0.2692307692307692
475,0.79100177366634,0.4230769230769231
476,0.8281475075379539,0.34615384615384615
477,0.8178862703424739,0.34615384615384615
478,0.8352985460714293,0.34615384615384615
479,0.7350106752077559,0.38461538461538464
480,0.7112182293042468,0.4230769230769231
481,0.734864462491343,0.2692307692307692
482,0.9799239656414231,0.4230769230769231
483,0.8462557778001569,0.34615384615384615
484,0.7660956459135995,0.4230769230769231
485,0.721035803980798,0.38461538461538464
486,0.7609847350919514,0.4230769230769231
487,0.7755805059964653,0.3076923076923077
488,0.8971796358021216,0.34615384615384615
489,0.8860652954696953,0.38461538461538464
490,0.8294189773217231,0.38461538461538464
491,0.8335002126708937,0.4230769230769231
492,0.8462923328651306,0.34615384615384615
493,0.7899856154639404,0.3076923076923077
494,0.7885984123188465,0.38461538461538464
495,0.9447220935253293,0.38461538461538464
496,0.798942917307373,0.4230769230769231
497,0.6941664226059139,0.34615384615384615
498,0.7103906317521931,0.4230769230769231
499,0.682537382303753,0.34615384615384615
500,0.7545759917715187,0.34615384615384615
501,0.8924036074562256,0.4230769230769231
502,0.7799911263318218,0.38461538461538464
503,0.8143154684231475,0.46153846153846156
504,0.8755215691557177,0.38461538461538464
505,0.7898464543322246,0.38461538461538464
506,0.667146360071357,0.38461538461538464
507,0.8856044352581187,0.38461538461538464
508,0.7729971189403169,0.38461538461538464
509,0.7151819050995609,0.38461538461538464
510,0.7642495943933039,0.34615384615384615
511,0.9457367646756021,0.38461538461538464
512,0.8303291171725631,0.38461538461538464
513,1.1269888681597275,0.38461538461538464
514,0.8755101445472713,0.38461538461538464
515,0.8186656188844972,0.38461538461538464
516,0.7445730718406929,0.4230769230769231
517,0.8771446455083778,0.38461538461538464
518,0.780374062497573,0.4230769230769231
519,0.6597387770594381,0.38461538461538464
520,1.1897374963912544,0.34615384615384615
521,0.8644374516320887,0.4230769230769231
522,0.6709614864538356,0.38461538461538464
523,0.7936086209385365,0.4230769230769231
524,0.6872186295493803,0.34615384615384615
525,0.7583791718527029,0.46153846153846156
526,0.7071043869467926,0.34615384615384615
527,0.8713500137659311,0.3076923076923077
528,0.6499638655963116,0.38461538461538464
529,0.8010380155050849,0.38461538461538464
530,0.5582836760542826,0.34615384615384615
531,0.6650737781926979,0.38461538461538464
532,0.7870133238642707,0.34615384615384615
533,0.7942053783160019,0.3076923076923077
534,0.7467055713542794,0.34615384615384615
535,0.8342544503302798,0.34615384615384615
536,0.8492078447822289,0.3076923076923077
537,0.9530098991789866,0.38461538461538464
538,0.8789897443811499,0.34615384615384615
539,0.7120536402175415,0.38461538461538464
540,0.6522568117016427,0.34615384615384615
541,0.7509372480779155,0.38461538461538464
542,0.7525450699346474,0.34615384615384615
543,0.7117661058576794,0.38461538461538464
544,0.742711918157628,0.3076923076923077
545,0.6239712546232812,0.3076923076923077
546,0.7513302221728462,0.34615384615384615
547,1.0470042650040075,0.4230769230769231
548,0.7407179347938224,0.3076923076923077
549,0.7702336396839238,0.34615384615384615
550,0.8196063745605882,0.34615384615384615
551,0.9361603018447129,0.38461538461538464
552,0.7829168698146991,0.34615384615384615
553,0.6802377110693429,0.2692307692307692
554,0.5855976590377283,0.3076923076923077
555,0.821625032073428,0.2692307692307692
556,0.5234009670171753,0.34615384615384615
557,0.593530916118433,0.38461538461538464
558,0.5238552125191323,0.38461538461538464
559,0.7427917033200027,0.34615384615384615
560,0.9140781823689719,0.2692307692307692
561,0.5203489717524734,0.3076923076923077
562,0.5346518100529565,0.2692307692307692
563,0.629423898855467,0.2692307692307692
564,0.6425147480135212,0.3076923076923077
565,0.5691304331301605,0.34615384615384615
566,0.6295093595700711,0.3076923076923077
567,0.7775894785721493,0.3076923076923077
568,0.6316508835702539,0.2692307692307692
569,0.5811073089584711,0.38461538461538464
570,0.6232936844852506,0.38461538461538464
571,0.7821694267048556,0.34615384615384615
572,0.7192304742344899,0.34615384615384615
573,0.6561476259972148,0.3076923076923077
574,0.6528128425279558,0.34615384615384615
575,0.5403822037520429,0.3076923076923077
576,0.5801606864512854,0.2692307692307692
577,0.7006685198514466,0.34615384615384615
578,0.7072493209923789,0.2692307692307692
579,0.7086943247070829,0.38461538461538464
580,0.6614159997293396,0.3076923076923077
581,0.7048528318223362,0.34615384615384615
582,0.8133345263351139,0.34615384615384615
583,0.6480806171075701,0.3076923076923077
584,0.5196331765258471,0.38461538461538464
585,0.5969538240752486,0.38461538461538464
586,0.7606622915220731,0.34615384615384615
587,0.7314655150385998,0.3076923076923077
588,0.5849318420527791,0.34615384615384615
589,0.6990933940879738,0.34615384615384615
590,0.5103640818823139,0.3076923076923077
591,0.5458679501237858,0.3076923076923077
592,0.7871224619102026,0.3076923076923077
593,0.7431958717553848,0.2692307692307692
594,0.49685944225739176,0.3076923076923077
595,0.9136815960547484,0.3076923076923077
596,0.5645069516515497,0.38461538461538464
597,0.5782628555592311,0.3076923076923077
598,0.5862040216316307,0.34615384615384615
599,0.5230437057248158,0.34615384615384615
600,0.6480910172905947,0.34615384615384615
601,0.5759767086201517,0.38461538461538464
602,0.6571641702455548,0.3076923076923077
603,0.7914204085104415,0.34615384615384615
604,1.0113020512156683,0.34615384615384615
605,2.987661952730211,0.6153846153846154
606,2.5079818288424063,0.34615384615384615
607,2.8346992103665616,0.6538461538461539
608,1.1658397939787735,0.4230769230769231
609,1.9511305711690898,0.5
610,1.8900817505025336,0.38461538461538464
611,1.2314478654205627,0.4230769230769231
612,1.5596407962225698,0.46153846153846156
613,1.3790680417550267,0.4230769230769231
614,1.6709559414570503,0.46153846153846156
615,1.82372292487041,0.46153846153846156
616,2.2237193918174194,0.46153846153846156
617,1.899131801524304,0.4230769230769231
618,1.9365273152621267,0.4230769230769231
619,1.866803292100561,0.4230769230769231
620,2.3844575083881674,0.5769230769230769
621,3.626220445899068,0.7307692307692307
622,1.8931301784628982,0.5384615384615384
623,2.5780276981421286,0.5384615384615384
624,1.998786784425488,0.5769230769230769
625,2.2553069487686033,0.5384615384615384
626,2.620716838915815,0.6153846153846154
627,2.559945541615031,0.6538461538461539
628,2.4053520091712564,0.5384615384615384
629,2.5998412963338895,0.5769230769230769
630,2.634305801672924,0.6538461538461539
631,2.783293452756242,0.6538461538461539
632,3.019069393837819,0.7307692307692307
633,2.1701416889069236,0.6923076923076923
634,1.9148800710327758,0.5769230769230769
635,2.2320356922433957,0.6923076923076923
636,3.3299739632278396,0.7692307692307693
637,3.0464511399327754,0.6538461538461539
638,3.0250738557576686,0.6923076923076923
639,2.668529842334417,0.6153846153846154
640,2.63049898280075,0.6923076923076923
641,2.9769310465602867,0.5769230769230769
642,3.3304507908416827,0.6153846153846154
643,2.8660582612431487,0.6923076923076923
644,4.079791010827197,0.8461538461538461
645,3.4297668195822877,0.6923076923076923
646,3.210739709505718,0.6538461538461539
647,3.197142023090302,0.6153846153846154
648,2.9360406321660264,0.6153846153846154
649,3.039939713158563,0.5769230769230769
650,3.3336890779508717,0.5769230769230769
651,3.0068739348221984,0.6153846153846154
652,2.6681505760249093,0.6538461538461539
653,2.447740037640518,0.6153846153846154
654,2.9110295554358796,0.5769230769230769
655,2.8568951242738057,0.6538461538461539
656,2.960448919407228,0.6923076923076923
657,2.5653937065759056,0.6538461538461539
658,2.873449410955892,0.6153846153846154
659,2.738831736817115,0.6153846153846154
660,2.4403406611521534,0.5769230769230769
661,2.787373712023399,0.46153846153846156
662,2.4000785830565787,0.6153846153846154
663,2.4247580485913343,0.6538461538461539
664,2.0405119855554963,0.6153846153846154
665,2.4721650342834964,0.7307692307692307
666,2.9780730484606126,0.6153846153846154
667,2.1273863091654106,0.6153846153846154
668,2.658555814045889,0.6153846153846154
669,3.673507927613653,0.6153846153846154
670,2.283145172470123,0.6923076923076923
671,3.071080300969366,0.5769230769230769
672,3.0859418247979167,0.6923076923076923
673,2.334713608584452,0.6153846153846154
674,3.0746422428400004,0.7692307692307693
675,2.91952664526553,0.7307692307692307
676,2.730951465845204,0.6153846153846154
677,2.4619577191995266,0.6153846153846154
678,2.836434651134443,0.5769230769230769
679,2.6002748525962365,0.6538461538461539
680,2.8108638003612483,0.5769230769230769
681,4.522144058041514,0.9230769230769231
682,2.484290252947943,0.5384615384615384
683,2.5988710503298935,0.5769230769230769
684,3.18003551817957,0.6923076923076923
685,3.937762891534405,0.6153846153846154
686,3.815790107312297,0.6923076923076923
687,2.911711508844462,0.6923076923076923
688,3.1801137987252828,0.5769230769230769
689,3.040785468702914,0.6538461538461539
690,3.013581200126814,0.6538461538461539
691,4.434069525698899,0.6923076923076923
692,3.1990995924717036,0.6153846153846154
693,3.409299103143618,0.6923076923076923
694,3.4688500755504874,0.8461538461538461
695,4.558966119799004,0.8461538461538461
696,4.100672173753057,0.8846153846153846
697,3.9587255254195135,0.8846153846153846
698,5.439166659323362,0.9615384615384616
699,4.169595770268964,0.8846153846153846
700,3.910833133565636,0.9230769230769231
701,4.17210727487917,0.7692307692307693
702,4.420013628208801,0.8461538461538461
703,4.142535410016772,0.7307692307692307
704,4.06151973615775,0.7692307692307693
705,3.603943998790098,0.8846153846153846
706,3.3380509387226875,0.5769230769230769
707,5.224603242505316,0.8076923076923077
708,2.9679035290508535,0.6923076923076923
709,2.892414038678128,0.7307692307692307
710,2.952217767425404,0.6538461538461539
711,2.953486838305342,0.5769230769230769
712,3.1867006801179656,0.6538461538461539
713,3.048825654465758,0.6923076923076923
714,3.142906385649653,0.5769230769230769
715,3.3197432461756073,0.6923076923076923
716,3.312657263163161,0.7307692307692307
717,4.2639448543902665,0.6153846153846154
718,3.272082894161732,0.7307692307692307
719,3.108709393419256,0.6153846153846154
720,3.2605977925896132,0.7692307692307693
721,3.3825413037690897,0.6153846153846154
722,2.937064676694536,0.7307692307692307
723,3.410090790053551,0.6923076923076923
724,4.347998066939213,0.6538461538461539
725,3.3579551034397257,0.6923076923076923
726,3.978873216676649,0.6923076923076923
727,3.502446198949977,0.7307692307692307
728,3.7788655987692152,0.6923076923076923
729,3.7372684473762607,0.7307692307692307
730,3.824196451015071,0.7307692307692307
731,4.194764482633828,0.7307692307692307
732,4.09386206481311,0.7307692307692307
733,3.9402184230356703,0.7692307692307693
734,4.138396632664787,0.7692307692307693
735,3.572313427614517,0.7307692307692307
736,3.3613477635016515,0.6153846153846154
737,3.7140615633341394,0.7692307692307693
738,3.6652715038994117,0.8076923076923077
739,3.85330936714931,0.8461538461538461
740,3.7983074440458395,0.8076923076923077
741,3.848482848495146,0.8076923076923077
742,3.9149022224005847,0.8076923076923077
743,4.941764772495823,0.8076923076923077
744,3.9658474497525433,0.7692307692307693
745,4.436811419956342,0.7692307692307693
746,4.355069834307513,0.8461538461538461
747,4.086135497563916,0.9230769230769231
748,3.5030710300075185,0.7692307692307693
749,4.0414159880977145,0.8461538461538461
750,4.350547559135247,0.8461538461538461
751,4.5912631467846285,0.8461538461538461
752,5.237275518347185,0.8461538461538461
753,5.337944856338774,0.7692307692307693
754,5.130514801577034,0.9230769230769231
755,4.477828479184472,0.8846153846153846
756,3.945022601273154,0.8846153846153846
757,4.563715267324395,0.8846153846153846
758,3.625917028814435,0.8461538461538461
759,4.547801635997346,0.8461538461538461
760,3.6182149336195804,0.8076923076923077
761,3.5717575767579053,0.8461538461538461
762,6.685850804619172,0.9230769230769231
763,3.0435283930425374,0.8076923076923077
764,4.258409114834915,0.6153846153846154
765,3.967330232328876,0.8076923076923077
766,3.1112099564654665,0.8076923076923077
767,3.1844417391248196,0.8076923076923077
768,4.792671829712658,0.7692307692307693
769,2.966685236727384,0.8461538461538461
770,3.4217399018784223,0.8461538461538461
771,3.1990737719756415,0.9230769230769231
772,5.067607180902741,0.9230769230769231
773,3.810406327754465,0.7692307692307693
774,3.742138951783484,0.8846153846153846
775,3.9745939579447533,0.8076923076923077
776,3.441217992722153,0.8076923076923077
777,4.1908339564676425,0.8846153846153846
778,3.7342724984360682,0.8461538461538461
779,3.8475716961999202,0.8076923076923077
780,3.549761682480027,0.7692307692307693
781,4.138131319285057,0.9230769230769231
782,4.989151456703753,1.0
783,3.784092253314527,0.9230769230769231
784,4.2976717676753,0.9230769230769231
785,3.7379903358026203,0.9615384615384616
786,4.468188701704376,0.8846153846153846
787,3.6675908518136353,0.8461538461538461
788,3.4031589520591545,0.9615384615384616
789,3.552115793035038,0.9230769230769231
790,3.6735405554903493,0.9230769230769231
791,3.301885684625372,0.9615384615384616
792,2.861874675272871,1.0
793,4.007696081099169,0.7692307692307693
794,3.7910775565105546,0.9230769230769231
795,3.6564026759799235,0.8846153846153846
796,3.4777889501114143,0.9230769230769231
797,3.488678735235603,0.9615384615384616
798,3.453869586846088,0.9615384615384616
799,3.5279006943633258,0.9615384615384616
800,4.370600841928548,1.0
801,3.112044691878587,0.9615384615384616
802,2.8712534080482026,0.9230769230769231
803,3.3130344513405174,0.9615384615384616
804,3.8381374163243693,0.9615384615384616
805,4.351200624242659,0.8846153846153846
806,5.049605204559073,0.9230769230769231
807,4.425983615930715,0.9615384615384616
808,3.893558489507302,0.9230769230769231
809,3.843123846274752,0.9230769230769231
810,4.248546648770146,0.9230769230769231
811,4.02165932600017,0.8846153846153846
812,3.9041351746148454,0.8846153846153846
813,3.9212809813560945,0.8846153846153846
814,3.4236726973676674,0.9230769230769231
815,3.1973665422751996,0.8846153846153846
816,3.118732192011454,0.9230769230769231
817,3.2857250609651207,0.8461538461538461
818,3.4113887801634366,0.9615384615384616
819,3.244884831441917,0.9230769230769231
820,4.231750707141191,0.8846153846153846
821,3.3921596990948153,0.8846153846153846
822,3.3394545860731393,0.8846153846153846
823,3.7436365069874666,0.8076923076923077
824,3.9257120832691403,0.8846153846153846
825,3.543367958162,0.8461538461538461
826,3.853960628660861,0.8461538461538461
827,3.4882072092218115,0.9230769230769231
828,3.853717159717188,0.8076923076923077
829,3.573897582349124,0.8846153846153846
830,4.15951191585899,0.9230769230769231
831,4.852284580136076,0.8846153846153846
832,4.285182810020199,0.9230769230769231
833,3.7051431405948905,0.9230769230769231
834,4.458950570797636,0.9230769230769231
835,3.089254606196115,0.9615384615384616
836,4.370935809672151,0.7692307692307693
837,3.9077895965156393,0.9230769230769231
838,4.131163919989533,0.8846153846153846
839,3.453747666251126,0.9230769230769231
840,3.9746013458206315,0.9615384615384616
841,4.1094165276408,0.9615384615384616
842,4.02198827329793,0.9230769230769231
843,4.387899313532545,0.8846153846153846
844,4.281743416356954,0.8461538461538461
845,4.940872335707531,0.9230769230769231
846,4.6776973405292654,0.9230769230769231
847,4.942750786972159,0.8846153846153846
848,4.619593244050423,0.9230769230769231
849,4.4531815381615605,0.8076923076923077
850,4.03269533827857,0.7307692307692307
851,3.682666995453369,0.7692307692307693
852,4.127628298385674,0.7692307692307693
853,4.45869854183234,0.7307692307692307
854,4.129662180683375,0.8461538461538461
855,3.8509053798578834,0.8846153846153846
856,4.506793500804902,0.9230769230769231
857,3.9335155198309764,0.8846153846153846
858,4.2050469082664295,0.8846153846153846
859,3.941270839204413,0.8461538461538461
860,4.140336288603161,0.8461538461538461
861,4.2948952180456486,0.7692307692307693
862,4.30378632664657,0.8846153846153846
863,3.780936176568756,0.8076923076923077
864,3.782463947133049,0.7692307692307693
865,4.49886024933782,0.7307692307692307
866,3.854418414500408,0.8846153846153846
867,3.431893538724871,0.8076923076923077
868,3.7053844637324396,0.8076923076923077
869,4.151190751881549,0.8076923076923077
870,4.251094861326327,0.9615384615384616
871,4.675054668296307,0.9615384615384616
872,5.344850477763498,0.8461538461538461
873,4.153018410792442,0.7692307692307693
874,4.368698530761785,0.8461538461538461
875,3.949672564289949,0.8076923076923077
876,3.223922683329201,0.7692307692307693
877,5.312013838141376,0.9230769230769231
878,3.929330365978086,0.8461538461538461
879,3.1918427471021165,0.7307692307692307
880,4.353471025387053,0.8846153846153846
881,3.149151931687234,0.8076923076923077
882,3.6029903287029845,0.8076923076923077
883,3.4871064612394456,0.8076923076923077
884,3.8642735955206238,0.7692307692307693
885,3.670453346386332,0.8461538461538461
886,3.648283950616902,0.8076923076923077
887,4.088793896785228,0.9615384615384616
888,4.1589840166729495,0.9230769230769231
889,4.67555423128348,0.9615384615384616
890,4.779880285862674,0.9230769230769231
891,3.893514778482581,0.9230769230769231
892,4.380831732016878,0.8846153846153846
893,4.633720241193008,0.8846153846153846
894,3.743737629999021,0.8461538461538461
895,4.387423557983286,0.8461538461538461
896,4.023634675327244,0.8076923076923077
897,3.7707786557192335,0.8076923076923077
898,4.292811400964428,0.8076923076923077
899,4.1184235870716295,0.8076923076923077
900,3.5837005760003144,0.7307692307692307
901,4.381919063289534,0.9230769230769231
902,3.7912709909966225,0.6538461538461539
903,3.8434898306778114,0.7307692307692307
904,3.4301149015887478,0.6538461538461539
905,2.883803648758572,0.7307692307692307
906,3.9616283608905847,0.7307692307692307
907,3.267862377476458,0.6153846153846154
908,3.409588437115491,0.5769230769230769
909,3.488962833161383,0.6923076923076923
910,4.0934479788560365,0.6538461538461539
911,3.586331609945236,0.6153846153846154
912,3.9629267349659023,0.7307692307692307
913,3.698959377125961,0.6538461538461539
914,3.742326793489156,0.6538461538461539
915,3.6561419811999722,0.6923076923076923
916,3.382441085617136,0.8846153846153846
917,3.774431709142209,0.8461538461538461
918,3.4777476001117633,0.8846153846153846
919,4.098263397711878,0.8461538461538461
920,4.220167435103554,0.8461538461538461
921,4.399537604062074,0.8461538461538461
922,4.382548460572544,0.8461538461538461
923,3.9841316772570643,0.8461538461538461
924,4.188825849611634,0.8076923076923077
925,3.957251050832613,0.8461538461538461
926,3.650525337519638,0.8846153846153846
927,3.665690160347221,0.8846153846153846
928,3.5408552120038808,0.7307692307692307
929,3.6776691050830315,0.7307692307692307
930,3.1448982237066647,0.6923076923076923
931,4.380191036639855,0.7307692307692307
932,3.417616349257329,0.8076923076923077
933,2.804462745475117,0.6923076923076923
934,3.3419991152984823,0.7692307692307693
935,3.3197871953845346,0.6923076923076923
936,3.982309280122976,0.7307692307692307
937,3.8580374778517283,0.7307692307692307
938,3.9319264534962044,0.6923076923076923
939,3.9853993918716237,0.7692307692307693
940,4.268528891626559,0.6923076923076923
941,4.248243565832626,0.6538461538461539
942,4.456737956569434,0.7307692307692307
943,4.157744121461885,0.6538461538461539
944,4.2826100904277835,0.7307692307692307
945,5.272498810964983,0.7692307692307693
946,3.5735049346992165,0.6923076923076923
947,4.2229087096409295,0.6923076923076923
948,5.319687348825316,0.7692307692307693
949,3.9422117510167616,0.8461538461538461
950,4.486501842229074,0.7307692307692307
951,4.252153119854488,0.6923076923076923
952,3.9206079216851983,0.7692307692307693
953,4.005909353198009,0.8846153846153846
954,4.979009911929594,0.7692307692307693
955,3.9677275576584368,0.7307692307692307
956,3.8119091321118725,0.8461538461538461
957,3.7125620723369877,0.8846153846153846
958,4.164216898553566,0.9230769230769231
959,3.8916843515441926,0.9615384615384616
960,3.5232269641085265,0.8076923076923077
961,3.9289023294800667,0.8076923076923077
962,4.026210030342476,0.8846153846153846
963,3.7246536946224973,0.8461538461538461
964,3.8752356440454925,1.0
965,3.620772202618789,0.8846153846153846
966,3.446830935679026,0.8461538461538461
967,4.12710122009275,0.8461538461538461
968,4.107880136116936,0.8461538461538461
969,3.786645310998052,0.7692307692307693
970,4.101157116696671,0.8846153846153846
971,5.107894805635245,0.9615384615384616
972,3.551165601584239,0.8461538461538461
973,3.982229004861954,0.6923076923076923
974,4.053081455205754,0.7307692307692307
975,3.645833532037523,0.7692307692307693
976,4.8186280503698855,0.7692307692307693
977,3.9101787798792405,0.6923076923076923
978,3.4614840829303155,0.8076923076923077
979,3.879408480421289,0.6923076923076923
980,3.872193018875217,0.8076923076923077
981,3.5453331905553056,0.8461538461538461
982,4.296983777441832,0.7307692307692307
983,3.852250109233151,0.7692307692307693
984,3.5526013151392566,0.7692307692307693
985,3.4290045350253155,0.6923076923076923
986,4.042051371615101,0.8076923076923077
987,3.9923935317580335,0.7692307692307693
988,4.378433950272279,0.7692307692307693
989,4.16121795928827,0.7692307692307693
990,4.173543331260891,0.8846153846153846
991,3.5938170592546888,0.7307692307692307
992,3.1111905424874955,0.6538461538461539
993,3.5479524757595238,0.6153846153846154
994,2.680569304518765,0.6923076923076923
995,3.4382098082386827,0.6538461538461539
996,3.500867731294097,0.6538461538461539
997,3.291060155207025,0.6153846153846154
998,2.760031210404756,0.6923076923076923
999,3.758851806745788,0.5769230769230769
1000,3.0810519256003253,0.6153846153846154
1001,3.2371976486949663,0.5384615384615384
1002,3.407325838011817,0.5769230769230769
1003,3.4816972059031075,0.5769230769230769
1004,3.4289939790034993,0.6153846153846154
1005,3.1495079610155607,0.6153846153846154
1006,3.1534901525194785,0.6153846153846154
1007,2.761354426035643,0.6153846153846154
1008,3.1199629745065103,0.5769230769230769
1009,3.2223915739965774,0.5384615384615384
1010,3.0688488181747595,0.6153846153846154
1011,3.55565488729254,0.6538461538461539
1012,2.8127507883733145,0.7307692307692307
1013,3.0576665765153677,0.6923076923076923
1014,3.349016342296867,0.6153846153846154
1015,3.239931291087122,0.6923076923076923
1016,3.4983368538348705,0.6153846153846154
1017,3.476479958669508,0.7307692307692307
1018,3.1261882984311304,0.7307692307692307
1019,3.5928195018465194,0.6923076923076923
1020,3.809729868731624,0.7307692307692307
1021,3.2218881264533326,0.8076923076923077
1022,3.5354563138855286,0.6538461538461539
1023,3.2070066025654294,0.6538461538461539
1024,3.2306776640676738,0.6153846153846154
1025,3.3266560769489266,0.6153846153846154
1026,3.057693296660633,0.8076923076923077
1027,3.1129429325017015,0.7307692307692307
1028,3.173573350421461,0.6153846153846154
1029,3.332939118259058,0.6538461538461539
1030,3.142706836438257,0.6153846153846154
1031,2.653943898900706,0.6538461538461539
1032,2.8344097641878783,0.6923076923076923
1033,3.7405313914296814,0.6923076923076923
1034,4.498030442554398,0.8076923076923077
1035,2.870865562413943,0.7307692307692307
1036,2.9623469531510187,0.7307692307692307
1037,2.7315265991331272,0.6538461538461539
1038,2.9255752692353814,0.6538461538461539
1039,3.074572061657486,0.6153846153846154
1040,2.9563813149407587,0.6153846153846154
1041,2.9830660978269075,0.6538461538461539
1042,3.3899077387767447,0.6923076923076923
1043,2.524992326173487,0.6923076923076923
1044,3.1664279017459984,0.7307692307692307
1045,3.2754765169178532,0.7692307692307693
1046,3.0265267348229865,0.7692307692307693
1047,3.5731524782274957,0.6923076923076923
1048,3.2698977197421635,0.7692307692307693
1049,3.297343382118912,0.6923076923076923
1050,4.12948875825721,0.8076923076923077
1051,3.600387428265446,0.7307692307692307
1052,2.59021983176746,0.7307692307692307
1053,3.3676394879739435,0.7307692307692307
1054,2.5717033254449873,0.6538461538461539
1055,2.683213938202649,0.6153846153846154
1056,2.4836279203956915,0.6923076923076923
1057,2.9514190555781075,0.6538461538461539
1058,3.2654585596675476,0.6923076923076923
1059,2.8624724370697496,0.5769230769230769
1060,2.9700407929057158,0.6923076923076923
1061,3.7748241697062888,0.7692307692307693
1062,3.2438476113620616,0.6923076923076923
1063,2.5069006868995807,0.6538461538461539
1064,2.7623025617961963,0.6538461538461539
1065,2.6805001417600076,0.5769230769230769
1066,2.3276672783401704,0.5384615384615384
1067,2.596336371451939,0.6923076923076923
1068,2.6650552254013493,0.5769230769230769
1069,2.6304584667679953,0.6923076923076923
1070,2.312408955787573,0.6923076923076923
1071,3.030837933253125,0.6153846153846154
1072,3.4892510482060417,0.7692307692307693
1073,2.3149904959652083,0.7307692307692307
1074,2.785273043613688,0.6538461538461539
1075,2.102445343655996,0.6923076923076923
1076,2.601430606131358,0.5384615384615384
1077,2.5628441431835425,0.6538461538461539
1078,2.3504058294939436,0.7692307692307693
1079,3.5088199732361582,0.8076923076923077
1080,2.539849565703536,0.6153846153846154
1081,2.6403133756569117,0.6538461538461539
1082,3.684917209793359,0.6923076923076923
1083,2.2973228556519287,0.6153846153846154
1084,3.082085131766065,0.6538461538461539
1085,2.3421672672646605,0.5384615384615384
1086,3.2214197621294454,0.6538461538461539
1087,2.1635690978026925,0.5769230769230769
1088,2.5855802161212966,0.6153846153846154
1089,2.382151046879893,0.6923076923076923
1090,2.369627402933519,0.5769230769230769
1091,2.589880579608211,0.5384615384615384
1092,2.3718301673602102,0.5384615384615384
1093,2.24888188884666,0.6153846153846154
1094,2.5017365322279552,0.46153846153846156
1095,5.7144079459425114,0.8846153846153846
1096,2.4296081054455967,0.5
1097,2.9616598904962426,0.5
1098,2.7879343974347757,0.5769230769230769
1099,2.8462466730326343,0.46153846153846156
1100,2.617044062096179,0.5769230769230769
1101,2.451488112824381,0.6923076923076923
1102,4.1468722364943345,0.7307692307692307
1103,3.2802108293058354,0.6538461538461539
1104,2.4828142868973404,0.5769230769230769
1105,2.4639021811514095,0.5384615384615384
1106,2.5839658987804204,0.6153846153846154
1107,4.433039436107843,0.8461538461538461
1108,3.0002446184389693,0.6923076923076923
1109,3.3950700460917425,0.7692307692307693
1110,2.960631587317209,0.7692307692307693
1111,3.5315633653241063,0.6923076923076923
1112,3.5246149286403115,0.7307692307692307
1113,3.5524320981626754,0.6923076923076923
1114,4.241275032218696,0.7692307692307693
1115,3.8570683231464393,0.6923076923076923
1116,3.84020816348414,0.6923076923076923
1117,3.8908717986435866,0.6923076923076923
1118,3.6189451986072103,0.6923076923076923
1119,3.30673316737976,0.6923076923076923
1120,3.458614436394601,0.8076923076923077
1121,3.898767783826181,0.6923076923076923
1122,4.099413734788026,0.6538461538461539
1123,3.9634819502924326,0.7692307692307693
1124,4.161833953061792,0.7692307692307693
1125,3.546275721925674,0.6538461538461539
1126,3.7660791191874043,0.6538461538461539
1127,3.9829205864430923,0.7692307692307693
1128,4.847327560370581,0.8461538461538461
1129,4.39357492455534,0.6923076923076923
1130,3.6100414928506566,0.7692307692307693
1131,3.7841042051680267,0.7307692307692307
1132,4.230299704971209,0.6923076923076923
1133,3.942837291085182,0.7307692307692307
1134,3.475339273489063,0.6153846153846154
1135,3.345590206149682,0.6923076923076923
1136,3.815093248452381,0.7307692307692307
1137,3.4599818426163584,0.6538461538461539
1138,3.6671729409037415,0.6923076923076923
1139,3.7202884090255735,0.6538461538461539
1140,4.005398737920962,0.8076923076923077
1141,3.6899656518718946,0.8461538461538461
1142,3.6622544417435856,0.7692307692307693
1143,3.642961252740157,0.8076923076923077
1144,4.149404535543666,0.7692307692307693
1145,3.9304237695124193,0.8076923076923077
1146,4.160054164766235,0.7307692307692307
1147,3.5212079013971525,0.7307692307692307
1148,3.9992724855956743,0.6923076923076923
1149,3.6582278295942285,0.6923076923076923
1150,3.312851776285809,0.7692307692307693
1151,3.5762556695565797,0.7307692307692307
1152,3.7103468335388285,0.7692307692307693
1153,3.685893967916148,0.8076923076923077
1154,3.926285566687999,0.8846153846153846
1155,3.9137345998714617,0.8076923076923077
1156,4.172560155942738,0.8461538461538461
1157,4.278061244751674,0.8076923076923077
1158,4.304003859551384,0.8461538461538461
1159,3.8640749008363433,0.8461538461538461
1160,3.0234597443625866,0.7307692307692307
1161,3.667040190312363,0.7307692307692307
1162,3.219029924984194,0.7692307692307693
1163,3.7633944776181325,0.7307692307692307
1164,4.236069531030053,0.8076923076923077
1165,4.436642951612882,0.8076923076923077
1166,4.635388494225268,0.8076923076923077
1167,5.27764969728058,0.8846153846153846
1168,4.078598896011221,0.8076923076923077
1169,4.592709442708758,0.7692307692307693
1170,4.554371466093365,0.8846153846153846
1171,4.400684183349431,0.8076923076923077
1172,4.0059692019372015,0.8076923076923077
1173,4.118914321640876,0.8076923076923077
1174,3.8489109339732397,0.8461538461538461
1175,4.050142519783741,0.8461538461538461
1176,3.8000188038403753,0.8076923076923077
1177,3.8605754525539733,0.8076923076923077
1178,4.563584487280863,0.9230769230769231
1179,3.6351508417162286,0.8076923076923077
1180,3.6161278632985847,0.8846153846153846
1181,4.444006910022777,0.9230769230769231
1182,3.9396968699802577,0.9230769230769231
1183,3.519183926617604,0.7307692307692307
1184,3.6632631956208557,0.8076923076923077
1185,4.260188315432912,0.7307692307692307
1186,4.170403502388654,0.7692307692307693
1187,4.097079273850551,0.8846153846153846
1188,3.976843031552253,0.9615384615384616
1189,4.4900748956282674,1.0
1190,3.8836767357851096,1.0
1191,4.091800075359972,0.9230769230769231
1192,3.749271720158156,0.8076923076923077
1193,3.42509115683935,0.8076923076923077
1194,3.80085829013215,0.9230769230769231
1195,3.8374697363048442,0.8076923076923077
1196,4.203543157894056,0.8846153846153846
1197,4.022839396387721,0.8461538461538461
1198,3.816812972986318,0.8461538461538461
1199,4.454153665683193,0.9230769230769231
1200,4.405966600979641,0.8461538461538461
1201,4.116116283541842,0.8846153846153846
1202,3.3938362362422523,0.8846153846153846
1203,4.259988778943124,0.8076923076923077
1204,3.6090169253625657,0.8846153846153846
1205,3.579340348863587,0.8846153846153846
1206,3.6338415848523162,0.8846153846153846
1207,3.293362973976205,0.9615384615384616
1208,4.527755273819935,0.8846153846153846
1209,3.3806356714722985,0.9230769230769231
1210,3.6169239240517816,0.8076923076923077
1211,4.21977373917531,0.8846153846153846
1212,3.4322200033266874,0.9230769230769231
1213,3.8308992175796632,0.8846153846153846
1214,4.161489166357368,0.9230769230769231
1215,3.378894226958227,0.8846153846153846
1216,3.5478830438991737,0.8076923076923077
1217,3.212654744363291,0.7307692307692307
1218,4.59086998541799,0.8461538461538461
1219,3.8001642041770305,0.7692307692307693
1220,3.4723800821338973,0.7692307692307693
1221,4.049783533988366,0.7307692307692307
1222,3.7165501985919467,0.8846153846153846
1223,3.397988488305285,0.8461538461538461
1224,3.212520656028463,0.8461538461538461
1225,4.943604540850367,0.8461538461538461
1226,3.8861970909581753,0.8846153846153846
1227,3.4328444823526016,0.8846153846153846
1228,3.6897194725937457,0.8076923076923077
1229,3.1817976793062632,0.8846153846153846
1230,3.702762315769787,0.8076923076923077
1231,4.650167104975034,0.8461538461538461
1232,3.4346697193349036,0.8461538461538461
1233,3.904568597783002,0.9230769230769231
1234,3.9497009740241493,0.9615384615384616
1235,3.2743722258792056,0.9615384615384616
1236,3.467340846573509,0.9230769230769231
1237,4.512916033287664,0.8461538461538461
1238,3.913760280361123,0.8846153846153846
1239,3.883905149922038,0.7692307692307693
1240,3.979859220477698,0.8846153846153846
1241,3.975416499827893,0.8461538461538461
1242,5.701787478893548,0.8846153846153846
1243,4.5983757410608055,0.8461538461538461
1244,4.4193308967684874,0.8846153846153846
1245,3.8646893736557235,0.9230769230769231
1246,3.1800331719886095,0.7692307692307693
1247,3.249145534756583,0.7307692307692307
1248,3.437576253811801,0.8076923076923077
1249,4.1936036915727115,0.7307692307692307
1250,4.201689761094215,0.6538461538461539
1251,4.199329833031489,0.8076923076923077
1252,3.193443116593523,0.6923076923076923
1253,3.928417409122985,0.7692307692307693
1254,4.069081130187584,0.6538461538461539
1255,3.8490925461069607,0.8076923076923077
1256,3.407110824346087,0.7307692307692307
1257,3.3550760399706947,0.7692307692307693
1258,3.6678956139316194,0.7692307692307693
1259,4.334742657216196,0.7692307692307693
1260,3.583152724042411,0.9615384615384616
1261,3.7924635423285555,0.8461538461538461
1262,3.7161790934544348,0.9615384615384616
1263,3.9119061330838174,0.9615384615384616
1264,4.474016031763023,0.8846153846153846
1265,4.707874441782161,0.9230769230769231
1266,4.2475382554466465,0.9230769230769231
1267,4.117258001902097,1.0
1268,5.710479234843392,0.9230769230769231
1269,3.98766106210532,0.9230769230769231
1270,4.2240382872791065,0.9230769230769231
1271,5.379259421979627,0.9230769230769231
1272,3.9536380421526336,0.8846153846153846
1273,3.8906035231631093,0.9615384615384616
1274,4.427738426232371,0.7692307692307693
1275,3.909881236645449,0.8846153846153846
1276,4.631334816097258,0.9230769230769231
1277,3.6731681055128087,0.9230769230769231
1278,4.7105608730888076,0.8076923076923077
1279,4.208438439523926,0.8846153846153846
1280,3.6551370253645312,0.8461538461538461
1281,3.948121812054676,0.7692307692307693
1282,3.5833453442276904,0.7692307692307693
1283,3.5848185811638547,0.7692307692307693
1284,3.4246131401479314,0.7307692307692307
1285,3.5561961234140367,0.9230769230769231
1286,3.8277345824684894,0.8846153846153846
1287,3.6692180866170925,0.8076923076923077
1288,4.260807289227823,1.0
1289,4.701169533096582,0.8461538461538461
1290,4.266504106498189,0.8846153846153846
1291,3.8177685516612145,0.9615384615384616
1292,4.085882696986817,0.8846153846153846
1293,3.96909210952386,1.0
1294,3.7297934814304767,0.8846153846153846
1295,4.39135621482655,0.8076923076923077
1296,4.00776858722758,0.8461538461538461
1297,4.0774466297621865,0.8076923076923077
1298,4.077220032298981,0.7692307692307693
1299,4.334833787064848,0.8461538461538461
1300,4.389916511554593,0.8846153846153846
1301,4.61701728965914,0.8846153846153846
1302,4.357393622541859,0.8076923076923077
1303,4.156815554873906,0.8461538461538461
1304,5.3691560605719175,0.8461538461538461
1305,3.5298647126635356,0.8461538461538461
1306,3.9664563790033798,0.8846153846153846
1307,4.040479328129432,0.8846153846153846
1308,3.7035687160217488,0.7692307692307693
1309,4.253628812764412,0.7692307692307693
1310,4.237624527911075,0.8461538461538461
1311,4.563664969208434,0.8461538461538461
1312,4.141124365183445,0.7692307692307693
1313,4.2316499925000155,0.7692307692307693
1314,3.997123852224719,0.8076923076923077
1315,4.080827246802347,0.7307692307692307
1316,3.8540664043594077,0.8461538461538461
1317,3.7258504367691163,0.7692307692307693
1318,3.90880120559635,0.8076923076923077
1319,4.4068547164662295,0.9230769230769231
1320,4.09739376876371,0.7692307692307693
1321,3.9183510347603203,0.7307692307692307
1322,4.1920354851300035,0.7692307692307693
1323,4.570871213865037,0.8846153846153846
1324,4.383590413206516,0.9230769230769231
1325,4.370339382374439,0.7692307692307693
1326,4.405865170433607,0.8076923076923077
1327,4.0356459090922625,0.8076923076923077
1328,3.969648618748438,0.7692307692307693
1329,3.7696412293238954,0.8461538461538461
1330,3.712390386480612,0.8846153846153846
1331,3.8521466351274567,0.7692307692307693
1332,4.0789564692866636,0.8076923076923077
1333,3.402013554184168,0.7692307692307693
1334,3.8352127685846593,0.8846153846153846
1335,3.7294577616514566,0.6923076923076923
1336,3.760540078718727,0.7692307692307693
1337,4.327658261414124,0.6538461538461539
1338,4.136432171793716,0.5769230769230769
1339,4.503511099788395,0.7692307692307693
1340,3.606768896924554,0.7307692307692307
1341,4.2142284164081705,0.8076923076923077
1342,3.9870718916066217,0.8076923076923077
1343,4.402637102627321,0.8076923076923077
1344,3.2817887465047684,0.6923076923076923
1345,3.9024668479340527,0.8076923076923077
1346,3.74893096427059,0.8076923076923077
1347,3.5211668858472844,0.8846153846153846
1348,3.433106755422497,0.8846153846153846
1349,3.8805763590363176,0.8846153846153846
1350,3.1178134556813513,0.8461538461538461
1351,3.617550957092837,0.8846153846153846
1352,3.845602999789552,0.8846153846153846
1353,3.3546578162067813,0.8076923076923077
1354,3.2689823969934895,0.8846153846153846
1355,3.216182545942082,0.8076923076923077
1356,3.7197515837226325,0.8846153846153846
1357,3.2038464662349195,0.8846153846153846
1358,2.9999999510605906,0.8076923076923077
1359,3.6105908372948647,0.8461538461538461
1360,3.2201596013436573,0.7307692307692307
1361,3.299377702187045,0.8076923076923077
1362,4.328543149309083,0.9230769230769231
1363,3.688676495582779,0.8461538461538461
1364,3.781630296226066,0.8846153846153846
1365,3.6181101629124037,0.8461538461538461
1366,3.893104498262737,0.8461538461538461
1367,3.304751473232529,0.8461538461538461
1368,4.523081333088377,0.8461538461538461
1369,3.53217742772702,0.8076923076923077
1370,3.861167190902175,0.8461538461538461
1371,3.7676091351302983,0.9230769230769231
1372,4.057559676532933,0.9615384615384616
1373,3.4192309679865005,0.9230769230769231
1374,3.5278542780249484,0.8846153846153846
1375,3.5339263383263395,0.9230769230769231
1376,3.3188387353316413,0.8461538461538461
1377,3.621760109976885,0.8846153846153846
1378,3.44659599339917,0.8076923076923077
1379,3.63339396061213,0.8461538461538461
1380,3.640787811452932,0.8846153846153846
1381,3.382741265398913,0.8076923076923077
1382,3.5465371431271095,0.8461538461538461
1383,3.184186736348986,0.6538461538461539
1384,2.996134494148497,0.7692307692307693
1385,3.258779017878094,0.7307692307692307
1386,2.9135931815332414,0.8461538461538461
1387,2.7456909348780734,0.7307692307692307
1388,3.230949510089995,0.8461538461538461
1389,3.090182100252154,0.8076923076923077
1390,3.1152908239517396,0.8076923076923077
1391,3.018907897483343,0.7692307692307693
1392,3.42825518408847,0.8076923076923077
1393,3.6447144315675466,0.7307692307692307
1394,3.925938451740996,0.7692307692307693
1395,3.865855987783352,0.7307692307692307
1396,5.211320721359335,0.7692307692307693
1397,3.958695305542227,0.8076923076923077
1398,4.2225923264973115,0.8076923076923077
1399,4.3714086612393395,0.8846153846153846
1400,4.026070670002994,0.7692307692307693
1401,3.894323785400111,0.7692307692307693
1402,4.411279424273412,0.7307692307692307
1403,4.376987809267711,0.7692307692307693
1404,4.415258442436906,0.9230769230769231
1405,4.236250456762012,0.9615384615384616
1406,4.5189612752853066,0.9615384615384616
1407,4.469999755605129,0.9615384615384616
1408,4.059260840852341,0.8846153846153846
1409,4.31487767788698,0.8846153846153846
1410,3.965976139686335,0.9230769230769231
1411,4.604121761385539,0.9230769230769231
1412,3.7702713769096032,0.8846153846153846
1413,3.998588661470179,0.8846153846153846
1414,4.576690764096092,0.9615384615384616
1415,4.829225167285193,0.8076923076923077
1416,4.443212762531267,0.8461538461538461
1417,3.901889680307737,0.8846153846153846
1418,4.515323490021759,0.6538461538461539
1419,4.600795779114239,0.7692307692307693
1420,4.23578236521692,0.7692307692307693
1421,3.861236440556206,0.6538461538461539
1422,4.28876252537851,0.7307692307692307
1423,3.9621023718425485,0.7692307692307693
1424,4.171446979741806,0.8076923076923077
1425,3.853657104735384,0.8076923076923077
1426,3.9333187661902564,0.8076923076923077
1427,3.740323041374052,0.7692307692307693
1428,4.072778518013555,0.7692307692307693
1429,3.746588421043299,0.6538461538461539
1430,4.298844989359515,0.6538461538461539
1431,4.067091934593637,0.7692307692307693
1432,4.0083801155727805,0.6538461538461539
1433,3.808449123917005,0.5769230769230769
1434,3.4376612589727964,0.6153846153846154
1435,3.1226052481641235,0.6538461538461539
1436,3.3535559040598066,0.6153846153846154
1437,3.172211273261866,0.6923076923076923
1438,3.551060678082214,0.5384615384615384
1439,3.416323871867358,0.6538461538461539
1440,3.1886965665171147,0.7307692307692307
1441,3.405232593669377,0.7692307692307693
1442,3.4722595472699216,0.6538461538461539
1443,3.514721264010964,0.6923076923076923
1444,3.2792214808243276,0.7307692307692307
1445,3.774542791134333,0.6153846153846154
1446,3.6228667380447783,0.6923076923076923
1447,3.082589960289398,0.6153846153846154
1448,3.596678682485607,0.6153846153846154
1449,3.101245533239891,0.6538461538461539
1450,2.726799834243981,0.6153846153846154
1451,2.9250684099854967,0.6923076923076923
1452,3.2721115555307576,0.7307692307692307
1453,3.1517471600240308,0.6538461538461539
1454,3.0830382276642347,0.7692307692307693
1455,2.969019432242248,0.6923076923076923
1456,3.098014980199631,0.7692307692307693
1457,2.867483616339741,0.7307692307692307
1458,3.0973938082048775,0.7692307692307693
1459,3.15894494921053,0.7307692307692307
1460,3.6386623289808195,0.8846153846153846
1461,2.8291558478580274,0.9230769230769231
1462,3.0098974988952656,1.0
1463,3.307120955901481,0.8846153846153846
1464,3.305091926817023,0.8461538461538461
1465,3.984575027429843,0.8846153846153846
1466,3.421099242986352,0.9615384615384616
1467,3.576973957548863,1.0
1468,3.6089458872665157,0.8846153846153846
1469,3.7294203998613864,0.9615384615384616
1470,3.548862338847413,0.9230769230769231
1471,3.820941080235037,0.9615384615384616
1472,4.47570725416009,0.9615384615384616
1473,4.528527989516873,0.8846153846153846
1474,5.109880429924786,0.8846153846153846
1475,3.854918059096521,0.9230769230769231
1476,3.7680753024001445,0.9615384615384616
1477,3.8408282226322448,1.0
1478,3.8326645213543475,0.9230769230769231
1479,4.141359889898993,0.9230769230769231
1480,3.906863671545209,0.9615384615384616
1481,3.675539738523885,0.9230769230769231
1482,3.216780292743163,0.8846153846153846
1483,3.7860739128578733,0.8846153846153846
1484,4.229092530582803,0.8076923076923077
1485,4.232370219815586,0.9230769230769231
1486,4.46465582276582,0.8461538461538461
1487,4.065025698683913,0.8846153846153846
1488,3.8998439978059296,0.8076923076923077
1489,4.187406751806874,0.8076923076923077
1490,3.734693835411161,0.8461538461538461
1491,4.5996723260335575,0.8076923076923077
1492,3.984432044291431,0.8846153846153846
1493,4.1374565311995415,0.8076923076923077
1494,3.7709817605068205,0.6923076923076923
1495,4.870846159888558,0.8461538461538461
1496,4.015358340280172,0.8461538461538461
1497,4.235382096175419,0.7307692307692307
1498,3.770971764411083,0.8846153846153846
1499,4.00839695438961,0.8076923076923077
1500,3.6976371119589606,0.7307692307692307
