# Trial 13: ath=0.0202  hd=350  reg=1.17e-02  a=0.9458  c=0.0825  L=11  best_er=0.4615
iter,loss,error_rate
1,3.432964325617653,0.7692307692307693
2,3.867726820557728,0.8846153846153846
3,3.7766642511083495,0.8846153846153846
4,3.697916787674268,0.7692307692307693
5,3.5491807817548415,0.9230769230769231
6,3.8804931096640836,0.8461538461538461
7,4.339860624808088,0.8076923076923077
8,4.069829151321075,0.9615384615384616
9,4.168347802649149,0.8846153846153846
10,3.969629846636961,0.7692307692307693
11,5.091230314413084,0.9615384615384616
12,3.405561315055017,0.8076923076923077
13,4.451668535070828,0.8461538461538461
14,3.5788651538009812,0.8846153846153846
15,3.491618391749964,0.8846153846153846
16,4.847483734616106,0.8461538461538461
17,4.030039893676996,0.8461538461538461
18,3.304929599706607,0.8076923076923077
19,3.9600075363486726,0.8461538461538461
20,2.9437478267212853,0.7692307692307693
21,3.965061227789764,0.7692307692307693
22,3.316147493457057,0.8461538461538461
23,4.0071725056494225,0.7692307692307693
24,3.91810501603773,0.8461538461538461
25,3.4919344543416013,0.6923076923076923
26,4.050129630127595,0.8846153846153846
27,3.7128808624358136,1.0
28,3.5500412530400993,0.6923076923076923
29,3.437990270641965,0.6923076923076923
30,3.2694946661104995,0.6923076923076923
31,2.962653259548662,0.7307692307692307
32,4.074440843483067,0.9230769230769231
33,3.174878106966197,0.7307692307692307
34,3.673492351872287,0.6923076923076923
35,3.078004304620256,0.7307692307692307
36,3.3029867230955876,0.8076923076923077
37,3.565029513827448,0.6538461538461539
38,3.5916726145281723,0.6923076923076923
39,3.41298397528267,0.8076923076923077
40,3.7319970199069714,0.8846153846153846
41,3.4952443998657623,0.8461538461538461
42,4.307830455782441,0.8461538461538461
43,4.2712549954488965,0.7692307692307693
44,3.541349888160963,0.7307692307692307
45,4.452449524031045,0.7692307692307693
46,4.694859398121052,0.9615384615384616
47,3.6096772385862645,0.8461538461538461
48,3.7965072637545907,0.9230769230769231
49,3.795815619030769,0.8461538461538461
50,3.296314383125813,0.8846153846153846
51,3.4024366353877236,0.8076923076923077
52,4.428000785084091,0.8461538461538461
53,3.835602982761298,0.8461538461538461
54,3.2979945845519376,0.8846153846153846
55,3.5717667997423925,0.6923076923076923
56,4.654204370267835,0.7692307692307693
57,3.8399497145328665,0.8846153846153846
58,3.588509197454739,0.8846153846153846
59,3.4225921334605225,0.8461538461538461
60,4.25948401496608,0.8461538461538461
61,3.6847558722685587,0.8461538461538461
62,3.582253195409903,0.8461538461538461
63,3.0391364457222045,0.8846153846153846
64,3.2622073952295505,0.7692307692307693
65,4.021208932357474,0.8461538461538461
66,3.461780620199553,0.6538461538461539
67,3.7735815284886107,0.7692307692307693
68,3.0344872147495154,0.7307692307692307
69,4.135005049981328,0.7692307692307693
70,3.9642106008275917,0.8846153846153846
71,2.82557460897522,0.7307692307692307
72,2.935579262152755,0.6153846153846154
73,3.156389314765839,0.7307692307692307
74,4.32353850986425,0.8076923076923077
75,3.849322768437707,0.6153846153846154
76,3.4854156886783167,0.8076923076923077
77,3.291398484154221,0.8076923076923077
78,4.2772072326269175,1.0
79,2.8234297917865234,0.9230769230769231
80,3.4898495529332054,0.8461538461538461
81,3.435310792237556,0.6153846153846154
82,3.4755985505617506,0.8076923076923077
83,3.821350627598737,0.8076923076923077
84,4.075275182902287,0.6538461538461539
85,3.3501126224642133,0.8846153846153846
86,2.7243368001183406,0.9615384615384616
87,2.5912080727393696,0.8461538461538461
88,4.2967636999525585,0.7692307692307693
89,2.5915331127578325,0.8846153846153846
90,3.9428434325262685,0.7692307692307693
91,4.429810165044096,0.7692307692307693
92,2.7570897727149797,0.7692307692307693
93,2.65252571022043,0.8076923076923077
94,3.9687815493374226,0.9230769230769231
95,2.22493877537833,0.7692307692307693
96,2.863518154591212,0.7692307692307693
97,3.3476140327103274,0.8846153846153846
98,3.363814532989265,0.8461538461538461
99,3.2705387676403563,0.6923076923076923
100,3.3163089963915295,0.7307692307692307
101,3.7071403890682335,0.7307692307692307
102,3.6820530614314686,0.7307692307692307
103,2.904260787479186,0.8076923076923077
104,3.206020118483681,0.7692307692307693
105,3.9125346268299355,0.7307692307692307
106,2.97969526201494,0.7692307692307693
107,3.2069115128609056,0.8076923076923077
108,2.5419763680559404,0.7692307692307693
109,3.6734542419333103,0.6923076923076923
110,2.797869830144286,0.7692307692307693
111,3.5950077846808943,0.8076923076923077
112,3.193637503175299,0.8461538461538461
113,2.9956624823016083,0.7307692307692307
114,3.5603739504710266,0.9230769230769231
115,3.7524426821400216,0.8461538461538461
116,2.8122965643214064,0.6538461538461539
117,3.818113864588472,0.7307692307692307
118,2.6957317990806295,0.7307692307692307
119,2.5954448021372034,0.8461538461538461
120,2.9389374195054243,0.7692307692307693
121,3.4354544529841373,0.7307692307692307
122,4.244079099700564,0.7307692307692307
123,3.662068911000067,0.8076923076923077
124,2.9726286724723376,0.6538461538461539
125,3.1591625802262184,0.7307692307692307
126,3.001237094120412,0.7692307692307693
127,3.4720419710702735,0.8076923076923077
128,3.497318762884249,0.8846153846153846
129,3.0149171633062934,0.7692307692307693
130,3.6812398926803414,0.8076923076923077
131,3.819445621340252,0.6923076923076923
132,3.151607171798407,0.8076923076923077
133,3.8179743811521774,0.7307692307692307
134,3.0208490883350967,0.8076923076923077
135,2.8080196072555434,0.7692307692307693
136,3.3097465115739872,0.8076923076923077
137,3.6221197215389087,0.6923076923076923
138,3.459529563112894,0.8076923076923077
139,2.7633890969927966,0.7692307692307693
140,3.9341744644494514,0.7692307692307693
141,3.23465961438965,0.8076923076923077
142,3.848993393728852,0.7307692307692307
143,4.192095019778235,0.8076923076923077
144,4.190516688127296,0.9230769230769231
145,3.253449480959513,0.8076923076923077
146,2.8964240294306647,0.7307692307692307
147,3.3911299710391267,0.7692307692307693
148,2.7847028881670104,0.8076923076923077
149,3.2539403059986336,0.7692307692307693
150,3.2278615453904616,0.8076923076923077
151,3.1094293425451602,0.7307692307692307
152,2.5929322804176627,0.8076923076923077
153,3.780178468535199,0.7307692307692307
154,3.5986740745783594,0.7692307692307693
155,2.6296616029335786,0.7692307692307693
156,3.5099591585812524,0.7307692307692307
157,3.447439865755576,0.7692307692307693
158,2.9297475240323863,0.7307692307692307
159,3.772933047739364,0.8076923076923077
160,3.6654146776838616,0.7307692307692307
161,3.53016403137143,0.9615384615384616
162,2.291261091478855,0.7307692307692307
163,3.506650771381639,0.7307692307692307
164,3.711619643307797,0.8461538461538461
165,3.8927891195463022,0.7692307692307693
166,3.9489738010664626,0.7692307692307693
167,3.23586600968977,0.6923076923076923
168,3.0081019318336284,0.7692307692307693
169,3.0672451877772433,0.6538461538461539
170,2.8275254030921078,0.8076923076923077
171,3.721705764153812,0.6538461538461539
172,4.155578729808068,0.8461538461538461
173,3.3077483985651126,0.8461538461538461
174,2.80204597473545,0.7692307692307693
175,4.214132539811339,0.7692307692307693
176,3.8392684348145782,0.8076923076923077
177,4.795876735150181,0.7692307692307693
178,3.3813392488341494,0.8076923076923077
179,2.616250902596975,0.8076923076923077
180,3.2943327332404078,0.7692307692307693
181,4.187540719589691,0.6923076923076923
182,2.9195198624016805,0.6923076923076923
183,2.7610796770792065,0.6923076923076923
184,4.247925456696213,0.6923076923076923
185,3.198392566503443,0.7307692307692307
186,3.065962298369548,0.6923076923076923
187,4.112278077153051,0.8846153846153846
188,3.640615272158026,0.8461538461538461
189,4.207120374850282,0.7692307692307693
190,4.275499512495587,0.8461538461538461
191,3.979196643661256,0.9230769230769231
192,3.0060719893451706,0.8461538461538461
193,3.738852229824122,0.7692307692307693
194,2.929581309144705,0.7307692307692307
195,3.839998376231029,0.8076923076923077
196,2.8878152071628467,0.6538461538461539
197,3.0612117361014537,0.5769230769230769
198,4.019355731302541,0.7692307692307693
199,2.73868169492468,0.6538461538461539
200,3.042462251196939,0.6923076923076923
201,3.6910739878976395,0.8076923076923077
202,3.1598052116490294,0.7307692307692307
203,3.0360999686444785,0.6923076923076923
204,3.7877698774769875,0.7692307692307693
205,2.897185061940742,0.7307692307692307
206,3.135452472544304,0.8461538461538461
207,2.7845202935574864,0.7692307692307693
208,3.0076967620970385,0.6923076923076923
209,2.848738647448709,0.7307692307692307
210,4.6039023463271,0.7692307692307693
211,3.003069467209309,0.8076923076923077
212,4.051566295409805,0.7307692307692307
213,2.850751640928315,0.6923076923076923
214,3.0746915519119407,0.6923076923076923
215,2.9953314172621965,0.6538461538461539
216,2.557270334749595,0.8076923076923077
217,3.3297749755594372,0.8076923076923077
218,3.4494240469648605,0.7692307692307693
219,4.469574767623289,0.9230769230769231
220,3.1539858044541287,0.7692307692307693
221,4.301119477793417,0.8076923076923077
222,3.528774003304859,0.8461538461538461
223,3.4825362706042147,0.7307692307692307
224,3.0399338774537688,0.8461538461538461
225,2.7299174817905394,0.5384615384615384
226,3.651199062571837,0.5769230769230769
227,3.005972297686445,0.6153846153846154
228,2.8687731056487777,0.6923076923076923
229,3.190497508500493,0.5384615384615384
230,3.7116399128855453,0.6923076923076923
231,3.382024774904585,0.6923076923076923
232,4.137463277643813,0.7692307692307693
233,2.7023700087017652,0.7307692307692307
234,2.8037225953518017,0.8461538461538461
235,3.499627830293317,0.8846153846153846
236,3.0880736561990707,0.8076923076923077
237,3.41470339733544,0.7692307692307693
238,2.7320439797241445,0.7692307692307693
239,3.2355688387408033,0.8076923076923077
240,2.431952338069456,0.8076923076923077
241,3.194149912391129,0.7307692307692307
242,4.144229433748394,0.7692307692307693
243,3.0306237199430317,0.7692307692307693
244,3.7980627943024077,0.6538461538461539
245,4.478653909772818,0.8076923076923077
246,3.124291514954718,0.7692307692307693
247,3.811317076583273,0.7692307692307693
248,3.5050597485761523,0.8461538461538461
249,3.5379785573333167,0.7307692307692307
250,3.204038973392981,0.7307692307692307
251,2.764215440422794,0.7692307692307693
252,3.1667170478921443,0.7307692307692307
253,3.3962493109722702,0.7692307692307693
254,4.207623026625663,0.8461538461538461
255,3.050027986464835,0.6538461538461539
256,2.9367742671021335,0.7307692307692307
257,2.50568801667468,0.7307692307692307
258,3.0506992824760895,0.7307692307692307
259,3.794450277727787,0.6923076923076923
260,3.2563498602611136,0.6923076923076923
261,3.463456608825788,0.6923076923076923
262,2.736776875640573,0.7692307692307693
263,2.5380886206928883,0.7307692307692307
264,3.0024585065726406,0.7692307692307693
265,2.4379511571844423,0.6538461538461539
266,3.502502835192689,0.7307692307692307
267,2.912998459329494,0.6538461538461539
268,3.5679205475207874,0.8461538461538461
269,3.4963301154972974,0.8461538461538461
270,2.903022444977948,0.5769230769230769
271,3.1763875494814564,0.9615384615384616
272,4.151474365510377,0.8076923076923077
273,2.9983917794885846,0.6923076923076923
274,2.8616895765930295,0.8461538461538461
275,3.164163222659759,0.7307692307692307
276,2.8485612853597635,0.7692307692307693
277,3.9006994275340667,0.8846153846153846
278,3.0910687976752014,0.7307692307692307
279,3.0422553458079804,0.7307692307692307
280,3.4091825324741887,0.7692307692307693
281,3.64348812069752,0.7692307692307693
282,3.491841237698101,0.7307692307692307
283,4.26965643406799,0.8076923076923077
284,3.1298742003684423,0.6538461538461539
285,3.3399608941272514,0.7307692307692307
286,3.1837100009892065,0.8076923076923077
287,2.4911728244077933,0.8461538461538461
288,4.2162984178381455,0.7692307692307693
289,4.14603140660021,0.8461538461538461
290,2.741430982086771,0.7307692307692307
291,3.780968868479316,1.0
292,3.9595293825481934,0.9230769230769231
293,3.4147281476697025,0.9230769230769231
294,2.8089755378744097,0.9230769230769231
295,3.76832654327785,0.8076923076923077
296,3.33460029250445,0.6923076923076923
297,3.6666755647822575,0.8461538461538461
298,2.9294308653963235,0.5769230769230769
299,3.036163804580175,0.7307692307692307
300,3.406405729743954,0.9230769230769231
301,3.9541642097375904,0.9230769230769231
302,3.778565496329949,0.8461538461538461
303,3.1815404903706925,0.8076923076923077
304,3.576547172743732,0.8461538461538461
305,3.6326035777544496,0.8846153846153846
306,3.3034094306359076,0.7692307692307693
307,3.0051749820486213,0.8461538461538461
308,2.78714807437066,0.7692307692307693
309,3.081041100148367,0.8846153846153846
310,3.304622749058777,0.8076923076923077
311,3.8927008692309637,0.8846153846153846
312,3.646236692772992,0.8076923076923077
313,2.502915891447051,0.8846153846153846
314,3.0965697176661187,0.7692307692307693
315,3.292896539981861,0.9230769230769231
316,2.71533943343339,0.8076923076923077
317,2.9179630110448422,0.8461538461538461
318,3.699348347980133,0.8846153846153846
319,3.4711302071130694,0.8846153846153846
320,3.799845136031536,0.9615384615384616
321,3.3275531613190124,0.8846153846153846
322,2.878892598011518,0.8076923076923077
323,2.7502697200529975,0.8846153846153846
324,3.36247767066657,0.9230769230769231
325,3.3482880017080414,0.7307692307692307
326,2.686438593707612,0.8076923076923077
327,3.449209747552137,0.7692307692307693
328,4.6185939021106845,0.6923076923076923
329,2.7451657989774256,0.8076923076923077
330,3.594956588426371,0.6923076923076923
331,2.9567124265284415,0.7692307692307693
332,2.5055820323829936,0.7692307692307693
333,3.595286879669574,0.8076923076923077
334,2.736676720598001,0.6538461538461539
335,3.0311330242810506,0.6538461538461539
336,2.8252393948462737,0.5384615384615384
337,2.693796715436882,0.6153846153846154
338,3.2154361940289014,0.6923076923076923
339,3.113085386019867,0.6923076923076923
340,3.1187571988679657,0.6538461538461539
341,2.818506991181542,0.6153846153846154
342,2.637886577583422,0.6153846153846154
343,2.705518280509241,0.5769230769230769
344,2.3698375167083587,0.6538461538461539
345,3.4055519424207152,0.6153846153846154
346,2.682679748866139,0.6923076923076923
347,3.0649943684921723,0.6923076923076923
348,2.7723246297891144,0.6538461538461539
349,3.1173631802048356,0.46153846153846156
350,2.7594404184594366,0.6153846153846154
351,3.5231934712747703,0.6538461538461539
352,2.968795979420099,0.6538461538461539
353,4.058356332153291,0.6923076923076923
354,3.2817111967482946,0.7692307692307693
355,3.439207119990241,0.7307692307692307
356,4.177590533462525,0.8076923076923077
357,4.0965247610297375,0.7692307692307693
358,4.434170356413157,0.7307692307692307
359,3.7436900055476574,0.8846153846153846
360,3.09135581418949,0.6923076923076923
361,3.864924078443717,0.8076923076923077
362,4.052071267944561,0.8846153846153846
363,4.777438669394027,0.8076923076923077
364,4.194212954716166,0.9230769230769231
365,3.734243618529452,0.9230769230769231
366,3.704727146769435,1.0
367,3.972083873506688,0.9615384615384616
368,3.8428050563111693,0.8461538461538461
369,3.762363980422741,0.7692307692307693
370,3.0765224664093416,0.8076923076923077
371,3.939832954954672,0.5769230769230769
372,4.161134691064445,0.7307692307692307
373,3.509101677479301,0.8076923076923077
374,3.5516108547354914,0.6538461538461539
375,4.329603016513832,1.0
376,4.491503388326983,0.8461538461538461
377,4.149620874539402,0.8461538461538461
378,3.5267683093484954,0.8461538461538461
379,4.788365217677931,0.8846153846153846
380,3.5060499838972055,0.7692307692307693
381,4.205420100622545,0.8076923076923077
382,3.813733332187988,0.8076923076923077
383,3.9098453682505006,0.6923076923076923
384,2.4611169536793343,0.6538461538461539
385,4.1283464795643585,0.8461538461538461
386,3.877824996038186,0.8461538461538461
387,4.051725139865655,0.8076923076923077
388,3.8045830207111497,0.8076923076923077
389,4.843399226200867,1.0
390,4.5032324407503594,1.0
391,4.21316509176995,0.8461538461538461
392,3.370202153485482,0.8076923076923077
393,4.448174914364291,0.8076923076923077
394,4.704390209501572,0.9230769230769231
395,2.9139753503060493,0.5
396,4.243505946544907,0.9615384615384616
397,3.1940151940699444,0.6538461538461539
398,4.649345750247578,0.8461538461538461
399,4.218276756051081,0.8846153846153846
400,4.1743193920492185,0.9230769230769231
401,4.338986269361608,0.9230769230769231
402,4.303708918635779,0.8076923076923077
403,4.01232836392603,0.8076923076923077
404,5.005307223958176,1.0
405,3.230146672508189,0.6538461538461539
406,4.2589146463803385,0.9615384615384616
407,4.583594542986674,0.9615384615384616
408,3.7649908719910563,0.7692307692307693
409,4.205230507357506,0.8461538461538461
410,4.692483788812096,0.8076923076923077
411,3.67827889396889,0.7307692307692307
412,3.9934950185665326,0.8461538461538461
413,4.422060763351486,0.8461538461538461
414,4.654637423809632,0.7692307692307693
415,4.0506741212460735,0.7307692307692307
416,5.091617053667819,0.7692307692307693
417,4.0817043697927184,0.8076923076923077
418,3.344568226399991,0.7692307692307693
419,3.752030739380196,0.7307692307692307
420,4.453651505510988,0.9230769230769231
421,4.306480018367375,0.9230769230769231
422,4.275066529303315,0.7692307692307693
423,4.488083048447302,0.8846153846153846
424,4.257054081622472,0.8846153846153846
425,4.909564763652476,0.6923076923076923
426,4.172123685674381,0.9230769230769231
427,4.512764153820275,0.8461538461538461
428,5.076898300114564,0.8076923076923077
429,4.777491843074624,0.8461538461538461
430,3.8162869059484934,0.9230769230769231
431,4.12244185946596,0.8846153846153846
432,3.6281052297344796,0.5769230769230769
433,4.491929036499206,0.7692307692307693
434,5.105526732888013,0.8461538461538461
435,4.738487812010032,0.8076923076923077
436,2.407816023266835,0.5769230769230769
437,3.3821088857463053,0.7692307692307693
438,4.903181372801255,0.8846153846153846
439,3.445858328478787,0.6923076923076923
440,4.678637044405175,0.8846153846153846
441,4.719230400900488,0.8846153846153846
442,4.524573849699543,0.9615384615384616
443,3.566804322467962,0.8076923076923077
444,3.944970685369297,0.8076923076923077
445,4.496393190710341,0.8461538461538461
446,5.530410386230256,0.8461538461538461
447,3.185151568819166,0.6538461538461539
448,4.315820423358168,1.0
449,3.9786672097490743,0.8461538461538461
450,4.22715197013062,0.8846153846153846
451,3.4507841109659383,0.8076923076923077
452,4.8170586611519575,0.8846153846153846
453,4.633391373130903,0.8846153846153846
454,3.9016494187517363,0.7307692307692307
455,3.736046744820375,0.9230769230769231
456,3.1546886084548103,0.7692307692307693
457,4.707467772705544,0.9230769230769231
458,3.7565670146561754,0.7692307692307693
459,3.518271551078989,1.0
460,4.541102342719907,1.0
461,5.156840879965486,0.8461538461538461
462,4.82396958733234,1.0
463,4.309844052546807,0.8076923076923077
464,3.3576850285619786,0.6923076923076923
465,4.687743224224411,0.8846153846153846
466,4.436227187756794,0.9230769230769231
467,4.05276926328728,0.8461538461538461
468,3.538278803746547,0.8076923076923077
469,3.2515544217162557,0.6923076923076923
470,3.7879765638276446,0.8076923076923077
471,4.358908038255374,0.8846153846153846
472,4.77981319764745,0.9230769230769231
473,4.358956591565822,0.9230769230769231
474,3.4742384054668216,0.8846153846153846
475,4.344887775905117,0.9615384615384616
476,2.6448339425811325,0.5384615384615384
477,4.330189068549244,0.9615384615384616
478,4.397828696639871,0.8846153846153846
479,3.8413429150928993,0.8076923076923077
480,4.803772357073635,0.9615384615384616
481,3.6358499025642055,0.8846153846153846
482,4.562964005737122,0.8846153846153846
483,4.182368938735722,0.8846153846153846
484,3.88070450275993,0.9230769230769231
485,4.185720442904173,0.8461538461538461
486,4.409369835629606,0.8846153846153846
487,3.696701342018898,0.8076923076923077
488,4.451436607266473,0.8461538461538461
489,4.020531013281175,0.8461538461538461
490,4.834182557580753,0.9230769230769231
491,5.018923127792931,0.9230769230769231
492,3.812480937201775,0.8846153846153846
493,4.396402679461827,0.9230769230769231
494,3.8976057693178072,0.8076923076923077
495,3.775516388395759,0.7692307692307693
496,3.9325104919772382,0.7307692307692307
497,4.6680077286328725,0.8846153846153846
498,3.9394244252952575,0.9615384615384616
499,3.3342792500098186,0.6153846153846154
500,4.136922427503006,0.9230769230769231
501,4.461553463871298,0.9615384615384616
502,4.1310055527910166,0.8461538461538461
503,5.121932992617301,0.9230769230769231
504,4.336252858241694,0.7307692307692307
505,3.7838997300254444,0.8461538461538461
506,3.331038123648164,0.9230769230769231
507,3.9175076424814375,0.7692307692307693
508,4.370072563434924,0.8076923076923077
509,3.934057401168828,0.9615384615384616
510,4.189399570045721,0.7307692307692307
511,3.628020865827749,0.8461538461538461
512,3.5255758379838316,0.6538461538461539
513,4.530872898951949,0.9230769230769231
514,3.162919514165871,0.7692307692307693
515,4.6886030077452485,0.8846153846153846
516,4.54202320111807,0.9230769230769231
517,2.8206202844355848,0.6538461538461539
518,4.252568152822264,0.8076923076923077
519,3.697891225407068,0.7307692307692307
520,5.024587992912593,0.9615384615384616
521,4.355849312916282,0.8461538461538461
522,3.76613082291327,0.6538461538461539
523,4.1395814048661475,0.6923076923076923
524,3.183205958174041,0.7307692307692307
525,5.239699450584477,1.0
526,4.578210535506975,0.9230769230769231
527,4.787326005629641,1.0
528,3.4151269455459037,0.6538461538461539
529,4.12170354027461,0.8076923076923077
530,4.173164098974871,0.8461538461538461
531,3.6445862898774712,0.8846153846153846
532,2.9919507893873583,0.7307692307692307
533,3.954476106604272,0.7692307692307693
534,4.4258623589272235,0.7307692307692307
535,4.774187185560388,0.8846153846153846
536,5.133065493989546,0.9615384615384616
537,3.4008917577578925,0.8076923076923077
538,4.959561437331625,0.8461538461538461
539,3.9196947360664063,0.8076923076923077
540,2.973647418061298,0.7307692307692307
541,3.872596882984146,0.9615384615384616
542,4.354509306710479,0.8076923076923077
543,3.6120187748042647,0.8846153846153846
544,4.205065217046054,0.8461538461538461
545,4.075619943758606,0.7307692307692307
546,4.472279161323403,0.9230769230769231
547,4.441384568726555,0.8076923076923077
548,3.7768047958767026,0.6153846153846154
549,4.746622705562874,0.7307692307692307
550,4.197517591590363,0.8076923076923077
551,4.313569151394203,0.9615384615384616
552,3.654046688551242,0.7307692307692307
553,4.553818037716218,0.9230769230769231
554,4.863057029639678,0.9615384615384616
555,4.186718637650967,0.6923076923076923
556,4.261048393088529,0.6923076923076923
557,2.9109750036064437,0.6923076923076923
558,4.8224590862737085,0.8846153846153846
559,3.992763871043435,0.8846153846153846
560,4.452610738144561,0.8846153846153846
561,4.025898418320206,0.9230769230769231
562,3.683136740296079,0.7692307692307693
563,4.491632113427051,0.9615384615384616
564,3.9200723533568844,0.8846153846153846
565,5.048165367263917,0.9230769230769231
566,2.967806570127902,0.6923076923076923
567,4.582524404280433,0.8846153846153846
568,4.235575212439561,0.8076923076923077
569,4.276392300183879,0.8846153846153846
570,4.00394224383476,0.8461538461538461
571,4.936282350798891,0.9230769230769231
572,3.566963738479468,0.6538461538461539
573,4.2320638281080365,0.8846153846153846
574,3.501421539854581,0.8076923076923077
575,3.3780470578733723,0.7307692307692307
576,4.725241513536182,0.9615384615384616
577,3.7183042044382986,0.6538461538461539
578,4.730582667977497,0.8461538461538461
579,3.670152302347507,0.7692307692307693
580,5.260924654895264,0.8076923076923077
581,3.870923855904989,0.6538461538461539
582,4.621996186078139,0.9615384615384616
583,4.279141231932851,0.8461538461538461
584,3.9698003599390894,0.6538461538461539
585,3.5688400465540235,0.7692307692307693
586,3.2128902088363196,0.8846153846153846
587,4.657883714086353,0.9615384615384616
588,4.604168729279303,0.8846153846153846
589,4.0419957026015325,0.9615384615384616
590,3.827018825393224,0.8461538461538461
591,3.4217802145058944,0.8846153846153846
592,3.80722525440342,0.9230769230769231
593,3.8716447534068354,0.9230769230769231
594,4.338354180322818,0.6923076923076923
595,3.654096678910315,0.9615384615384616
596,4.263105817910688,0.8846153846153846
597,4.8024604530422925,0.8461538461538461
598,4.863483802683931,0.8846153846153846
599,3.7883426548366974,0.8461538461538461
600,2.956709446082446,0.7307692307692307
601,4.233548238943205,0.8846153846153846
602,4.575652689146845,0.8846153846153846
603,4.3156698655878145,0.8846153846153846
604,4.13987666353357,0.8846153846153846
605,3.9765406081902617,0.9615384615384616
606,4.058574478220647,0.9230769230769231
607,4.468767999058189,0.7307692307692307
608,5.633104969777512,0.7307692307692307
609,2.975872706510062,0.7307692307692307
610,4.449888134360492,0.9615384615384616
611,4.986194365645756,0.8076923076923077
612,3.9947475062446594,1.0
613,4.190280515261471,0.8846153846153846
614,3.981969649500364,0.8461538461538461
615,3.8778101498370883,0.8846153846153846
616,4.794340409289737,0.9230769230769231
617,4.3116919947114525,0.8461538461538461
618,4.869609183450574,0.8461538461538461
619,4.206519585407012,0.9615384615384616
620,4.833006205928292,0.9615384615384616
621,4.467054052640009,0.7692307692307693
622,4.446741736456338,0.8846153846153846
623,3.9092269058653852,0.8076923076923077
624,4.594772366149031,0.8461538461538461
625,3.5741999968301563,0.8461538461538461
626,4.2046054601771665,0.9230769230769231
627,3.4661797241038506,0.7307692307692307
628,6.29138363406089,0.9230769230769231
629,3.3006842980289903,0.8846153846153846
630,4.8689012157122695,1.0
631,4.669928746169154,0.8846153846153846
632,4.2396303514358475,0.8461538461538461
633,3.5524772531668156,0.8076923076923077
634,5.18413621096771,0.9230769230769231
635,4.735160042858886,0.9615384615384616
636,4.091456169625323,0.7692307692307693
637,4.468615487161498,0.8846153846153846
638,4.554359220626349,0.8461538461538461
639,3.5638198454472034,0.8461538461538461
640,4.459149613957916,0.8846153846153846
641,4.451790091759831,0.8846153846153846
642,4.1042240664937975,0.7692307692307693
643,4.55056765470431,0.7692307692307693
644,5.2952622273037,0.9615384615384616
645,3.2829878454756543,0.6538461538461539
646,3.6705026174983475,0.6923076923076923
647,4.195938000527735,0.9230769230769231
648,4.256793662580486,0.8461538461538461
649,4.074088020954459,0.8461538461538461
650,3.542395822574532,0.8461538461538461
651,4.577184448301647,0.9615384615384616
652,3.820604402446492,1.0
653,4.296000128727555,0.8076923076923077
654,3.9076586613833784,0.9230769230769231
655,3.939848815217916,0.8846153846153846
656,3.9502616100844437,0.8461538461538461
657,4.6027828706333205,0.9230769230769231
658,3.8542786112564693,0.9230769230769231
659,3.5310683322007095,0.8076923076923077
660,4.800242120253976,0.8076923076923077
661,4.516930946596119,0.8461538461538461
662,4.181837008894032,0.7307692307692307
663,4.616277050954767,0.8461538461538461
664,4.512474044495355,0.8461538461538461
665,4.697470543261744,0.8846153846153846
666,3.9747957733137307,0.6538461538461539
667,3.7763714923853025,0.8461538461538461
668,5.046019764214725,0.7692307692307693
669,4.442413766553007,0.7692307692307693
670,4.741406213677645,0.7307692307692307
671,4.427791923143007,0.8076923076923077
672,4.4834114490345085,0.8076923076923077
673,3.4526639549110256,0.7307692307692307
674,3.999833515708423,0.7692307692307693
675,4.122337699167078,0.7307692307692307
676,3.9516556978318835,0.8461538461538461
677,3.8651606130097287,0.9230769230769231
678,3.99737692650134,0.8076923076923077
679,3.753059670291908,0.8461538461538461
680,3.724592289664475,0.8846153846153846
681,3.9512511079893544,0.8076923076923077
682,4.53822877821637,0.8461538461538461
683,4.8481313378217985,0.8076923076923077
684,3.883036645317549,0.8076923076923077
685,5.155199981530141,0.9615384615384616
686,3.735928680226234,0.8846153846153846
687,4.289877790889996,0.6923076923076923
688,4.803115910174851,0.8076923076923077
689,4.43620431688934,0.8846153846153846
690,4.863557669223414,1.0
691,4.103332439093874,0.7692307692307693
692,4.629923296067918,0.8846153846153846
693,2.8927289619912147,0.5384615384615384
694,4.3505569405560705,0.9230769230769231
695,3.719378040855106,0.7692307692307693
696,3.5714928239241104,0.7692307692307693
697,4.291569310186152,0.8461538461538461
698,3.916852166956293,0.8846153846153846
699,3.548278716779104,0.8461538461538461
700,4.258318497233565,0.8461538461538461
701,3.1869340361367473,0.9230769230769231
702,4.359392471488019,0.7692307692307693
703,4.475091781726129,0.8846153846153846
704,4.532362519300955,0.8846153846153846
705,4.261996365359798,0.9230769230769231
706,4.778739010492171,0.8846153846153846
707,3.4728246747703118,0.7307692307692307
708,4.1347819670710875,0.7692307692307693
709,4.843243715606908,0.9615384615384616
710,4.361613401097502,0.6923076923076923
711,3.9533627727421776,0.7692307692307693
712,4.65740912461137,0.9615384615384616
713,4.085425643056142,0.9230769230769231
714,3.600140562979203,0.7692307692307693
715,4.792999702174907,0.8461538461538461
716,4.022224756784236,0.8076923076923077
717,3.6375428738594,0.8461538461538461
718,6.8057860179296386,0.9230769230769231
719,4.730548376359877,0.8076923076923077
720,4.236783356006632,0.7307692307692307
721,4.670951634821459,0.8076923076923077
722,4.017615699539338,0.8846153846153846
723,4.596230063838341,0.8846153846153846
724,2.710919744030456,0.7307692307692307
725,4.602298530832152,0.8846153846153846
726,2.650927108158529,0.7692307692307693
727,3.0047611312459965,0.7307692307692307
728,4.283175701456197,0.8461538461538461
729,4.333769978366867,0.8846153846153846
730,3.5197437060083048,0.9230769230769231
731,4.155916099817461,0.8076923076923077
732,3.591016450496236,0.9230769230769231
733,4.201019673544403,0.8846153846153846
734,3.7854535408394576,0.8076923076923077
735,3.814224305910642,0.8846153846153846
736,4.765140183272181,0.8461538461538461
737,3.114707542663701,0.7692307692307693
738,3.1112490975584324,0.6923076923076923
739,4.8164655983291915,0.7692307692307693
740,4.427972204004278,0.8846153846153846
741,3.1255242671906394,0.6153846153846154
742,3.3690083631415613,0.8461538461538461
743,4.190111320091849,0.8846153846153846
744,3.9479234215201693,0.8461538461538461
745,3.182057886129372,0.6153846153846154
746,4.856564694686934,0.9230769230769231
747,4.319134287922726,0.8076923076923077
748,4.432035061316752,0.8076923076923077
749,3.7979451605078176,0.7307692307692307
750,5.215413201397297,0.8461538461538461
751,3.9430424285222685,0.7307692307692307
752,3.780458943229053,0.9230769230769231
753,2.7915940235138055,0.7307692307692307
754,3.637420743352778,0.8076923076923077
755,4.121290457471592,0.7692307692307693
756,4.397158569804354,0.9230769230769231
757,3.5127132340808176,0.9230769230769231
758,3.7722389534579994,0.8461538461538461
759,3.47947710632869,0.8461538461538461
760,4.5696346002628925,0.9615384615384616
761,3.950871110402429,0.8076923076923077
762,3.2970328713373647,0.7692307692307693
763,4.387625220864255,0.8076923076923077
764,4.783288791712528,1.0
765,3.110653904319785,0.8461538461538461
766,3.7302221502586863,0.8846153846153846
767,3.771622257038505,0.8846153846153846
768,4.321048433276702,0.9615384615384616
769,3.728703971878333,0.7307692307692307
770,4.39704697678991,0.8461538461538461
771,4.440426508112686,0.8461538461538461
772,3.4576381898914215,0.8461538461538461
773,4.488056688170195,0.7692307692307693
774,3.683347960869582,0.9230769230769231
775,3.742302108174421,0.8461538461538461
776,2.9935822862368973,0.7692307692307693
777,4.259852797629578,0.8076923076923077
778,4.125201486355925,0.9230769230769231
779,3.814682284225171,0.8461538461538461
780,2.9276058363120687,0.6923076923076923
781,4.669738102519502,0.8461538461538461
782,3.9604773197148027,0.7307692307692307
783,4.4742552821714385,0.8076923076923077
784,3.7028677306352686,0.8461538461538461
785,3.503139488260449,0.7307692307692307
786,4.516964206978708,0.8846153846153846
787,4.365510505647547,0.8461538461538461
788,4.2194921229710225,0.8076923076923077
789,4.050375172162239,0.8461538461538461
790,3.84298793960462,0.6923076923076923
791,5.072770384197868,0.8846153846153846
792,3.598009477137327,0.8461538461538461
793,3.538936442332109,0.7307692307692307
794,4.21455651942459,0.8846153846153846
795,4.9636844777655895,0.8846153846153846
796,4.287903344546268,0.7307692307692307
797,4.033059441970881,0.8076923076923077
798,4.071873492619328,0.8461538461538461
799,3.30880285632656,0.9615384615384616
800,4.356723012350944,0.8461538461538461
