# Trial 6: ath=0.0240  reg=1.84e-04  hd=700  L=9  best_er=0.3462
iter,loss,error_rate
1,3.0655312020260634,0.7307692307692307
2,3.0099901652386114,0.7692307692307693
3,3.1952986866995046,0.6923076923076923
4,2.718806865812846,0.7692307692307693
5,3.757839057649776,0.8076923076923077
6,2.954829299080952,0.7692307692307693
7,2.6408829225071724,0.7692307692307693
8,2.783557435722591,0.7307692307692307
9,2.21907181558605,0.7307692307692307
10,2.9134067654015317,0.8461538461538461
11,3.008046413107812,0.7307692307692307
12,2.757661267140479,0.8076923076923077
13,2.5207501642542773,0.7307692307692307
14,3.2537738560291083,0.6923076923076923
15,2.75428262949051,0.7692307692307693
16,2.5699413785118104,0.7692307692307693
17,2.8101802703708882,0.7692307692307693
18,2.883312447678868,0.7692307692307693
19,3.113943114310697,0.8076923076923077
20,2.4891813674406382,0.7307692307692307
21,2.8460687512517486,0.8076923076923077
22,3.149106982443458,0.8076923076923077
23,2.5896393413020085,0.7692307692307693
24,3.2715694827932147,0.7692307692307693
25,2.6343072387799613,0.7692307692307693
26,3.5696861047840684,0.8076923076923077
27,3.081646212380124,0.7307692307692307
28,4.314970192384393,0.7307692307692307
29,3.313437994048769,0.8461538461538461
30,3.3515197561595045,0.8076923076923077
31,3.4965628606255312,0.6923076923076923
32,2.6510785736899414,0.6923076923076923
33,2.894242947143423,0.7307692307692307
34,2.5360535560692914,0.8076923076923077
35,2.8237399734939315,0.7692307692307693
36,3.2082878523335077,0.7692307692307693
37,2.4101688499335774,0.7692307692307693
38,3.066938468404967,0.7692307692307693
39,2.433179030769687,0.8076923076923077
40,2.8241858176733805,0.7692307692307693
41,2.2487551669764523,0.7692307692307693
42,2.380919409391061,0.8461538461538461
43,2.1101926492721335,0.8846153846153846
44,2.3460740672102505,0.7692307692307693
45,1.8770943831821272,0.6923076923076923
46,1.719856655011903,0.6538461538461539
47,1.7222089091258823,0.5769230769230769
48,2.0149019412990734,0.6538461538461539
49,2.6393808046994023,0.6153846153846154
50,1.9574615117423253,0.5769230769230769
51,1.6534261618534232,0.6153846153846154
52,1.8192795489987725,0.6153846153846154
53,1.7744512725460782,0.6538461538461539
54,1.6903239846874385,0.7307692307692307
55,3.154408313304396,0.6153846153846154
56,1.8117757424093965,0.6153846153846154
57,2.0044856385753365,0.5769230769230769
58,1.8209860017714479,0.6538461538461539
59,1.647080414153201,0.5384615384615384
60,1.93789296895268,0.6538461538461539
61,2.301896055953919,0.6153846153846154
62,3.2104108337733828,0.6538461538461539
63,2.0499782593825984,0.5769230769230769
64,1.5593077164216473,0.5769230769230769
65,2.343196369091436,0.6538461538461539
66,1.9685648535656601,0.6538461538461539
67,1.6566943743376616,0.6153846153846154
68,1.8041942781714875,0.5384615384615384
69,1.7379315973996423,0.6538461538461539
70,1.5620190144870976,0.5384615384615384
71,1.8951329633300686,0.5384615384615384
72,2.1011753023413178,0.6538461538461539
73,1.8309343537158749,0.6153846153846154
74,2.1677175841420624,0.6153846153846154
75,2.1034517680344256,0.6153846153846154
76,2.1183943162370613,0.5384615384615384
77,2.849412347380378,0.5384615384615384
78,1.6430751779923913,0.5384615384615384
79,2.0166333608331914,0.6538461538461539
80,1.8597321129916407,0.6538461538461539
81,1.7441496561733298,0.6153846153846154
82,1.7509325765429922,0.6538461538461539
83,1.5577019550925923,0.6538461538461539
84,1.7350727179399938,0.6153846153846154
85,2.0293601432343875,0.5
86,1.720152373367664,0.5769230769230769
87,1.623739673921686,0.5769230769230769
88,1.506887036387011,0.6538461538461539
89,1.9981775882063513,0.6153846153846154
90,1.4724055248658594,0.6538461538461539
91,1.8242953632660892,0.6923076923076923
92,1.746330056168854,0.5769230769230769
93,1.3047187772841968,0.6153846153846154
94,1.709599937471257,0.6538461538461539
95,1.3615786198587458,0.5769230769230769
96,1.4667673779384942,0.6153846153846154
97,1.7736550053512616,0.7307692307692307
98,1.6492979431976802,0.6153846153846154
99,1.5640143278886875,0.6153846153846154
100,1.6681902078008253,0.6153846153846154
101,1.4035360620639996,0.6153846153846154
102,1.4380442167480947,0.6538461538461539
103,1.1832919884871198,0.5
104,1.2695440684613009,0.5384615384615384
105,1.3931291838696205,0.5769230769230769
106,1.5018950624387055,0.5769230769230769
107,1.4522705140421883,0.6923076923076923
108,1.6983472504271284,0.5769230769230769
109,1.5791981212129018,0.4230769230769231
110,1.0008016538820463,0.5769230769230769
111,1.3553314967048062,0.5769230769230769
112,1.4470714546262116,0.6153846153846154
113,1.2005379717302134,0.5384615384615384
114,1.354668554361841,0.5769230769230769
115,1.1625207842974565,0.5384615384615384
116,1.0570272724190857,0.6538461538461539
117,1.0140476731561177,0.6538461538461539
118,1.2847582474187647,0.5769230769230769
119,1.2294709896380978,0.6923076923076923
120,1.2281254250529297,0.7307692307692307
121,1.4435544304953702,0.6538461538461539
122,1.3081544752233532,0.6153846153846154
123,1.0255611016208195,0.5384615384615384
124,1.1175896597465065,0.6538461538461539
125,1.2639052006372404,0.6153846153846154
126,1.3140435780156787,0.6153846153846154
127,1.121067743267147,0.6153846153846154
128,1.1314157527601045,0.6538461538461539
129,0.9631707174528485,0.6153846153846154
130,1.233506222322747,0.5384615384615384
131,0.8705240535040848,0.5769230769230769
132,1.1004794601995487,0.5384615384615384
133,0.9498143762228417,0.5769230769230769
134,0.8757285218655015,0.5769230769230769
135,1.1606335261988638,0.5769230769230769
136,0.7792576184704543,0.5769230769230769
137,1.2265324066949694,0.5384615384615384
138,0.7918133041694175,0.46153846153846156
139,0.9202725084686909,0.5
140,1.0213037820451012,0.5384615384615384
141,0.9622451796291474,0.5769230769230769
142,0.971655159597276,0.5384615384615384
143,1.0824474459425764,0.6153846153846154
144,0.9623942744074121,0.5769230769230769
145,1.3832853897405406,0.6153846153846154
146,1.22659893956365,0.6538461538461539
147,0.9088377887709136,0.6538461538461539
148,1.0952988878900531,0.6923076923076923
149,1.0325914204263236,0.5769230769230769
150,0.8231572395122195,0.6153846153846154
151,0.7526041879946157,0.6538461538461539
152,0.9398481592010386,0.5769230769230769
153,0.881662836416258,0.5769230769230769
154,0.9150591074920991,0.6153846153846154
155,0.8191082051333844,0.6153846153846154
156,0.7432554888657998,0.5769230769230769
157,0.6944376400149883,0.6538461538461539
158,0.7761495753954226,0.5769230769230769
159,0.8167905843529191,0.38461538461538464
160,0.8653620298590883,0.6153846153846154
161,0.8889536091900876,0.5384615384615384
162,0.9591927336722335,0.6923076923076923
163,0.7769765350507809,0.5
164,0.7728197000305359,0.46153846153846156
165,0.704831327459086,0.46153846153846156
166,0.8756741452333325,0.5384615384615384
167,0.7922840014068209,0.6153846153846154
168,0.6770257041745515,0.5769230769230769
169,0.8581671355284244,0.5
170,0.783215975409814,0.5384615384615384
171,0.8917498277134253,0.5
172,0.9176954816741958,0.5769230769230769
173,0.8006316116350596,0.5769230769230769
174,0.8193746583654193,0.5
175,0.8091258758372439,0.5384615384615384
176,0.7616745548174473,0.5769230769230769
177,0.9649108404270641,0.6538461538461539
178,0.8069221329860232,0.5769230769230769
179,0.7907690550958582,0.5384615384615384
180,0.9761857271390109,0.6153846153846154
181,0.7934875481454009,0.5384615384615384
182,0.9008425658450925,0.5384615384615384
183,0.9671297006908777,0.5384615384615384
184,0.7145870212404728,0.5769230769230769
185,0.6809963519197666,0.5
186,0.7365585426559695,0.5384615384615384
187,0.6851263020456808,0.5384615384615384
188,1.0080280561133863,0.5
189,0.9195406120975265,0.6153846153846154
190,0.713909424269215,0.5384615384615384
191,0.7352642963695386,0.5384615384615384
192,0.7562156881132882,0.5769230769230769
193,0.7177321488055557,0.46153846153846156
194,0.8530178686755439,0.5
195,0.7295748560754749,0.5769230769230769
196,1.0313510202403142,0.5384615384615384
197,0.8625308417033519,0.46153846153846156
198,0.7947427785661811,0.5
199,0.706021038586341,0.5769230769230769
200,0.7141913754174429,0.5769230769230769
201,0.7991617064540932,0.5
202,0.6619000651675679,0.6153846153846154
203,0.8601668272052874,0.5769230769230769
204,0.7490900716698077,0.5384615384615384
205,0.5669405942865109,0.4230769230769231
206,0.7204997285508461,0.5769230769230769
207,0.8427671775216088,0.5
208,0.7019627447714178,0.5384615384615384
209,0.6175725319601337,0.5384615384615384
210,0.7827127125579678,0.5384615384615384
211,0.6054535409584911,0.46153846153846156
212,0.789253335984581,0.46153846153846156
213,0.8723694986588089,0.5
214,0.8103532837228906,0.5
215,0.8451323467650416,0.5769230769230769
216,0.8158071432442342,0.46153846153846156
217,0.9065936349301804,0.5769230769230769
218,0.6132866553631113,0.5
219,0.7004423381621812,0.46153846153846156
220,0.7461514853215041,0.5769230769230769
221,0.801221794092696,0.5384615384615384
222,0.7880892024229511,0.5
223,0.7393887140366782,0.5
224,0.7667872700675882,0.46153846153846156
225,0.7866321553810076,0.5
226,0.7171029612320412,0.5
227,0.7407328661588148,0.5
228,0.8167385645207528,0.5
229,0.6925618425856008,0.4230769230769231
230,0.7959454484177719,0.5384615384615384
231,0.7888881947219222,0.5
232,0.67139250283478,0.5769230769230769
233,0.7343790381749149,0.5769230769230769
234,0.6531279493001252,0.5
235,0.7574514912052721,0.5384615384615384
236,0.7273984362776944,0.46153846153846156
237,0.738588869849147,0.6923076923076923
238,0.723812956869117,0.5384615384615384
239,0.6547869130935857,0.5
240,0.8251058313767134,0.5
241,0.6947478984916766,0.38461538461538464
242,0.6374827652526971,0.5769230769230769
243,0.6230425028114794,0.5
244,0.7745837365568349,0.46153846153846156
245,0.6200305042303698,0.4230769230769231
246,0.8336963961776869,0.46153846153846156
247,0.7056280925277623,0.5384615384615384
248,0.7608393861655176,0.5384615384615384
249,0.6779139781274965,0.46153846153846156
250,0.5616397832752895,0.46153846153846156
251,0.6504435282937893,0.4230769230769231
252,0.670181471641552,0.46153846153846156
253,0.641183125033951,0.5384615384615384
254,0.7183694697385321,0.5
255,0.5444197537543802,0.5384615384615384
256,0.6297819264667401,0.4230769230769231
257,0.652794817645117,0.46153846153846156
258,0.7389756123111373,0.38461538461538464
259,0.5354015426951118,0.5
260,0.6149935012261203,0.46153846153846156
261,0.5127014478568324,0.4230769230769231
262,0.5708686760698578,0.4230769230769231
263,0.5237793364141905,0.46153846153846156
264,0.6262313487229991,0.46153846153846156
265,0.563655074661848,0.5384615384615384
266,0.7441641901930303,0.34615384615384615
267,0.5993986447102486,0.5769230769230769
268,0.6894270951539032,0.5384615384615384
269,0.5399866003882652,0.46153846153846156
270,0.659262664962994,0.5769230769230769
271,0.6355349745485546,0.5384615384615384
272,0.6708439079504189,0.46153846153846156
273,0.47196197969553166,0.5
274,0.6830063616886988,0.5
275,0.5827622226661728,0.5
276,0.5842814633729394,0.5
277,0.6972355384493563,0.5769230769230769
278,0.8931499017661619,0.5384615384615384
279,0.5140351421748246,0.5769230769230769
280,0.698949915630338,0.5769230769230769
281,0.82662793360657,0.5384615384615384
282,0.5748971343843619,0.5384615384615384
283,0.7018662562941276,0.5
284,0.6791258567194678,0.46153846153846156
285,0.7174742962718379,0.5384615384615384
286,0.5442593994016156,0.5
287,0.6656923744797996,0.5
288,0.634155403458593,0.5384615384615384
289,0.5734145161423378,0.5769230769230769
290,0.6098464955114125,0.5769230769230769
291,0.7141683366710327,0.5384615384615384
292,0.6687017895987721,0.46153846153846156
293,0.6395399390793957,0.6153846153846154
294,0.6087228791265167,0.5
295,0.7135589727705907,0.5384615384615384
296,0.7296459316884261,0.6153846153846154
297,0.6798974094210313,0.5769230769230769
298,0.5856313928043444,0.6538461538461539
299,0.6473947831325053,0.5384615384615384
300,0.7139867809256848,0.5769230769230769
301,0.5377992913840091,0.5769230769230769
302,0.5909399723527411,0.5384615384615384
303,0.6848690822595853,0.5769230769230769
304,0.6948106724106644,0.5769230769230769
305,0.7110572307023584,0.5384615384615384
306,0.6506844208622913,0.6153846153846154
307,0.5359370914242763,0.46153846153846156
308,0.6841095886826083,0.5
309,0.5923888599295672,0.5
310,0.6355496558885854,0.5384615384615384
311,0.716926710586753,0.5
312,0.6168567181604718,0.5384615384615384
313,0.6544434173889373,0.5769230769230769
314,0.6831867343466662,0.5769230769230769
315,0.7042072667944081,0.5769230769230769
316,0.6979631281068683,0.6153846153846154
317,0.7346024990256352,0.6153846153846154
318,0.6919879956417652,0.46153846153846156
319,0.6834500176195255,0.6153846153846154
320,0.6285889643544658,0.5769230769230769
321,0.5648560834213954,0.5769230769230769
322,0.6225873278993781,0.46153846153846156
323,0.6221819804942705,0.5384615384615384
324,0.6068339904140276,0.6153846153846154
325,0.6806926718533504,0.5769230769230769
326,0.6937828808499793,0.5769230769230769
327,0.7545431976217514,0.5
328,0.5055750004335886,0.5
329,0.5952107542697092,0.5384615384615384
330,0.5495719368698193,0.5384615384615384
331,0.5847657520850511,0.5384615384615384
332,0.7189607371653857,0.5
333,0.6410798213473945,0.5384615384615384
334,0.575997540914801,0.5769230769230769
335,0.630293403446895,0.5384615384615384
336,0.6712914691433935,0.5769230769230769
337,0.5959568435913138,0.5
338,0.523871800600594,0.5769230769230769
339,0.7263243258788394,0.5769230769230769
340,0.6644899119553962,0.5769230769230769
341,0.7354485150005314,0.6153846153846154
342,0.5080447665376728,0.6153846153846154
343,0.5306885018523455,0.5384615384615384
344,0.44456800700201127,0.5
345,0.5947240129069375,0.5769230769230769
346,0.7444774873695215,0.5384615384615384
347,0.6352394785358015,0.46153846153846156
348,0.6694750783590555,0.5
349,0.6863254563155285,0.6923076923076923
350,0.5620127982167524,0.6153846153846154
351,0.6136828276802877,0.5
352,0.6479713193323033,0.6538461538461539
353,0.5087010950601498,0.5769230769230769
354,0.49475603673919233,0.4230769230769231
355,0.4548672890104779,0.46153846153846156
356,0.5852703923550946,0.5
357,0.7201587224814907,0.5
358,0.6028001288956744,0.46153846153846156
359,0.6282885463411332,0.5
360,0.6884916849526772,0.5
361,0.5269273978856868,0.6153846153846154
362,0.523707227878738,0.5384615384615384
363,0.652317507686583,0.5
364,0.6406059713410346,0.38461538461538464
365,0.4991796840175238,0.6538461538461539
366,0.529205131708641,0.5384615384615384
367,0.5582874108029063,0.5384615384615384
368,0.44257568217732546,0.5769230769230769
369,0.48195197219118224,0.5
370,0.5472000647636297,0.5
371,0.49558939592245776,0.46153846153846156
372,0.5319544528936557,0.5
373,0.5052628142459765,0.5384615384615384
374,0.5721453350352834,0.5
375,0.5650199655494457,0.5769230769230769
376,0.5635441723017776,0.46153846153846156
377,0.6892966670580574,0.5769230769230769
378,0.5973129552167862,0.6153846153846154
379,0.5486333354336597,0.5769230769230769
380,0.39423167605227816,0.5
381,0.45790065514993206,0.5384615384615384
382,0.5737782983047763,0.46153846153846156
383,0.5135431617951611,0.5384615384615384
384,0.48598902175479886,0.5384615384615384
385,0.6317828090155291,0.5769230769230769
386,0.6347776012923965,0.5769230769230769
387,0.5151844513770056,0.5384615384615384
388,0.6492168475050564,0.5384615384615384
389,0.5270303909914271,0.5769230769230769
390,0.583031498224527,0.5384615384615384
391,0.538122366114588,0.5384615384615384
392,0.5074736676347977,0.46153846153846156
393,0.5142668751610993,0.5384615384615384
394,0.4545567922161564,0.5
395,0.5252042182418748,0.5384615384615384
396,0.5239854752589022,0.5769230769230769
397,0.46168539280941756,0.46153846153846156
398,0.5858534937960895,0.5384615384615384
399,0.5974476259581105,0.5769230769230769
400,0.553572444197743,0.5
401,0.43004662510114455,0.5769230769230769
402,0.6422972983303543,0.5769230769230769
403,0.5563935230949584,0.5384615384615384
404,0.5364891587911829,0.5384615384615384
405,0.4169940750899581,0.5
406,0.38812905910591144,0.5769230769230769
407,0.5044731853262294,0.5769230769230769
408,0.49886672324279235,0.5
409,0.46357204909193683,0.5769230769230769
410,0.5807298541885344,0.5384615384615384
411,0.43899172205561365,0.5769230769230769
412,0.5716742714865255,0.5
413,0.5555398194334766,0.5384615384615384
414,0.5717065298255877,0.46153846153846156
415,0.5664761623707659,0.46153846153846156
416,0.6291273210634483,0.5384615384615384
417,0.5740578302763866,0.5
418,0.6500266070689151,0.5
419,0.516317485021871,0.5384615384615384
420,0.5894113111137935,0.5384615384615384
421,0.5059040279803662,0.5384615384615384
422,0.5537508998510625,0.5384615384615384
423,0.47288129877519314,0.5769230769230769
424,0.6067519411678721,0.5384615384615384
425,0.466793757703027,0.46153846153846156
426,0.4305581501164686,0.5384615384615384
427,0.4612219755174789,0.46153846153846156
428,0.44393329985023433,0.5384615384615384
429,0.389875821071092,0.46153846153846156
430,0.4468960263581274,0.5384615384615384
431,0.6100436207070801,0.6153846153846154
432,0.49801261589370904,0.5
433,0.38978524678627613,0.34615384615384615
434,0.3251961379290349,0.5384615384615384
435,0.384819472313342,0.46153846153846156
436,0.5453427049202304,0.5
437,0.4592071064819603,0.46153846153846156
438,0.45356872175236607,0.5384615384615384
439,0.5026277873788865,0.5
440,0.45744260515376345,0.46153846153846156
441,0.4332100199746982,0.5384615384615384
442,0.4028334058567551,0.5769230769230769
443,0.5367896332213578,0.5
444,0.4987927295712722,0.5
445,0.4557224307027301,0.4230769230769231
446,0.44987093954387847,0.5384615384615384
447,0.5065034180064774,0.5
448,0.4167961522454475,0.5384615384615384
449,0.4683120654156512,0.46153846153846156
450,0.3562227422030304,0.46153846153846156
451,0.566918601194871,0.5
452,0.5896695108871182,0.5384615384615384
453,0.48405273414436367,0.4230769230769231
454,0.3680702915485594,0.5
455,0.5734880529220274,0.5769230769230769
456,0.48718335410188596,0.5
457,0.5397040221495457,0.5384615384615384
458,0.48439334786102206,0.5
459,0.38766252339722707,0.5384615384615384
460,0.6003878340069528,0.46153846153846156
461,0.5237302566906972,0.46153846153846156
462,0.4550434286994727,0.5
463,0.5541049263845572,0.5384615384615384
464,0.5720873999831029,0.5
465,0.5830692831963233,0.5384615384615384
466,0.5925443571414313,0.4230769230769231
467,0.49872041197131,0.5769230769230769
468,0.3305962219261902,0.5769230769230769
469,0.6062389444353378,0.5
470,0.4905746727123437,0.5
471,0.4762575854594422,0.5
472,0.4889324799603232,0.5
473,0.3707197664750628,0.46153846153846156
474,0.4589179882910721,0.4230769230769231
475,0.4380477536526981,0.46153846153846156
476,0.36605310354695497,0.5
477,0.41115252083321696,0.5384615384615384
478,0.47546118731510356,0.5
479,0.5732593803480919,0.5384615384615384
480,0.409318548114209,0.5
481,0.3253361317106127,0.5769230769230769
482,0.46521320534449995,0.46153846153846156
483,0.48069002918712167,0.5
484,0.3467343743384994,0.4230769230769231
485,0.4616608921640877,0.5
486,0.3802524875630082,0.5
487,0.395211028598089,0.5
488,0.34853708341936995,0.6538461538461539
489,0.3808641273575666,0.46153846153846156
490,0.35634235465887754,0.5384615384615384
491,0.3728314728222091,0.46153846153846156
492,0.538535342987084,0.46153846153846156
493,0.3908997363255411,0.4230769230769231
494,0.44681118924452257,0.5
495,0.4015081973417156,0.5384615384615384
496,0.36521675560157796,0.5384615384615384
497,0.42390832026698266,0.5
498,0.4258090293275587,0.5384615384615384
499,0.41564213203828304,0.5
500,0.46999471004253834,0.5384615384615384
501,0.5487515849244695,0.46153846153846156
502,0.3876341139952806,0.5769230769230769
503,0.38772816950767197,0.5769230769230769
504,0.39678698481893004,0.5
505,0.41345788587841303,0.5384615384615384
506,0.4064145996759523,0.5
507,0.28768189447737136,0.46153846153846156
508,0.4960312432814775,0.5
509,0.40308744487960935,0.46153846153846156
510,0.4171696952126589,0.46153846153846156
511,0.40605209947373755,0.4230769230769231
512,0.4089407735244577,0.6538461538461539
513,0.2422009469967361,0.5769230769230769
514,0.4615515560401673,0.5
515,0.3776408527937849,0.46153846153846156
516,0.4244548617112325,0.46153846153846156
517,0.3457274934443433,0.5
518,0.3894811128131406,0.5
519,0.4429818685662861,0.6153846153846154
520,0.4317416082802419,0.5384615384615384
521,0.4783986021595008,0.46153846153846156
522,0.38502359485125526,0.5384615384615384
523,0.31257686744899704,0.5769230769230769
524,0.433453219940493,0.46153846153846156
525,0.5237893058468082,0.5769230769230769
526,0.4499442899550412,0.4230769230769231
527,0.421084445865306,0.46153846153846156
528,0.43521941096675265,0.5
529,0.4055346026116773,0.5769230769230769
530,0.3885268940372706,0.5384615384615384
531,0.5236331377869217,0.5384615384615384
532,0.5256739348651318,0.5384615384615384
533,0.44933977192875574,0.5
534,0.5615955697630923,0.5
535,0.4529059936501598,0.5384615384615384
536,0.4472628596487329,0.5769230769230769
537,0.512634283116085,0.5
538,0.4766354392164316,0.46153846153846156
539,0.56956333285917,0.5
540,0.5624394376428539,0.46153846153846156
541,0.5334624866579709,0.5384615384615384
542,0.3522665001083132,0.5
543,0.38409434584239976,0.5384615384615384
544,0.5166134121603001,0.5769230769230769
545,0.45531375268291274,0.5
546,0.3573327582770274,0.5769230769230769
547,0.3426254262641564,0.4230769230769231
548,0.4847468428681214,0.5384615384615384
549,0.5789483791020005,0.4230769230769231
550,0.49149319059955054,0.34615384615384615
551,0.3518750747828956,0.4230769230769231
552,0.38746299814767093,0.5
553,0.43479799186542456,0.4230769230769231
554,0.4221034827275405,0.5
555,0.4377043543491532,0.5384615384615384
556,0.3844311989152751,0.46153846153846156
557,0.447587907483598,0.4230769230769231
558,0.41889465479416943,0.5
559,0.5285733825508796,0.5
560,0.47696831209378576,0.6153846153846154
561,0.4184474075762932,0.5
562,0.5092484995081725,0.4230769230769231
563,0.45726710302078466,0.5384615384615384
564,0.43897292070000615,0.5769230769230769
565,0.48837841089651635,0.5384615384615384
566,0.5418585555385036,0.5
567,0.4207029480335387,0.5
568,0.3175516042744131,0.46153846153846156
569,0.3973311062882714,0.5
570,0.38144761853095366,0.5
571,0.3788237227216751,0.5
572,0.48606491412952435,0.5
573,0.5290793756446028,0.5
574,0.378167416244402,0.5384615384615384
575,0.43529863054924434,0.46153846153846156
576,0.42316998734454847,0.4230769230769231
577,0.4433084083302101,0.4230769230769231
578,0.5369162515774519,0.4230769230769231
579,0.4186786334404218,0.46153846153846156
580,0.349219641369777,0.5
581,0.43912708066124173,0.46153846153846156
582,0.5118449693923348,0.5
583,0.5412779799350944,0.5384615384615384
584,0.45241783354529064,0.46153846153846156
585,0.31218893857836516,0.38461538461538464
586,0.3621754744978083,0.46153846153846156
587,0.4628660011280634,0.5384615384615384
588,0.4021780814890765,0.5
589,0.44464288279514186,0.5769230769230769
590,0.4409230118223939,0.34615384615384615
591,0.40976564311183417,0.5
592,0.3939891728187299,0.5769230769230769
593,0.3149666048912527,0.5384615384615384
594,0.4226915247971612,0.46153846153846156
595,0.3993534660034368,0.5
596,0.4998111545539423,0.5
597,0.34378022668002517,0.5
598,0.42055992242949447,0.5
599,0.3989751412324707,0.4230769230769231
600,0.46026606294429895,0.46153846153846156
601,0.38815188799728606,0.5384615384615384
602,0.35842266117239463,0.46153846153846156
603,0.33277054387429494,0.46153846153846156
604,0.39319589910087815,0.4230769230769231
605,0.45386655402100384,0.5
606,0.37973560617755586,0.5769230769230769
607,0.3217156682337601,0.5
608,0.3772775544523004,0.5384615384615384
609,0.399348005288922,0.5
610,0.34502620704277476,0.46153846153846156
611,0.333014625552694,0.4230769230769231
612,0.40786868875526716,0.5
613,0.3217041740580324,0.46153846153846156
614,0.3048365163456972,0.5
615,0.46169612521000536,0.5
616,0.2756212280249404,0.5
617,0.4565309976552827,0.5
618,0.4885598218485261,0.4230769230769231
619,0.4460384709636287,0.38461538461538464
620,0.3102212284705046,0.46153846153846156
621,0.4972610693869348,0.6153846153846154
622,0.4474470090858964,0.46153846153846156
623,0.40615867077897505,0.46153846153846156
624,0.36910593868259634,0.38461538461538464
625,0.36126017881369066,0.5
626,0.4005905949837687,0.5384615384615384
627,0.277977583918839,0.4230769230769231
628,0.39639106648782585,0.46153846153846156
629,0.37026244294984645,0.5384615384615384
630,0.40574890299595046,0.5
631,0.3485046946292112,0.5384615384615384
632,0.49447781705498217,0.46153846153846156
633,0.41934974821572313,0.46153846153846156
634,0.4836666317068228,0.46153846153846156
635,0.45198206561602383,0.5
636,0.44125405505715953,0.5
637,0.3449796173969668,0.38461538461538464
638,0.33410294897849546,0.5384615384615384
639,0.3110830822431554,0.46153846153846156
640,0.4122241575693195,0.5
641,0.470472543547352,0.5384615384615384
642,0.3632288905708565,0.46153846153846156
643,0.36826401702309575,0.5
644,0.5455931856217391,0.5
645,0.5720633100851544,0.46153846153846156
646,0.37002370895742587,0.5384615384615384
647,0.3655005946104528,0.5384615384615384
648,0.3655038279015894,0.46153846153846156
649,0.29315430939988385,0.46153846153846156
650,0.6421059746151743,0.46153846153846156
651,0.40977474895759647,0.38461538461538464
652,0.4184211197766583,0.46153846153846156
653,0.39869340004701037,0.5384615384615384
654,0.39235373715808963,0.5769230769230769
655,0.35954060101363705,0.46153846153846156
656,0.4942068840258731,0.5769230769230769
657,0.3106795025419826,0.46153846153846156
658,0.40181745487107845,0.5
659,0.27491352099652167,0.5
660,0.2532396828111203,0.5
661,0.4461942819106879,0.46153846153846156
662,0.347031252982684,0.5384615384615384
663,0.32438740910219455,0.5769230769230769
664,0.4011834064764179,0.46153846153846156
665,0.36950236669887415,0.5384615384615384
666,0.3567818643421994,0.5384615384615384
667,0.45095037265923965,0.5
668,0.35378421473393784,0.5384615384615384
669,0.34524946390182754,0.5769230769230769
670,0.4829948617748183,0.5
671,0.5171457213800523,0.5769230769230769
672,0.27175006008062086,0.4230769230769231
673,0.29811827024990345,0.46153846153846156
674,0.283886530391781,0.5
675,0.3953599766903233,0.46153846153846156
676,0.3855752448169749,0.5384615384615384
677,0.3819361054539736,0.46153846153846156
678,0.4162700948327389,0.5
679,0.36045423300743007,0.46153846153846156
680,0.25121905720092963,0.5
681,0.3288004954407522,0.5
682,0.37855304139148194,0.46153846153846156
683,0.2080138270265337,0.4230769230769231
684,0.3935711395940329,0.4230769230769231
685,0.34410510051011567,0.5
686,0.23592076529519046,0.5
687,0.3889746190946388,0.5
688,0.3953034004137721,0.46153846153846156
689,0.22417625708072464,0.4230769230769231
690,0.35125874393979517,0.46153846153846156
691,0.2532934811153651,0.5
692,0.3988057873340254,0.5
693,0.34030178076586104,0.5769230769230769
694,0.2954241298174578,0.5769230769230769
695,0.2550311994486161,0.34615384615384615
696,0.36242944316241,0.5384615384615384
697,0.24129451296959292,0.5384615384615384
698,0.2441301012231083,0.5384615384615384
699,0.372830005197089,0.46153846153846156
700,0.2692450800788184,0.4230769230769231
701,0.72137375561275,0.5
702,4.523506584434582,0.7692307692307693
703,0.34194057068172157,0.5
704,0.48960910186305995,0.5384615384615384
705,0.8321984150016424,0.6153846153846154
706,5.3480238438786225,0.8846153846153846
707,1.0638765945496753,0.5769230769230769
708,0.433977986548582,0.5
709,0.5424189831722432,0.5
710,0.6169030693797781,0.5
711,0.634618096918647,0.5384615384615384
712,0.8202355388957407,0.5384615384615384
713,0.5204386763750719,0.5384615384615384
714,0.7487593270109287,0.5384615384615384
715,5.041463233487613,0.8846153846153846
716,2.4538306128651413,0.7307692307692307
717,0.6702356235376232,0.6153846153846154
718,0.3919569017997242,0.5384615384615384
719,0.49877312504973004,0.46153846153846156
720,0.6946094516749337,0.5769230769230769
721,1.0046239691179837,0.5769230769230769
722,2.3084400647679115,0.6538461538461539
723,2.6179154194235745,0.6153846153846154
724,0.9557600780320827,0.6923076923076923
725,2.4991812150664954,0.5769230769230769
726,1.6207009114256712,0.6153846153846154
727,3.6294944104509455,0.8461538461538461
728,0.9198207211834069,0.5
729,2.290701250332388,0.6153846153846154
730,0.9116589769936501,0.6538461538461539
731,0.9383390690491149,0.6153846153846154
732,0.9298131049121241,0.5384615384615384
733,3.088894877865237,0.7307692307692307
734,0.9118341125171296,0.7307692307692307
735,1.1602838115117935,0.5769230769230769
736,2.266316851316142,0.7307692307692307
737,2.176062112873541,0.6153846153846154
738,1.080638749794725,0.5769230769230769
739,1.3564395921835297,0.6923076923076923
740,2.3623861467664318,0.8076923076923077
741,1.02676699825256,0.6538461538461539
742,1.8471273437373696,0.6538461538461539
743,1.3488852776084794,0.6538461538461539
744,3.8695012826654795,0.6923076923076923
745,4.72456886139633,0.8846153846153846
746,3.827441489236273,0.7692307692307693
747,0.8901057389669695,0.6538461538461539
748,1.4571175416948678,0.5
749,1.7537016406930939,0.6153846153846154
750,1.058525113044877,0.5
751,0.8369065568513983,0.7307692307692307
752,1.5792141716596249,0.7307692307692307
753,1.806826417317291,0.6923076923076923
754,4.153060417912905,1.0
755,3.4077846798158236,0.6923076923076923
756,0.9852600089837744,0.6153846153846154
757,1.1453991363672826,0.6153846153846154
758,1.049019031953732,0.5769230769230769
759,1.5502629140553208,0.5384615384615384
760,4.848550945152578,0.8846153846153846
761,1.1046053566378133,0.6923076923076923
762,1.4922593759203906,0.7307692307692307
763,4.176488753753819,0.8076923076923077
764,2.867997442021175,0.7307692307692307
765,5.321510746669305,0.9615384615384616
766,3.0700543556502335,0.6923076923076923
767,1.5883891619932804,0.7307692307692307
768,1.5245992269162505,0.7307692307692307
769,3.2406350321857715,0.8461538461538461
770,2.233218991438132,0.7307692307692307
771,4.392514079808859,0.8846153846153846
772,1.2809766689628503,0.5769230769230769
773,1.8235680972557773,0.6538461538461539
774,2.353263432794325,0.6153846153846154
775,1.8545632495550217,0.7307692307692307
776,1.125443294262399,0.6153846153846154
777,1.7549345288621305,0.7307692307692307
778,1.572235433328109,0.6923076923076923
779,3.0398677927352544,0.6923076923076923
780,4.899468258268344,0.7692307692307693
781,1.52415446647787,0.5769230769230769
782,3.241825177925566,0.6923076923076923
783,3.3504908524377925,0.6923076923076923
784,2.9495261198592706,0.6538461538461539
785,2.834284920664726,0.7307692307692307
786,3.0572820879725144,0.7692307692307693
787,3.85802513615345,0.7692307692307693
788,3.7781231434733034,0.8846153846153846
789,1.3781219895375663,0.6153846153846154
790,1.387846314837545,0.6538461538461539
791,4.346751589985775,0.9230769230769231
792,1.4776661586043596,0.6538461538461539
793,1.649213662056793,0.6153846153846154
794,4.608278769129314,0.7692307692307693
795,2.3666030872882753,0.6923076923076923
796,4.80300015314304,0.9230769230769231
797,2.538651680293704,0.6923076923076923
798,4.777488050607021,0.9230769230769231
799,1.2018626715325107,0.6153846153846154
800,1.2982658015959876,0.5769230769230769
801,4.321656783391234,0.9230769230769231
802,4.091414269431779,0.9230769230769231
803,5.134419979365511,0.9230769230769231
804,2.786680412086372,0.6538461538461539
805,2.5446770784690913,0.7307692307692307
806,1.7802716829665743,0.5384615384615384
807,1.3826860626978776,0.5769230769230769
808,1.547091691067798,0.6538461538461539
809,2.6405400444267535,0.6538461538461539
810,2.7997941194742673,0.6923076923076923
811,2.0272118645413735,0.5769230769230769
812,4.835256214729975,0.8076923076923077
813,2.473310178735259,0.6153846153846154
814,3.086737127541154,0.7307692307692307
815,2.031266071977427,0.6923076923076923
816,3.943259111864467,0.7692307692307693
817,2.787479286779708,0.6923076923076923
818,2.8352033921590802,0.6153846153846154
819,3.9110068683904773,0.8846153846153846
820,2.6988730019618568,0.7307692307692307
821,3.465960726147047,0.8846153846153846
822,3.1448279252766644,0.6923076923076923
823,3.291045409504901,0.9230769230769231
824,1.7416831441542928,0.6153846153846154
825,3.15112422002439,0.7307692307692307
826,2.2562010783046658,0.7307692307692307
827,2.965511235600859,0.7692307692307693
828,1.8484611060090317,0.6153846153846154
829,3.3224030944430094,0.7307692307692307
830,2.0771019215124156,0.6538461538461539
831,4.7110456016012074,0.7692307692307693
832,2.138068281734882,0.6923076923076923
833,2.0889626097344594,0.6923076923076923
834,3.6587048486320763,0.6923076923076923
835,4.200799514949928,0.7307692307692307
836,4.440630546995111,0.8076923076923077
837,2.910303687014475,0.6538461538461539
838,4.05758337590216,0.8461538461538461
839,4.393231077925871,0.8461538461538461
840,3.067489252704852,0.6153846153846154
841,3.969180743112302,0.6923076923076923
842,2.3214023388350067,0.5769230769230769
843,1.808731564572992,0.5769230769230769
844,3.1048842711766804,0.6923076923076923
845,2.916031951608873,0.6538461538461539
846,2.346260866479825,0.6538461538461539
847,2.580734880595293,0.6923076923076923
848,4.712427917553895,0.7307692307692307
849,2.1195198977532455,0.5769230769230769
850,4.17296169667764,0.7307692307692307
851,1.7951324959631039,0.5769230769230769
852,2.0979426900103864,0.6153846153846154
853,2.264758418126736,0.6153846153846154
854,4.2413922791672,0.8461538461538461
855,2.0179689223619834,0.6538461538461539
856,3.9778573639745156,0.8461538461538461
857,3.3341613536089687,0.6153846153846154
858,1.972582780287251,0.6153846153846154
859,1.9406790595264294,0.6538461538461539
860,4.952566648288659,0.6538461538461539
861,3.465694343228057,0.8461538461538461
862,2.6522993929010115,0.7307692307692307
863,3.1772288496999512,0.6153846153846154
864,5.235369998876996,0.9615384615384616
865,4.494641265584073,0.8461538461538461
866,4.516424898316871,0.8461538461538461
867,3.0811723505089708,0.6923076923076923
868,3.52193537552598,0.8076923076923077
869,4.252706153336135,0.7692307692307693
870,3.933710432307053,0.7307692307692307
871,4.326397985851442,0.7692307692307693
872,1.6332659714596414,0.6153846153846154
873,2.340225991429355,0.6153846153846154
874,2.7595984646051654,0.7307692307692307
875,4.847507041914948,0.8846153846153846
876,4.571731239010548,0.8076923076923077
877,4.5551389110708005,0.7692307692307693
878,5.173184306506035,0.8846153846153846
879,4.681732522288698,0.8846153846153846
880,4.2561879767992865,0.9230769230769231
881,3.3055325597858323,0.8076923076923077
882,4.533284622414336,0.7692307692307693
883,2.3216585678139796,0.6538461538461539
884,2.600510785357182,0.5769230769230769
885,2.4707730627521425,0.6923076923076923
886,2.6868380269662615,0.6923076923076923
887,4.905157401236816,0.8076923076923077
888,5.032889549176832,0.8461538461538461
889,2.3319490019717684,0.6153846153846154
890,3.1484034628920914,0.5384615384615384
891,3.616863839665474,0.7307692307692307
892,3.824036302292734,0.8461538461538461
893,2.3452036306803077,0.6923076923076923
894,4.94651271247537,0.9615384615384616
895,4.701332169850376,0.8846153846153846
896,4.398779207334996,0.9230769230769231
897,4.021672084254568,0.7307692307692307
898,4.276610447234491,0.8846153846153846
899,4.663634994309155,0.9230769230769231
900,5.2232197691766595,0.8846153846153846
901,4.194923445363195,0.9230769230769231
902,4.274236957970037,0.7692307692307693
903,4.209286195063849,0.8846153846153846
904,3.9813246414000005,0.7307692307692307
905,3.6327774834116933,0.7692307692307693
906,2.751472163490911,0.6923076923076923
907,1.984462918199951,0.6153846153846154
908,2.5525229647658265,0.6923076923076923
909,3.3563182766611095,0.8461538461538461
910,3.087324139726759,0.6923076923076923
911,3.1301390397321107,0.7307692307692307
912,1.9308367379299027,0.5
913,4.473598901058581,0.6923076923076923
914,2.2350753794183675,0.6153846153846154
915,2.8507014562632804,0.6153846153846154
916,4.0725261391163965,0.6923076923076923
917,4.3345965910821045,0.9615384615384616
918,3.1439338792690736,0.5384615384615384
919,2.6575481606665963,0.6538461538461539
920,3.447635189003482,0.8461538461538461
921,2.9038025649236356,0.6923076923076923
922,5.079304174874025,0.9230769230769231
923,4.995393430311833,0.8076923076923077
924,3.0362772911048133,0.5769230769230769
925,4.484248133701076,0.7692307692307693
926,4.121199594070987,0.6538461538461539
927,3.022313991753325,0.7692307692307693
928,4.0549521769326855,0.9230769230769231
929,4.200924802489482,0.6923076923076923
930,2.3798562830474026,0.6923076923076923
931,2.900184439558472,0.7307692307692307
932,4.300583947938594,0.6923076923076923
933,3.1226113399029547,0.8076923076923077
934,4.028365756027473,0.8461538461538461
935,3.3770240710335426,0.6923076923076923
936,2.751393083306114,0.7307692307692307
937,4.024330798512468,0.8461538461538461
938,4.726738516459634,0.8846153846153846
939,3.135125874357633,0.6923076923076923
940,3.4903724536391687,0.7692307692307693
941,3.0205372927242298,0.6538461538461539
942,3.6776787986525936,0.6538461538461539
943,2.7955054002149513,0.7307692307692307
944,3.526475628185224,0.7307692307692307
945,3.6928761638206384,0.6538461538461539
946,3.885003561972538,0.6538461538461539
947,4.414875750999438,0.8076923076923077
948,4.133330031473138,0.8076923076923077
949,2.3269580708517714,0.6538461538461539
950,3.2916605268638195,0.7307692307692307
951,3.6132592026065784,0.7307692307692307
952,4.469865698996149,0.8846153846153846
953,2.8736877084031702,0.7307692307692307
954,4.155687725242538,0.6538461538461539
955,2.7272207195830016,0.6923076923076923
956,3.272531908656048,0.8461538461538461
957,3.5226134224390675,0.7307692307692307
958,3.0036691878412465,0.7692307692307693
959,2.552545727635071,0.7692307692307693
960,4.57585792205667,0.9230769230769231
961,3.2340504672633346,0.6923076923076923
962,3.01761498793266,0.6538461538461539
963,3.681076730068145,0.7307692307692307
964,4.6765087751902215,0.6153846153846154
965,4.344347646572172,0.6923076923076923
966,3.894958130765176,0.7692307692307693
967,3.849646752562406,0.8076923076923077
968,4.235661697034468,0.7692307692307693
969,3.7431004695021866,0.6923076923076923
970,3.291468036535281,0.6923076923076923
971,4.3117378229400245,0.7692307692307693
972,2.2769592042112214,0.6923076923076923
973,3.613111839054564,0.7307692307692307
974,3.189038338431157,0.6153846153846154
975,4.5980298093338465,0.7692307692307693
976,3.4661614603719393,0.6153846153846154
977,3.1061321955092933,0.6538461538461539
978,3.5822293117792623,0.6923076923076923
979,2.9190710425731794,0.6538461538461539
980,3.7881229439560813,0.8461538461538461
981,3.0959394848740382,0.7692307692307693
982,3.7704197046668164,0.7692307692307693
983,3.225705382888405,0.6923076923076923
984,3.897847210637223,0.6923076923076923
985,3.2996252682908365,0.6153846153846154
986,3.8516987695042304,0.7307692307692307
987,3.7821368747306354,0.7307692307692307
988,3.6981902978875296,0.9615384615384616
989,3.9202833712341714,0.7307692307692307
990,3.2060851891708158,0.5384615384615384
991,3.818422048894921,0.7307692307692307
992,3.305662628955563,0.6923076923076923
993,3.3357969086177963,0.7307692307692307
994,4.060812121926224,0.7307692307692307
995,2.745268733405876,0.6923076923076923
996,2.3984564322371082,0.6538461538461539
997,4.150739872887802,0.7692307692307693
998,4.641364004601839,0.8846153846153846
999,4.549959183363597,0.8461538461538461
1000,3.8213419458428173,0.7692307692307693
1001,4.144964694014727,0.8846153846153846
1002,2.1354134246032714,0.6153846153846154
1003,3.741788801448751,0.7307692307692307
1004,4.475819483751039,0.9230769230769231
1005,2.8240065183837495,0.7692307692307693
1006,1.997099160629098,0.6538461538461539
1007,3.566182713958178,0.8461538461538461
1008,4.082013056104608,0.9615384615384616
1009,2.6451624165456202,0.6153846153846154
1010,4.504793897959681,0.9615384615384616
1011,4.172694051176053,0.8461538461538461
1012,3.8626906592463413,0.6538461538461539
1013,3.5252451733937926,0.8461538461538461
1014,2.9168773980469744,0.8461538461538461
1015,2.314219219653798,0.6538461538461539
1016,4.278478007516355,0.7307692307692307
1017,3.249796563832726,0.6538461538461539
1018,2.9399353425588783,0.6923076923076923
1019,1.8810419446306852,0.6153846153846154
1020,2.006483476328628,0.6153846153846154
1021,3.179629060759111,0.6923076923076923
1022,2.5143830352735472,0.5769230769230769
1023,1.8418692806025272,0.5769230769230769
1024,4.061408363845196,0.6923076923076923
1025,2.8485698948363884,0.7307692307692307
1026,2.166291927598092,0.5769230769230769
1027,5.551217385756741,0.8461538461538461
1028,2.8472142877540456,0.5384615384615384
1029,3.003607325968289,0.5769230769230769
1030,5.032582369820757,0.9230769230769231
1031,3.170381539556847,0.5769230769230769
1032,2.3456146452250666,0.5769230769230769
1033,3.4544351915097873,0.6538461538461539
1034,2.7639032020750998,0.6153846153846154
1035,4.525130478986977,0.7307692307692307
1036,4.96774439750105,0.8846153846153846
1037,3.5891592282765927,0.7307692307692307
1038,3.395081662865199,0.5384615384615384
1039,3.16062998239787,0.6153846153846154
1040,2.7750425707173285,0.5769230769230769
1041,3.367854561444129,0.6153846153846154
1042,4.084216889013384,0.6153846153846154
1043,3.7033439220730378,0.7307692307692307
1044,2.9990209922694406,0.5
1045,3.284377012233359,0.5769230769230769
1046,2.6922506415652623,0.6923076923076923
1047,3.0986960799524716,0.6153846153846154
1048,5.6419415312302,0.8461538461538461
1049,3.913673628725123,0.7307692307692307
1050,3.366995016699301,0.5769230769230769
1051,3.687206778142783,0.6538461538461539
1052,3.556956581792611,0.6923076923076923
1053,4.416075390310742,0.9615384615384616
1054,3.465202275754747,0.6538461538461539
1055,4.091331258648936,0.6153846153846154
1056,3.935904226254633,0.5769230769230769
1057,3.6453380582643202,0.6538461538461539
1058,4.382623443575041,0.6153846153846154
1059,4.281221729280148,0.8076923076923077
1060,2.6072133762404723,0.6538461538461539
1061,3.489562620918698,0.6538461538461539
1062,4.037787994413817,0.6538461538461539
1063,3.5354810088992825,0.5384615384615384
1064,4.944348732857112,0.9230769230769231
1065,4.570341404723178,0.6923076923076923
1066,4.163036977975368,0.8076923076923077
1067,3.123138978647103,0.5384615384615384
1068,3.7747084197343574,0.7307692307692307
1069,3.85174359810856,0.5384615384615384
1070,5.551502745037661,0.8846153846153846
1071,3.2664802391557215,0.5384615384615384
1072,3.7338723888413226,0.6923076923076923
1073,2.5031939576187323,0.6923076923076923
1074,4.505116976933555,0.9615384615384616
1075,2.5228466850299474,0.5769230769230769
1076,3.949767653136439,0.6923076923076923
1077,3.799922232033478,0.8846153846153846
1078,3.8038719897373676,0.7692307692307693
1079,3.1657423463252594,0.7692307692307693
1080,2.99954538730993,0.7692307692307693
1081,3.151905812719793,0.6923076923076923
1082,4.411728034168033,0.6923076923076923
1083,2.625146880190702,0.6538461538461539
1084,6.438234455808195,0.9230769230769231
1085,3.820076019351082,0.9230769230769231
1086,3.9724912381873727,0.9230769230769231
1087,3.523441269253766,0.7692307692307693
1088,3.390807851409747,0.5769230769230769
1089,3.2080280559347853,0.7692307692307693
1090,4.765780803355882,0.9230769230769231
1091,3.442372856671258,0.6538461538461539
1092,3.2793953929137,0.6538461538461539
1093,3.144384454950385,0.8461538461538461
1094,4.23657068983947,0.9230769230769231
1095,3.846603730368763,0.8076923076923077
1096,3.270833212650207,0.6923076923076923
1097,3.761560231078879,0.8846153846153846
1098,4.33370310816732,0.8076923076923077
1099,3.9383622608132827,0.8846153846153846
1100,4.872680110229199,0.8846153846153846
1101,3.724170703246404,0.9230769230769231
1102,3.84469655258783,0.7307692307692307
1103,3.78806602033571,0.6923076923076923
1104,4.832358512247412,1.0
1105,3.3376426699090183,0.6538461538461539
1106,3.6724106431259176,0.6923076923076923
1107,4.286464354718731,0.6923076923076923
1108,3.417662185177708,0.6923076923076923
1109,3.014789946952164,0.6538461538461539
1110,4.426814738539096,0.8846153846153846
1111,3.218557186173424,0.6153846153846154
1112,3.2307641127669973,0.6538461538461539
1113,5.254692477798123,0.8846153846153846
1114,3.813588657488274,0.6153846153846154
1115,3.4083715709558464,0.6923076923076923
1116,3.228695209474921,0.6923076923076923
1117,3.4562455330651716,0.6538461538461539
1118,3.1191375519756064,0.5384615384615384
1119,3.477669876693528,0.6538461538461539
1120,4.049992968729576,0.7692307692307693
1121,3.6145036259561056,0.7692307692307693
1122,3.1262094784118633,0.6923076923076923
1123,3.00306167315469,0.8846153846153846
1124,5.239128088891961,0.9615384615384616
1125,4.393460256249589,0.8846153846153846
1126,3.705426002952966,0.8461538461538461
1127,2.668126643248563,0.8846153846153846
1128,4.439458320642876,0.9230769230769231
1129,4.679387220928165,0.8846153846153846
1130,3.472868076255899,0.9615384615384616
1131,3.984126504833501,0.9230769230769231
1132,2.8029645414683144,0.8846153846153846
1133,4.077228259764804,1.0
1134,4.1978704005995535,0.9615384615384616
1135,3.7238207842123834,0.9230769230769231
1136,2.916961111496297,0.8461538461538461
1137,3.391599277443124,0.8461538461538461
1138,4.187418260954505,0.9230769230769231
1139,4.444387730554972,0.7692307692307693
1140,3.0202183710384,1.0
1141,3.3611886744083406,1.0
1142,3.785970430410111,0.9615384615384616
1143,4.952230083190548,0.9230769230769231
1144,5.342654408568183,0.8461538461538461
1145,4.108281092551333,1.0
1146,4.632409766946785,0.8461538461538461
1147,3.6795164608954827,0.6923076923076923
1148,4.199145777154836,0.7692307692307693
1149,3.9885883247640868,0.8461538461538461
1150,4.140285632113418,0.8846153846153846
1151,4.534729876624992,0.9230769230769231
1152,4.514449362937926,0.8846153846153846
1153,2.9933418453278677,0.6923076923076923
1154,4.186376977755526,0.8076923076923077
1155,3.3772988705889597,0.9230769230769231
1156,5.152524667462971,0.9615384615384616
1157,3.8169582049157933,0.8461538461538461
1158,3.93244559939274,0.8076923076923077
1159,5.121299139907915,0.9615384615384616
1160,2.3520172422678693,0.7692307692307693
1161,2.5071403933350997,0.7307692307692307
1162,2.7952893816229665,0.7307692307692307
1163,4.082649562674028,0.8846153846153846
1164,4.728038606485523,0.8076923076923077
1165,3.165213107858749,0.9230769230769231
1166,4.477128018348566,0.9230769230769231
1167,5.144398805787498,0.9230769230769231
1168,3.2265954417993,0.8846153846153846
1169,4.547874973246773,0.8461538461538461
1170,4.354868565306935,0.9615384615384616
1171,3.5224052046836345,0.9615384615384616
1172,4.527660940970325,0.8846153846153846
1173,3.1406204285538513,0.8846153846153846
1174,3.1597677873247942,0.8461538461538461
1175,4.081456663279745,0.8846153846153846
1176,2.867170074986943,0.7307692307692307
1177,3.5446527203409177,0.6923076923076923
1178,4.231622911957741,0.9230769230769231
1179,2.9868417873270676,0.8076923076923077
1180,2.869084079058826,0.7692307692307693
1181,4.667485112253259,0.9230769230769231
1182,2.851190236747532,0.6923076923076923
1183,2.6177248293434987,0.6923076923076923
1184,3.591919411207165,0.7307692307692307
1185,2.9025099149518154,0.7307692307692307
1186,3.0708745804700968,0.7692307692307693
1187,3.672701804043163,0.6923076923076923
1188,4.941402340318712,0.8461538461538461
1189,2.0125499513951954,0.7307692307692307
1190,2.6135777970230594,0.6538461538461539
1191,2.916869078160679,0.6538461538461539
1192,3.409419271469519,0.7307692307692307
1193,2.8402947571021864,0.6538461538461539
1194,2.9520344506880045,0.7307692307692307
1195,4.33444241514767,0.8076923076923077
1196,3.7659626565708346,0.6538461538461539
1197,2.6524977064257893,0.6923076923076923
1198,2.6051770390750244,0.7307692307692307
1199,2.6483463447137474,0.7692307692307693
1200,5.083329709926443,1.0
1201,3.4047075703614134,0.7307692307692307
1202,2.256380799084961,0.7692307692307693
1203,3.008781176154099,0.7692307692307693
1204,2.4630087353427896,0.7307692307692307
1205,2.5929793455341525,0.7307692307692307
1206,2.4218793363381605,0.6923076923076923
1207,2.475340493860325,0.6923076923076923
1208,2.690219255465345,0.7307692307692307
1209,3.5392032014885855,0.9230769230769231
1210,4.5300032639774654,0.9615384615384616
1211,5.466975261842062,0.9615384615384616
1212,3.0102116115833084,0.6153846153846154
1213,3.5784175114392083,0.8076923076923077
1214,2.63056454330643,0.7692307692307693
1215,3.185837653070429,0.8076923076923077
1216,2.7962732402182895,0.6538461538461539
1217,3.5817968981467145,0.8076923076923077
1218,2.5848784739391073,0.7692307692307693
1219,3.025503432313786,0.8076923076923077
1220,2.9928730308061313,0.7692307692307693
1221,2.824284713546533,0.8076923076923077
1222,3.2372301621407225,0.7692307692307693
1223,3.039437713539789,0.8076923076923077
1224,4.028576078925537,0.9230769230769231
1225,5.048871888498411,0.8076923076923077
1226,3.626173193434396,0.8076923076923077
1227,3.0202231690003485,0.7692307692307693
1228,3.047493708216233,0.8461538461538461
1229,2.609230658836607,0.7692307692307693
1230,3.013146875530985,0.7307692307692307
1231,2.722407044843908,0.8076923076923077
1232,2.888329892691176,0.7692307692307693
1233,3.0709600643138164,0.7692307692307693
1234,4.010217611434174,0.8461538461538461
1235,3.298104164963476,0.8076923076923077
1236,4.828974515001652,0.9615384615384616
1237,4.149922945538184,0.8461538461538461
1238,3.4429481118379095,0.7692307692307693
1239,4.968896677662408,0.8461538461538461
1240,2.8599123475960657,0.6923076923076923
1241,3.2941579591876433,0.8076923076923077
1242,3.851153463276864,0.8076923076923077
1243,3.6014530015625565,0.8461538461538461
1244,3.3096449126398717,0.8846153846153846
1245,3.9977722651457452,0.9230769230769231
1246,4.135740698359526,0.7692307692307693
1247,2.6685910178516323,0.7692307692307693
1248,4.261697520647082,0.9230769230769231
1249,2.4410903559089734,0.7692307692307693
1250,3.1964266347727652,0.7692307692307693
1251,2.7383782785588835,0.7307692307692307
1252,3.725503743282716,0.8461538461538461
1253,2.4571591575441536,0.7307692307692307
1254,3.094921430688849,0.7307692307692307
1255,4.01404140846905,0.9615384615384616
1256,3.329263157252698,0.8076923076923077
1257,3.5698024565275484,0.7307692307692307
1258,5.252532703823894,0.8461538461538461
1259,4.178709561293665,0.9615384615384616
1260,4.4098313542405805,0.9615384615384616
1261,2.8709116887764843,0.8076923076923077
1262,4.14145714588818,0.8076923076923077
1263,2.988842738921987,0.7692307692307693
1264,2.9615589608888264,0.8076923076923077
1265,2.9082279609171864,0.8076923076923077
1266,3.162210305612228,0.7692307692307693
1267,2.628677022465528,0.7307692307692307
1268,4.698603171692591,0.9615384615384616
1269,3.466048613219627,0.6923076923076923
1270,3.7774068135502263,0.8461538461538461
1271,5.323306934382425,0.9615384615384616
1272,2.7597749258786806,0.7307692307692307
1273,2.402163253819312,0.7692307692307693
1274,2.8629084490896943,0.7692307692307693
1275,3.466036137562557,0.6923076923076923
1276,3.194354530621615,0.6538461538461539
1277,2.9435757228589265,0.7307692307692307
1278,2.8782100886583786,0.6923076923076923
1279,2.964813575199188,0.7692307692307693
1280,3.8130432298799226,0.8461538461538461
1281,4.122937913976628,0.8461538461538461
1282,2.8121061092817756,0.8076923076923077
1283,3.802189495320278,0.8461538461538461
1284,2.426068095486216,0.8076923076923077
1285,2.6289195574292465,0.8076923076923077
1286,3.2837345546896617,0.8461538461538461
1287,3.176578277446918,0.8076923076923077
1288,2.9643434187552544,0.8076923076923077
1289,5.121261601687689,0.8461538461538461
1290,3.6841971227575985,0.8076923076923077
1291,3.840299461604008,0.8461538461538461
1292,3.8501369097001352,0.6538461538461539
1293,4.573605666956609,0.7692307692307693
1294,4.184955295437405,0.7692307692307693
1295,3.8043806162095186,0.8076923076923077
1296,2.8463739566360253,0.8076923076923077
1297,3.6567837668572745,0.8846153846153846
1298,2.888850911947736,0.8076923076923077
1299,3.557495970959334,0.8076923076923077
1300,3.332128080126858,0.8461538461538461
1301,3.3951677322409104,0.8076923076923077
1302,3.367482925193833,0.8846153846153846
1303,3.462181877700046,0.8461538461538461
1304,3.6645739312832566,0.8076923076923077
1305,4.108720452328649,0.8846153846153846
1306,4.682114117836827,0.6538461538461539
1307,3.4027408516877715,0.7692307692307693
1308,4.2424230616662,0.8461538461538461
1309,3.764470306481488,0.9230769230769231
1310,4.3673553275614045,0.8076923076923077
1311,4.375596936989898,0.8846153846153846
1312,5.373567468859727,0.8461538461538461
1313,4.1416854834131955,0.8461538461538461
1314,3.5346860007464307,0.9230769230769231
1315,3.914017597674887,0.9230769230769231
1316,4.024644728393716,0.9615384615384616
1317,3.5312437893127298,0.8461538461538461
1318,4.628431549605408,0.8076923076923077
1319,4.176353895324274,0.7692307692307693
1320,3.911208021332829,0.8076923076923077
1321,4.727426991801976,0.8461538461538461
1322,4.439709558869543,0.8461538461538461
1323,3.399402335089737,0.9230769230769231
1324,4.6635561116954545,0.9615384615384616
1325,3.035827485172799,0.8461538461538461
1326,3.317290406950609,0.8461538461538461
1327,4.469758681943981,0.9615384615384616
1328,3.398429066493488,0.8461538461538461
1329,4.174463409874571,0.8461538461538461
1330,4.264030373596221,0.8076923076923077
1331,4.0359929184987955,0.6923076923076923
1332,3.1660400966935693,0.7692307692307693
1333,4.915795529116895,0.8461538461538461
1334,4.232257086843844,0.9615384615384616
1335,4.767670002651141,0.8846153846153846
1336,2.915115293504292,0.8461538461538461
1337,3.6198950701236505,0.8846153846153846
1338,4.134478055776215,0.7692307692307693
1339,3.2289050501804795,0.7692307692307693
1340,4.152408642338766,0.8846153846153846
1341,3.965821591960364,0.8846153846153846
1342,5.265419686790493,0.9230769230769231
1343,4.568851766610423,0.8461538461538461
1344,4.1091771562866635,0.8461538461538461
1345,4.050826338860521,0.8076923076923077
1346,6.5193618762245285,0.9615384615384616
1347,3.050398536660567,0.8076923076923077
1348,2.97346605844581,0.9615384615384616
1349,3.1659097545051162,0.7307692307692307
1350,3.321422321146235,0.6153846153846154
1351,3.958265984315705,0.8076923076923077
1352,3.4125922101065997,0.7692307692307693
1353,3.2367867324969124,0.8076923076923077
1354,2.776597996094502,0.8846153846153846
1355,3.122440816640909,0.8076923076923077
1356,3.5487270820084564,0.7692307692307693
1357,4.153321880999803,0.9230769230769231
1358,3.527579653153816,0.8846153846153846
1359,4.140534500101376,0.8461538461538461
1360,3.5553809162927825,0.8076923076923077
1361,4.394569028039045,0.8461538461538461
1362,3.3482644859163804,0.7692307692307693
1363,3.8921586016006047,0.7692307692307693
1364,3.74602327292198,0.6538461538461539
1365,3.9973646430486043,0.8076923076923077
1366,3.196279340080556,0.7692307692307693
1367,4.134429047611209,0.8076923076923077
1368,4.28894712330901,0.8461538461538461
1369,4.000406920015921,0.7692307692307693
1370,3.1302758293984656,0.7692307692307693
1371,3.065601275158934,0.9230769230769231
1372,4.396016152748606,0.8461538461538461
1373,4.017210161965945,0.8846153846153846
1374,3.5475754775882478,0.8461538461538461
1375,5.369599398879731,0.9230769230769231
1376,3.8147381020561077,0.8846153846153846
1377,3.580641731673798,0.7692307692307693
1378,4.5964584982067205,0.9615384615384616
1379,4.712284728914638,0.8461538461538461
1380,4.779327529815289,1.0
1381,4.5875934329092605,0.9615384615384616
1382,3.728016258433467,0.7692307692307693
1383,4.581250305088715,0.8076923076923077
1384,5.9748380202958336,0.7692307692307693
1385,3.3368846852417455,0.8076923076923077
1386,3.187778175760643,0.8461538461538461
1387,6.798680949079617,0.9615384615384616
1388,5.175888382069552,0.9230769230769231
1389,3.794556493567334,0.8461538461538461
1390,3.678403886536087,0.8846153846153846
1391,3.528004153161483,0.8076923076923077
1392,3.2477531746478143,0.8461538461538461
1393,4.06214125798111,0.9615384615384616
1394,4.633073376629536,1.0
1395,3.0313574005956565,0.8846153846153846
1396,2.7777435930117953,0.8461538461538461
1397,4.394500865750676,0.8461538461538461
1398,4.632650721055151,0.9615384615384616
1399,3.1405526661092584,0.8846153846153846
1400,2.7824909645116844,0.8076923076923077
1401,4.685874060416392,0.8076923076923077
1402,3.821170914038947,0.8461538461538461
1403,3.378112917231312,0.8846153846153846
1404,5.597227549259135,0.8846153846153846
1405,2.6978140531170403,0.8461538461538461
1406,3.489154223352505,0.8076923076923077
1407,2.6409001208695537,0.8461538461538461
1408,2.655206632661509,0.8461538461538461
1409,3.334061491764526,0.7692307692307693
1410,3.026054331294568,0.8461538461538461
1411,4.014883631403623,0.8846153846153846
1412,3.7185297675160136,0.8076923076923077
1413,3.5166150848009625,0.8076923076923077
1414,3.007279672467565,0.7307692307692307
1415,3.719247787959601,0.8846153846153846
1416,3.3347692700686533,0.7307692307692307
1417,3.4999931553887103,0.7692307692307693
1418,3.8057468857383965,0.8076923076923077
1419,3.354695033083372,0.8076923076923077
1420,3.5711114316915773,0.7307692307692307
1421,3.502646935477582,0.7307692307692307
1422,3.691827064903033,0.7307692307692307
1423,3.933843389477837,0.6538461538461539
1424,4.963771712847788,0.8846153846153846
1425,5.227567461804693,0.8846153846153846
1426,4.1475006041053515,0.7692307692307693
1427,4.522636664140215,0.7692307692307693
1428,4.323792065847317,0.7692307692307693
1429,5.244152376722117,0.8076923076923077
1430,4.04907004946218,0.7692307692307693
1431,4.047035090410876,0.8846153846153846
1432,3.5767052752760744,0.8846153846153846
1433,4.645683389246759,0.8076923076923077
1434,3.963515307149782,0.7307692307692307
1435,3.6304835569277776,0.8846153846153846
1436,3.7521080514908807,0.8846153846153846
1437,4.706417289402091,0.9230769230769231
1438,4.132687119620911,0.8076923076923077
1439,5.38180794252625,0.9230769230769231
1440,3.6707833410688275,0.8076923076923077
1441,4.047260912348287,0.8846153846153846
1442,3.399967244537799,0.8846153846153846
1443,3.990556601601496,0.9230769230769231
1444,3.54868590305639,0.8461538461538461
1445,4.5965867664859035,0.8846153846153846
1446,3.5310481475029403,0.7692307692307693
1447,3.935222674116751,0.7692307692307693
1448,3.4982679710819804,0.7307692307692307
1449,3.9218351571639953,0.7307692307692307
1450,3.6778272221777026,0.6923076923076923
1451,3.36153776535555,0.8461538461538461
1452,2.9372369335674047,1.0
1453,2.729807900156765,0.9230769230769231
1454,3.1006053244001985,0.8461538461538461
1455,3.907023771029715,0.7692307692307693
1456,4.031654854304594,0.8076923076923077
1457,3.3772392704128813,0.8461538461538461
1458,3.67188119051826,0.9230769230769231
1459,4.019437051939887,0.7692307692307693
1460,3.20428678245016,0.8846153846153846
1461,4.067221324812408,0.9230769230769231
1462,3.765630276701077,0.8846153846153846
1463,4.465149527580052,0.8076923076923077
1464,4.063896317581397,0.9230769230769231
1465,4.076770688124746,0.9230769230769231
1466,3.705051977355986,0.9615384615384616
1467,4.359195026104809,0.9230769230769231
1468,3.5598096556439924,0.9230769230769231
1469,2.956954843435305,0.9615384615384616
1470,3.515444674150342,0.9615384615384616
1471,3.059161256910925,0.8846153846153846
1472,4.159830418482833,0.8076923076923077
1473,3.0773450280741157,0.8076923076923077
1474,3.150863923577699,0.9615384615384616
1475,5.019890240096114,0.8846153846153846
1476,3.7782974515522323,0.8461538461538461
1477,4.2294927690555655,0.8846153846153846
1478,4.464147797111359,0.9230769230769231
1479,4.334026267135631,0.8461538461538461
1480,3.746421327969596,0.9615384615384616
1481,4.227083017775126,0.8846153846153846
1482,3.796368328860187,0.9230769230769231
1483,3.9206091226893007,0.8846153846153846
1484,3.4602079787962254,0.9230769230769231
1485,3.413700655238477,0.8461538461538461
1486,2.984916167940776,0.8076923076923077
1487,3.224782442881445,0.7692307692307693
1488,2.6215086447878773,0.7692307692307693
1489,2.7720191672112877,0.7692307692307693
1490,3.941760062039924,1.0
1491,4.655549721947698,0.7307692307692307
1492,3.3889308722024505,0.8076923076923077
1493,4.411328599336702,0.8076923076923077
1494,3.7561284439204274,0.9615384615384616
1495,4.470461815507585,0.9615384615384616
1496,3.4220623305076368,0.8461538461538461
1497,2.1914233029262697,0.8846153846153846
1498,3.4242028131468323,0.8076923076923077
1499,3.1242162307982735,0.7692307692307693
1500,4.034074305811778,0.8846153846153846
