# Trial 9: ath=0.0275  reg=2.04e-04  hd=700  L=8  best_er=0.3846
iter,loss,error_rate
1,3.728849258419845,0.7692307692307693
2,3.7809726409138977,0.7692307692307693
3,4.238573188690632,0.6923076923076923
4,3.371152145917919,0.8076923076923077
5,3.355944191194644,0.7692307692307693
6,3.4791377957274223,0.6923076923076923
7,3.937369644105472,0.7692307692307693
8,3.3342249239002184,0.6923076923076923
9,3.6783327003627733,0.8076923076923077
10,3.230772622616845,0.7692307692307693
11,3.500768503375773,0.7307692307692307
12,3.401814643932485,0.7307692307692307
13,3.2323125290512422,0.8076923076923077
14,3.203319084465492,0.7692307692307693
15,3.4998540442811317,0.6923076923076923
16,3.405996674844561,0.6923076923076923
17,3.454395360020908,0.7307692307692307
18,3.440996722148471,0.7307692307692307
19,3.3923312757642554,0.7692307692307693
20,3.0542385343926792,0.7307692307692307
21,2.876151009942822,0.6923076923076923
22,3.4455092194509183,0.6153846153846154
23,3.003169708918111,0.6538461538461539
24,3.2162773246386975,0.6923076923076923
25,3.2597791450179687,0.6153846153846154
26,2.8670082907859227,0.6538461538461539
27,4.065184496717458,0.6923076923076923
28,3.1690172964983536,0.6538461538461539
29,3.8134180566191938,0.6538461538461539
30,3.4270095594311507,0.6538461538461539
31,3.387509950922036,0.6923076923076923
32,2.982201890612293,0.8076923076923077
33,3.0289477334333745,0.7307692307692307
34,3.210112214144846,0.6153846153846154
35,2.840388612926481,0.6153846153846154
36,3.2314271797379233,0.6538461538461539
37,3.168401736451607,0.7307692307692307
38,2.6013757612236006,0.6923076923076923
39,3.1055152175725067,0.6923076923076923
40,3.2876701365974066,0.7307692307692307
41,2.8947853219111623,0.6923076923076923
42,2.9600898300780525,0.6923076923076923
43,3.415748852610814,0.7692307692307693
44,2.9636155223112253,0.6538461538461539
45,2.940100476565197,0.5769230769230769
46,3.526047895906026,0.7307692307692307
47,3.113056023922851,0.5769230769230769
48,2.6716359284679863,0.6923076923076923
49,3.020765283008424,0.6153846153846154
50,2.7875600091807544,0.6538461538461539
51,3.2586359225588697,0.6923076923076923
52,3.4590496850932015,0.6923076923076923
53,3.008491292015772,0.7307692307692307
54,3.330902783279089,0.5769230769230769
55,3.028799781703616,0.6538461538461539
56,3.2148433315383556,0.6538461538461539
57,3.2148154300673735,0.6538461538461539
58,2.8298641020905264,0.6153846153846154
59,2.568163864417763,0.5769230769230769
60,2.576795496209267,0.6923076923076923
61,2.9151777830140135,0.6923076923076923
62,3.1983210051635163,0.6538461538461539
63,3.4827086474247944,0.6153846153846154
64,3.2776295653681258,0.6538461538461539
65,3.2125555560566212,0.5769230769230769
66,2.9105292107997487,0.6538461538461539
67,3.334831394193396,0.6538461538461539
68,3.1474545978978603,0.7307692307692307
69,3.2638111486880046,0.7307692307692307
70,3.0633258898243243,0.5769230769230769
71,3.1091058525810857,0.6538461538461539
72,3.3296254177159366,0.7692307692307693
73,2.9401718478108543,0.6538461538461539
74,3.2115379909737136,0.6923076923076923
75,3.3688420430475263,0.6153846153846154
76,3.5174213803799397,0.7307692307692307
77,3.3886293470484103,0.6923076923076923
78,3.237238339852895,0.6153846153846154
79,3.054093186976865,0.6923076923076923
80,3.3987248570921387,0.6538461538461539
81,3.0890925612227322,0.6538461538461539
82,2.8502806879974827,0.6153846153846154
83,3.417258857941775,0.6923076923076923
84,3.411730831796953,0.6538461538461539
85,3.434602376780251,0.6153846153846154
86,2.9468444386928785,0.6538461538461539
87,2.9156528267997617,0.6538461538461539
88,3.359047353377971,0.6153846153846154
89,3.1463571447490555,0.5769230769230769
90,3.162919913402941,0.6923076923076923
91,3.629892171747609,0.6923076923076923
92,3.23826121594109,0.7692307692307693
93,3.3633009188853995,0.6153846153846154
94,3.206527822910767,0.6923076923076923
95,2.8817031998021116,0.6538461538461539
96,2.8950132254465686,0.6923076923076923
97,2.975492697933044,0.7307692307692307
98,3.3748370753876458,0.7307692307692307
99,2.8639013884405973,0.6923076923076923
100,2.7295175392836875,0.6538461538461539
101,3.3149443940580907,0.6538461538461539
102,3.2729286933059334,0.6923076923076923
103,2.8779346985971177,0.6153846153846154
104,2.9882956694059084,0.5384615384615384
105,2.9578946203245056,0.5769230769230769
106,2.9809625283690524,0.7307692307692307
107,3.0205358620652656,0.6538461538461539
108,2.7584573772189427,0.6153846153846154
109,3.0046059923101223,0.6538461538461539
110,2.842539281211745,0.6923076923076923
111,2.805875511024367,0.7307692307692307
112,3.3139636351474984,0.6538461538461539
113,2.5785402240953657,0.6153846153846154
114,2.685070090261396,0.6538461538461539
115,2.737539887266493,0.6923076923076923
116,2.481737957113266,0.7692307692307693
117,2.9995309743919125,0.6153846153846154
118,2.8935679288712777,0.6538461538461539
119,2.889760237289999,0.7307692307692307
120,2.866647867421004,0.7307692307692307
121,2.5292837146714784,0.6538461538461539
122,2.432950586387921,0.6538461538461539
123,2.6855508204695147,0.6538461538461539
124,2.700573659430965,0.7307692307692307
125,2.9417006133594032,0.7307692307692307
126,2.8992138593778702,0.5769230769230769
127,3.225249767197553,0.6153846153846154
128,2.879756920051627,0.7307692307692307
129,3.0018299472946532,0.6923076923076923
130,2.5715360279019635,0.7692307692307693
131,3.0059906644048775,0.7307692307692307
132,3.054906532688317,0.6923076923076923
133,2.724596452313356,0.6153846153846154
134,2.357736348277182,0.6538461538461539
135,2.8827190211402516,0.6153846153846154
136,2.6632942499332772,0.6538461538461539
137,2.6646200909901934,0.6538461538461539
138,2.5107352808266787,0.7307692307692307
139,2.7947965664820265,0.7307692307692307
140,2.872053414679385,0.6153846153846154
141,2.9414290523556716,0.6538461538461539
142,2.667131545649956,0.6923076923076923
143,2.778610514251198,0.6153846153846154
144,2.70578911024551,0.6538461538461539
145,2.5303876081001233,0.7692307692307693
146,2.781822525869261,0.6538461538461539
147,2.599084542799342,0.7307692307692307
148,2.64648119372146,0.7692307692307693
149,2.647941830073902,0.6153846153846154
150,2.3602657628367694,0.6538461538461539
151,2.3477491677522337,0.6538461538461539
152,2.655879055930501,0.6538461538461539
153,2.5712680266923664,0.6923076923076923
154,2.441470214653169,0.6153846153846154
155,2.7735482724143417,0.6923076923076923
156,3.0477861502985504,0.6538461538461539
157,2.543877694779635,0.5384615384615384
158,2.1700010787318034,0.7307692307692307
159,2.7009574333750166,0.7307692307692307
160,2.230598331192506,0.7692307692307693
161,2.538832278647141,0.6538461538461539
162,2.2424626429843233,0.6538461538461539
163,2.3106352780895736,0.6538461538461539
164,2.096078689371881,0.6538461538461539
165,2.548174031562658,0.6153846153846154
166,2.7155418470211528,0.6538461538461539
167,2.4007553205681145,0.5769230769230769
168,2.1868579751878587,0.7692307692307693
169,2.488396729935139,0.5
170,2.2880033734823435,0.7307692307692307
171,2.7498316562251857,0.5384615384615384
172,2.5187406652897715,0.5384615384615384
173,2.5503831715682335,0.6538461538461539
174,2.7026115952636722,0.6538461538461539
175,2.509799192416091,0.6538461538461539
176,2.656941732281232,0.5769230769230769
177,2.6856810544257668,0.6153846153846154
178,2.00023214152726,0.6538461538461539
179,2.60743761373842,0.6153846153846154
180,2.6409511198967324,0.5769230769230769
181,2.6259981572211917,0.5769230769230769
182,2.7819392496269404,0.6923076923076923
183,2.6110973095081484,0.6538461538461539
184,2.165539449721642,0.6153846153846154
185,2.523699135508922,0.7307692307692307
186,2.144408790022502,0.6538461538461539
187,2.107821209781649,0.6538461538461539
188,2.743877961022397,0.6538461538461539
189,2.6944189580505613,0.6153846153846154
190,2.617228991206493,0.6538461538461539
191,2.385166675412247,0.5769230769230769
192,2.5173504384519,0.6923076923076923
193,2.5249219413594726,0.6923076923076923
194,2.443327110761098,0.6153846153846154
195,2.3383766792495133,0.5769230769230769
196,2.525680874110602,0.6923076923076923
197,2.445943212242635,0.6538461538461539
198,2.7498316893464567,0.6923076923076923
199,2.4843950995104045,0.6153846153846154
200,2.662343042359753,0.6538461538461539
201,2.787846571943735,0.5769230769230769
202,2.488591965010947,0.6538461538461539
203,2.697326593704422,0.6923076923076923
204,2.247739099920721,0.7307692307692307
205,2.4152284554699337,0.6923076923076923
206,2.408008699624094,0.7307692307692307
207,2.426583293402374,0.6538461538461539
208,2.940768314173826,0.7307692307692307
209,2.756788253584845,0.7307692307692307
210,2.202362934066458,0.6153846153846154
211,2.4291413822021424,0.6153846153846154
212,2.5165929605673725,0.6153846153846154
213,1.8897228283460756,0.6923076923076923
214,2.273460431365881,0.6538461538461539
215,2.2913483214872667,0.6538461538461539
216,2.6156234064334196,0.6538461538461539
217,2.571044822055292,0.6923076923076923
218,2.4648025214243274,0.6153846153846154
219,2.2369120453847042,0.7307692307692307
220,2.09474255541259,0.7307692307692307
221,2.2771241272669185,0.7692307692307693
222,2.6593963328230044,0.5769230769230769
223,2.320618178445142,0.6923076923076923
224,2.608120875022263,0.7692307692307693
225,2.569281519226247,0.6538461538461539
226,2.5140118590879093,0.7307692307692307
227,2.6024259714197853,0.7307692307692307
228,2.4286366866960734,0.6923076923076923
229,2.018164738457833,0.6538461538461539
230,2.12049222271337,0.6923076923076923
231,2.3369320654638734,0.6923076923076923
232,2.193604581483915,0.7307692307692307
233,2.1421468318177626,0.6923076923076923
234,2.22041764346254,0.6923076923076923
235,2.5346873706330064,0.6538461538461539
236,2.4471855474620585,0.6538461538461539
237,1.9802301207259927,0.5769230769230769
238,2.121705905078054,0.6153846153846154
239,1.8829508354821094,0.7307692307692307
240,2.208460528671041,0.6153846153846154
241,2.3558107074584322,0.6153846153846154
242,2.0810747052673175,0.7307692307692307
243,1.9136311398523547,0.6923076923076923
244,2.3063210911704144,0.6538461538461539
245,2.038853648547474,0.6538461538461539
246,2.127358886980644,0.6538461538461539
247,2.2627776938835176,0.6923076923076923
248,2.492639115172664,0.6153846153846154
249,2.139963664527136,0.6923076923076923
250,2.250297884501623,0.6923076923076923
251,2.106064300142793,0.7307692307692307
252,2.1791784871214053,0.6538461538461539
253,2.2333850081810853,0.6538461538461539
254,2.1561751466420844,0.6923076923076923
255,2.3620422969157118,0.6923076923076923
256,2.5411608226272424,0.6538461538461539
257,2.5069408894505294,0.6153846153846154
258,2.062217791181162,0.6923076923076923
259,2.1780281105602044,0.6538461538461539
260,2.48739050714748,0.7692307692307693
261,2.0752260688483357,0.6538461538461539
262,2.2952895255717203,0.6923076923076923
263,2.0602059321655832,0.5384615384615384
264,2.7161841227935524,0.7692307692307693
265,2.255629273859266,0.6923076923076923
266,2.568397423196691,0.6153846153846154
267,2.5714068483794685,0.6538461538461539
268,2.0324912987539396,0.6538461538461539
269,1.9211728945038393,0.5769230769230769
270,1.958463048277246,0.5384615384615384
271,1.9482474349751775,0.6153846153846154
272,2.094403138778487,0.6923076923076923
273,1.9533258174216614,0.6923076923076923
274,1.9141258927098928,0.6153846153846154
275,2.0800611765419355,0.6923076923076923
276,2.1996057390675228,0.6538461538461539
277,1.803699461750584,0.7692307692307693
278,1.926556177519607,0.5769230769230769
279,2.3714575072322264,0.6153846153846154
280,2.5558744890436365,0.7307692307692307
281,1.8820250005376407,0.6153846153846154
282,1.9513630435142084,0.5384615384615384
283,2.0436898340036445,0.6923076923076923
284,2.110248266151599,0.7307692307692307
285,2.3635313687950665,0.6538461538461539
286,1.9508014567969572,0.5769230769230769
287,1.731718247246019,0.6538461538461539
288,1.6787193788251127,0.7307692307692307
289,1.8162594468555842,0.6153846153846154
290,1.8624401842716172,0.6538461538461539
291,1.7520622184490637,0.5769230769230769
292,2.0954650151246463,0.7307692307692307
293,1.6415154270949641,0.6923076923076923
294,1.7029262362768627,0.6923076923076923
295,1.6408940510229542,0.6153846153846154
296,1.7365839120099338,0.6538461538461539
297,1.4812427019758196,0.5769230769230769
298,1.6312031539880476,0.6153846153846154
299,1.906644688700355,0.7307692307692307
300,1.5843842993926203,0.5
301,1.8248056927397083,0.6153846153846154
302,1.6540062345868658,0.6923076923076923
303,1.5851720666188718,0.6923076923076923
304,1.6549176307638345,0.6538461538461539
305,1.8639608108643773,0.5769230769230769
306,1.9440645457799488,0.5769230769230769
307,1.7246723820939502,0.5769230769230769
308,1.8314223933905942,0.5384615384615384
309,2.1579067199650046,0.6923076923076923
310,1.6323952000105866,0.6153846153846154
311,1.5550280303525876,0.6923076923076923
312,1.4841558381049458,0.5769230769230769
313,1.7631972185575902,0.6538461538461539
314,1.6295089227097166,0.7307692307692307
315,1.8527968353039597,0.6538461538461539
316,1.7013726876834219,0.5769230769230769
317,1.5167128232097915,0.6538461538461539
318,1.279437874300533,0.7307692307692307
319,1.8576989200056147,0.6153846153846154
320,1.6409012282478104,0.5769230769230769
321,1.8392599463344068,0.6538461538461539
322,1.9241408964322677,0.6153846153846154
323,1.7973759442113146,0.6538461538461539
324,1.608517090763808,0.6923076923076923
325,1.3697368687373892,0.6153846153846154
326,1.8050573031905401,0.6153846153846154
327,1.9903763101441694,0.5769230769230769
328,1.3995866293133628,0.6538461538461539
329,1.8847491093505766,0.6923076923076923
330,1.3738968016903854,0.5
331,1.4000417455901133,0.5384615384615384
332,1.7917494934103289,0.6538461538461539
333,1.8627576419377603,0.5769230769230769
334,1.3350199167591756,0.6153846153846154
335,2.1484568796419334,0.6923076923076923
336,1.6626192343274167,0.6538461538461539
337,1.6764762321450566,0.6153846153846154
338,1.5204358166770742,0.6153846153846154
339,1.664529337997865,0.5384615384615384
340,1.770371512349377,0.6153846153846154
341,1.7201496031931525,0.7692307692307693
342,2.087599211754899,0.6538461538461539
343,1.7463371547167015,0.6153846153846154
344,1.589266149825748,0.6538461538461539
345,2.0718284170824797,0.5769230769230769
346,1.6762806696850594,0.5769230769230769
347,1.8247895683280766,0.7307692307692307
348,1.6377887435174086,0.6923076923076923
349,1.5993389998795942,0.6153846153846154
350,1.689234874005075,0.5769230769230769
351,1.491201108901587,0.6538461538461539
352,1.656921696390454,0.5769230769230769
353,1.8203543252344514,0.6923076923076923
354,1.4315490273835687,0.6538461538461539
355,1.6933987489333095,0.6153846153846154
356,1.7931577176596307,0.6153846153846154
357,1.4538526805506393,0.5769230769230769
358,1.614199505694593,0.7692307692307693
359,1.957275194069655,0.6153846153846154
360,1.4864800836853542,0.7307692307692307
361,1.5872612708187281,0.6538461538461539
362,1.5330716986897168,0.6153846153846154
363,1.774497650879612,0.6153846153846154
364,1.905684183962082,0.6923076923076923
365,1.4034138368941862,0.7692307692307693
366,1.426861759735414,0.5769230769230769
367,1.6905481732607108,0.6923076923076923
368,1.1813780788988124,0.6153846153846154
369,1.8076708292229922,0.5769230769230769
370,1.7282386443189273,0.6153846153846154
371,1.755050900750593,0.6538461538461539
372,1.412243732181429,0.5769230769230769
373,1.6884353721256038,0.6923076923076923
374,1.5823320548625253,0.6153846153846154
375,1.5238792184044034,0.5769230769230769
376,1.8525833307096704,0.5769230769230769
377,1.615535268180673,0.6538461538461539
378,1.783995430349397,0.6153846153846154
379,1.5397672218818137,0.6153846153846154
380,1.6422486723325183,0.5384615384615384
381,1.4568108068159225,0.6153846153846154
382,1.4602030604431624,0.6538461538461539
383,1.4485325862005558,0.5769230769230769
384,1.33820009515583,0.6923076923076923
385,1.8206497964850932,0.6153846153846154
386,1.2442242386340787,0.6538461538461539
387,1.3852630967482717,0.5769230769230769
388,1.6119996667602732,0.6538461538461539
389,1.6708516359073777,0.5769230769230769
390,1.4457522005597447,0.6923076923076923
391,1.6893107536044396,0.6923076923076923
392,1.656698715332072,0.6538461538461539
393,1.3721341707554586,0.5769230769230769
394,1.4843218302703693,0.6538461538461539
395,1.3518843317084754,0.6153846153846154
396,1.468326013017002,0.7307692307692307
397,1.356571255066018,0.5384615384615384
398,1.4708333404594232,0.6538461538461539
399,1.25949882688289,0.6538461538461539
400,1.3318132620868592,0.5384615384615384
401,1.6162602806749922,0.5384615384615384
402,1.5319317780767898,0.6153846153846154
403,1.4384638565057057,0.6153846153846154
404,1.2962265975509197,0.5769230769230769
405,1.2948772693333508,0.6153846153846154
406,1.4731866124861224,0.6923076923076923
407,1.4000787647192467,0.5384615384615384
408,1.349036174397182,0.6153846153846154
409,1.5299818364374875,0.5769230769230769
410,1.4815496485775357,0.5
411,1.5844201256269237,0.6538461538461539
412,1.4877134588501604,0.5769230769230769
413,1.202760615838402,0.6538461538461539
414,1.4072597498972104,0.6923076923076923
415,1.1838064736264848,0.6153846153846154
416,1.3025460502420003,0.5769230769230769
417,1.241365441901432,0.6923076923076923
418,1.4048499922262994,0.6153846153846154
419,1.5218628025969734,0.5384615384615384
420,1.334147494839832,0.5384615384615384
421,1.2907032082707075,0.6153846153846154
422,1.4976461088921589,0.7692307692307693
423,1.6392668208376093,0.6538461538461539
424,1.291036338123765,0.6923076923076923
425,1.205893080682758,0.6153846153846154
426,1.3097739037248826,0.5769230769230769
427,1.6147044710158345,0.6153846153846154
428,1.3389554994138408,0.6923076923076923
429,1.3942982688471903,0.5384615384615384
430,1.6349212168960792,0.5384615384615384
431,1.1024431833531603,0.6538461538461539
432,1.267020704834838,0.5384615384615384
433,1.1490137227792308,0.6153846153846154
434,1.0363998333955475,0.5769230769230769
435,1.2112238015184373,0.5
436,1.4723547499505396,0.5
437,1.3330042725517735,0.6153846153846154
438,1.4201861635929043,0.5769230769230769
439,1.3339272645546911,0.5384615384615384
440,1.758859560066863,0.5
441,1.4470795728679051,0.5769230769230769
442,1.2202044148461129,0.5384615384615384
443,1.2483427553576845,0.5384615384615384
444,1.3448109760798965,0.46153846153846156
445,1.1687859636447917,0.5
446,1.2083993928903465,0.6538461538461539
447,1.7332462391494636,0.46153846153846156
448,1.2947191539598641,0.5769230769230769
449,1.2344042483817206,0.46153846153846156
450,1.2363381640969018,0.5769230769230769
451,1.4221760540055637,0.5384615384615384
452,1.3927912394501756,0.5769230769230769
453,1.293160868480628,0.5384615384615384
454,1.3178129284791638,0.5384615384615384
455,1.3435836161429329,0.5769230769230769
456,1.3378614349888966,0.5384615384615384
457,1.483766563611415,0.6153846153846154
458,1.2853901322245136,0.5384615384615384
459,1.4060848451748997,0.5769230769230769
460,1.252815700828965,0.5384615384615384
461,1.3630004163874743,0.5384615384615384
462,1.3095225919102678,0.46153846153846156
463,1.3279540019647147,0.5384615384615384
464,1.5845083533017181,0.5
465,1.1643652058628136,0.5384615384615384
466,1.2340591976531319,0.5
467,1.4318718707380906,0.5
468,1.2869403285458065,0.5769230769230769
469,1.1393668040651388,0.5
470,1.326811862959918,0.46153846153846156
471,1.0327467009366642,0.46153846153846156
472,1.258911260949584,0.5384615384615384
473,1.292677568636039,0.5384615384615384
474,1.3116191628564229,0.5384615384615384
475,1.3435152409714055,0.5769230769230769
476,1.5736955985993402,0.5384615384615384
477,1.6952744163142004,0.46153846153846156
478,1.3554576069036854,0.5769230769230769
479,1.2420370354248838,0.5769230769230769
480,1.397831253144478,0.5384615384615384
481,1.299296973176154,0.5384615384615384
482,1.3728309129247083,0.5384615384615384
483,1.358264845991184,0.5
484,1.1785524254520365,0.5384615384615384
485,1.3659057742020808,0.5769230769230769
486,1.4763259117617349,0.5
487,1.2158229851124194,0.6153846153846154
488,1.2254381892080088,0.5384615384615384
489,1.3100147012690155,0.5384615384615384
490,1.2326741725400203,0.6153846153846154
491,1.036696046889237,0.5384615384615384
492,1.2759243595987484,0.5384615384615384
493,1.1710062443504654,0.5384615384615384
494,1.16895702935929,0.5769230769230769
495,1.3230444605098697,0.5769230769230769
496,1.3605221410768582,0.46153846153846156
497,1.245611057284298,0.5769230769230769
498,1.5451891294880902,0.5384615384615384
499,1.1087508771044514,0.5
500,1.1947459449272937,0.5
501,1.2911020949821586,0.5384615384615384
502,1.614218431439815,0.5384615384615384
503,1.2643837930814135,0.5384615384615384
504,1.4595394050821424,0.5
505,0.9492228166118069,0.5
506,1.2552740746993065,0.5
507,1.1769198643443746,0.5384615384615384
508,1.4279233235724247,0.5384615384615384
509,0.9993253959639454,0.5769230769230769
510,1.1584952756646902,0.5384615384615384
511,0.88822694250839,0.5769230769230769
512,1.068305262833233,0.5769230769230769
513,1.086833055302348,0.5384615384615384
514,1.2107831376316587,0.5
515,1.3571611919929931,0.6153846153846154
516,1.1268811353776509,0.46153846153846156
517,1.1711913630818802,0.46153846153846156
518,1.1957105796020024,0.5384615384615384
519,1.1912075171108722,0.5769230769230769
520,1.175533633945919,0.5
521,1.4042697841206147,0.6153846153846154
522,1.2878904634260648,0.5384615384615384
523,0.9278812859162979,0.5384615384615384
524,1.0989300233968513,0.5769230769230769
525,1.175672259615967,0.5
526,0.9761488082997425,0.5384615384615384
527,1.0899414564573338,0.5384615384615384
528,1.0873187192441607,0.4230769230769231
529,1.0871518706811623,0.46153846153846156
530,1.1789795790260873,0.5
531,1.1571523580318774,0.4230769230769231
532,1.3795311362870333,0.5
533,0.960314713768966,0.5
534,1.1926656722142157,0.46153846153846156
535,0.9300130723061839,0.5
536,0.9713998757385354,0.5
537,0.9571378584520924,0.5384615384615384
538,1.135966541310082,0.46153846153846156
539,1.0331726549828186,0.5769230769230769
540,1.2868600224912554,0.5384615384615384
541,1.0254172857077868,0.5
542,0.951752497166606,0.5
543,0.9565433660418479,0.5384615384615384
544,0.9846475712510099,0.5384615384615384
545,0.8892164614842732,0.5384615384615384
546,0.8620206580035354,0.46153846153846156
547,0.8192785204750859,0.5769230769230769
548,0.9360426899823926,0.5
549,1.1536073906355373,0.5
550,1.0445175108198743,0.5769230769230769
551,0.9112576188561374,0.5384615384615384
552,1.054528321439951,0.5
553,1.0072382817973096,0.5
554,1.0351717141236363,0.5384615384615384
555,0.8657614373551232,0.5384615384615384
556,1.066024813385845,0.5769230769230769
557,1.1252501500821679,0.46153846153846156
558,1.2600561318304873,0.46153846153846156
559,0.8276759174808834,0.5384615384615384
560,1.064654292959498,0.5
561,0.8454000948529532,0.5
562,0.909001694456621,0.5384615384615384
563,0.9411822252770636,0.5
564,0.9081627529757044,0.5769230769230769
565,1.0630835588117926,0.5
566,0.859591765035324,0.5384615384615384
567,1.0341644174398428,0.46153846153846156
568,1.0197433429197873,0.38461538461538464
569,1.1667105287269908,0.5384615384615384
570,0.7449418673126802,0.5
571,1.0381075691295556,0.5
572,0.9907880700611518,0.46153846153846156
573,1.0023997071866155,0.5
574,0.7365397442041028,0.46153846153846156
575,1.1511299696324102,0.5
576,1.0234060930975062,0.4230769230769231
577,0.8211632816948411,0.5
578,0.8684367272168303,0.46153846153846156
579,0.837186640874366,0.5384615384615384
580,1.190247821440193,0.5
581,0.9604177025542651,0.46153846153846156
582,0.9457372004837801,0.46153846153846156
583,1.2003472104919046,0.5384615384615384
584,0.8624905763989217,0.5
585,1.199604827741875,0.5
586,0.9831360993419,0.5
587,1.0261612195799192,0.46153846153846156
588,0.8665934086711111,0.46153846153846156
589,0.8940896306619592,0.4230769230769231
590,0.917696133391813,0.5
591,0.9639484256898601,0.5384615384615384
592,0.8005513399316984,0.5
593,0.942833175451903,0.5
594,0.7855710318550448,0.5
595,1.0107222936977878,0.5
596,1.1755763522087637,0.5
597,1.1924178085890569,0.5
598,0.7933585640905467,0.46153846153846156
599,0.8525763293265607,0.4230769230769231
600,0.9466876533399162,0.5
601,0.8909603719399133,0.46153846153846156
602,0.9438992126098693,0.4230769230769231
603,1.0510268377384826,0.46153846153846156
604,1.1047576693138517,0.46153846153846156
605,0.8501005132423192,0.5
606,1.0040301247522079,0.5
607,0.990215567705147,0.4230769230769231
608,0.8906084307550053,0.46153846153846156
609,0.8593276383516186,0.4230769230769231
610,0.7098486321057358,0.46153846153846156
611,1.1361512167038152,0.4230769230769231
612,0.9100686533240925,0.46153846153846156
613,0.813658548678394,0.5
614,0.7205415184104651,0.46153846153846156
615,0.7713779563655754,0.4230769230769231
616,0.7389772530704399,0.38461538461538464
617,0.9039286901505488,0.5384615384615384
618,0.9095220483773256,0.5384615384615384
619,0.7954306745724793,0.5
620,1.1080941904853003,0.5
621,0.9004669652417832,0.46153846153846156
622,0.7959661526078539,0.46153846153846156
623,0.8543581444711448,0.4230769230769231
624,0.8189574418710874,0.5769230769230769
625,0.8000134135342662,0.46153846153846156
626,0.8729109122755512,0.5
627,0.7687764025369948,0.5769230769230769
628,0.8882502625706072,0.4230769230769231
629,0.9927130109891706,0.5
630,0.8034307621449965,0.5
631,0.8954003028092359,0.5384615384615384
632,0.8025515487804453,0.46153846153846156
633,0.8166676736750706,0.46153846153846156
634,0.6894952631154694,0.5
635,0.7735761503191689,0.4230769230769231
636,0.6015752388247892,0.5384615384615384
637,0.9071690374331465,0.5384615384615384
638,0.8841359821438219,0.5384615384615384
639,1.0378236202054363,0.5
640,0.9743500366619888,0.5384615384615384
641,0.8360617145801363,0.4230769230769231
642,0.8166508828659884,0.46153846153846156
643,0.9758651924173902,0.46153846153846156
644,0.666370912197582,0.5384615384615384
645,0.719197251249958,0.5384615384615384
646,0.8420367985497141,0.5
647,0.9366719188214083,0.5769230769230769
648,0.9322102313017648,0.5384615384615384
649,0.8114313510766502,0.5384615384615384
650,0.6644469546746063,0.46153846153846156
651,0.883256035609961,0.5
652,0.7201685968485676,0.5384615384615384
653,0.7723734394299151,0.46153846153846156
654,0.786821099189392,0.5
655,0.7165753750868968,0.46153846153846156
656,0.8951391501785233,0.5
657,0.8980608518115369,0.46153846153846156
658,0.5861350912582473,0.46153846153846156
659,0.7841433397163575,0.5
660,0.7328040578421233,0.5769230769230769
661,0.6781625205539639,0.5
662,0.6950889070367325,0.4230769230769231
663,0.7634843744126876,0.5
664,0.7891676742669849,0.5
665,0.8612314588722327,0.46153846153846156
666,0.6941088907214659,0.46153846153846156
667,0.7550823612697917,0.5
668,0.8944532278839983,0.46153846153846156
669,0.549435414137406,0.5
670,0.7795929391924825,0.46153846153846156
671,0.9196060165750914,0.5
672,0.9454150196814024,0.5
673,0.8938870962710168,0.46153846153846156
674,0.8532776689360175,0.46153846153846156
675,0.8488164036310923,0.5
676,0.6167033502066657,0.46153846153846156
677,0.8945145669002801,0.5
678,0.9556954862822895,0.46153846153846156
679,0.8126879066722918,0.46153846153846156
680,0.732818291574,0.5
681,0.869638137630123,0.46153846153846156
682,0.7199997501071969,0.46153846153846156
683,0.9023072622995607,0.5
684,0.8984103100181562,0.4230769230769231
685,0.6424989902136802,0.5
686,0.8251602778529654,0.5
687,0.7728236532604655,0.46153846153846156
688,0.9146942506845974,0.5
689,0.6503883089877589,0.5
690,0.7085280288941238,0.46153846153846156
691,0.853560008268408,0.46153846153846156
692,0.883329891152532,0.46153846153846156
693,0.6947942593333898,0.5
694,0.6967668073921627,0.4230769230769231
695,0.6359524151002711,0.5384615384615384
696,0.712965715134867,0.5
697,0.6623603266444351,0.38461538461538464
698,0.6882021467615909,0.46153846153846156
699,0.7323634897322573,0.5
700,0.7053996600267411,0.46153846153846156
701,0.8578020314273851,0.5
702,2.322171250466389,0.5769230769230769
703,1.4583629176785267,0.6153846153846154
704,1.0703242659358658,0.5
705,1.1006654431352747,0.5384615384615384
706,0.9923765448701989,0.46153846153846156
707,2.365021832812147,0.5
708,1.7842435315941834,0.5384615384615384
709,1.165150865206179,0.5384615384615384
710,1.150764057518574,0.5
711,0.8066906518458685,0.5
712,0.7204924851082462,0.5
713,1.440070080168212,0.5384615384615384
714,2.2353024398878003,0.5384615384615384
715,3.165000098442872,0.7692307692307693
716,3.9293640535592758,0.6923076923076923
717,1.6939252232876059,0.6538461538461539
718,1.945588088551449,0.5
719,0.9723112364231017,0.46153846153846156
720,1.1881654060306275,0.5
721,0.7927927400346899,0.38461538461538464
722,2.4625677855923898,0.5
723,1.8805212454367934,0.46153846153846156
724,1.2773106356786343,0.5
725,1.7339504744090584,0.5769230769230769
726,1.6855116480576973,0.5
727,3.7778672021669393,0.8846153846153846
728,1.7344572512219303,0.5384615384615384
729,2.3244026566323326,0.5
730,1.7049971121329317,0.5769230769230769
731,1.8997193403791275,0.6923076923076923
732,3.8643519804605146,0.6538461538461539
733,3.8723453854534453,0.8846153846153846
734,2.1391418917207496,0.5384615384615384
735,1.7956791132944616,0.5769230769230769
736,1.6660372863239277,0.5769230769230769
737,2.6657922561640266,0.6153846153846154
738,2.525082451595751,0.6538461538461539
739,2.18477856392137,0.5
740,2.36289770570574,0.6153846153846154
741,2.2317887974450636,0.5
742,4.0479139386091285,0.6538461538461539
743,1.9543987647219476,0.5
744,2.8533023220349696,0.6538461538461539
745,1.6018573864767098,0.5769230769230769
746,1.9276063290647212,0.5769230769230769
747,1.8805655621853028,0.5769230769230769
748,2.0511752475875324,0.6153846153846154
749,2.503405255257352,0.6923076923076923
750,2.465280346169486,0.5384615384615384
751,3.5964777838760913,0.7692307692307693
752,3.3336878864311075,0.6923076923076923
753,1.9994064808645282,0.5384615384615384
754,3.1034908662515943,0.5769230769230769
755,2.8214002652698276,0.8076923076923077
756,2.8584556630922564,0.6153846153846154
757,2.3039196499597048,0.6153846153846154
758,1.919497008406708,0.5769230769230769
759,6.143771111993972,0.8461538461538461
760,3.9580369712182852,0.6923076923076923
761,3.7080248312528634,0.8846153846153846
762,2.6299974433927082,0.6923076923076923
763,1.8822493280240349,0.5769230769230769
764,2.6375815778695535,0.6538461538461539
765,2.586348737509211,0.6923076923076923
766,4.151501014660897,0.8076923076923077
767,1.9456858893698483,0.6538461538461539
768,2.0773955835935913,0.6538461538461539
769,2.2984916218871874,0.6923076923076923
770,2.823622063806968,0.8846153846153846
771,2.9366653025379756,0.7307692307692307
772,2.273719919709646,0.5769230769230769
773,2.341133446780136,0.5769230769230769
774,2.873842474580308,0.6153846153846154
775,2.6419461133071938,0.7692307692307693
776,3.3674768907110595,0.7307692307692307
777,3.936741036456838,0.7692307692307693
778,3.493377211687044,0.6538461538461539
779,4.006549697712429,0.8846153846153846
780,3.1517340993400405,0.6153846153846154
781,3.6456598921286574,0.7692307692307693
782,3.7291732039108343,0.8461538461538461
783,4.136928197448895,0.8461538461538461
784,3.8456026322482484,0.7692307692307693
785,5.709553105525623,0.9615384615384616
786,4.176078868259461,0.8846153846153846
787,6.068172915970763,1.0
788,3.3330394390023543,0.6538461538461539
789,3.904576431230603,0.8076923076923077
790,3.5527887116789723,0.8461538461538461
791,4.394329255641907,0.9230769230769231
792,4.31893913815557,0.9230769230769231
793,4.129727254220292,0.9230769230769231
794,4.429462125932023,0.6153846153846154
795,4.3504304391762805,0.9230769230769231
796,3.783948638134089,0.8461538461538461
797,3.281897355406883,0.9615384615384616
798,3.5393841839112667,0.8846153846153846
799,5.009777874767814,0.9615384615384616
800,3.824270927623682,0.8846153846153846
801,3.2431070152723818,0.8461538461538461
802,3.1631946061319534,0.8461538461538461
803,3.891809798496617,0.9615384615384616
804,3.3260424107297704,0.8846153846153846
805,3.558565371883924,0.8846153846153846
806,3.7073787109210263,0.8076923076923077
807,3.436302291022702,0.8076923076923077
808,4.300678889247962,0.9230769230769231
809,3.710245504003315,0.8846153846153846
810,3.75552202230385,0.8076923076923077
811,3.9699042162324805,0.8461538461538461
812,4.228022126167746,0.8846153846153846
813,4.305432748849951,0.8846153846153846
814,5.056275107555172,0.9615384615384616
815,4.792739785168836,0.9230769230769231
816,4.831999328898046,0.9615384615384616
817,5.14505853410956,0.9230769230769231
818,3.8423954198888497,0.9230769230769231
819,4.545165861259915,0.8076923076923077
820,3.7873171770830942,0.8076923076923077
821,3.616919708862834,0.8461538461538461
822,4.730677393252585,0.8846153846153846
823,4.207889693053148,0.8461538461538461
824,3.6854602005423533,0.8846153846153846
825,4.245073202794359,0.7307692307692307
826,4.292123014790698,0.8076923076923077
827,4.43471491619628,0.8461538461538461
828,4.2127446976413685,0.8076923076923077
829,4.472306971379396,0.8076923076923077
830,4.506906506671003,0.7307692307692307
831,3.9197586937979376,0.8461538461538461
832,3.678952746816935,0.8846153846153846
833,3.455906344601601,0.8846153846153846
834,3.8072517200104525,0.9230769230769231
835,3.671904429181916,0.9230769230769231
836,3.841991837964388,0.8461538461538461
837,4.143498026788933,0.8076923076923077
838,3.623218965171299,0.8846153846153846
839,3.917208613665578,0.9230769230769231
840,4.004570042422525,0.9230769230769231
841,4.996086816046108,0.9615384615384616
842,4.8356032624529,0.8846153846153846
843,4.239936296732012,0.9615384615384616
844,3.8521260625133453,0.8461538461538461
845,3.682813683755435,0.8461538461538461
846,3.141072754415028,0.8076923076923077
847,4.658738041254653,0.8846153846153846
848,4.64847067327665,1.0
849,3.31242138138272,0.8076923076923077
850,3.449799032903646,0.8076923076923077
851,2.7811676576249282,0.8076923076923077
852,3.415879496002294,0.8461538461538461
853,3.4317898414853065,0.8076923076923077
854,3.3350416884757608,0.7692307692307693
855,3.5781596613946003,0.6923076923076923
856,3.30355793307522,0.8076923076923077
857,3.560768139970804,0.7307692307692307
858,3.1613957668913297,0.8076923076923077
859,3.1951266370386406,0.8076923076923077
860,3.914943135997193,0.8076923076923077
861,3.4997114066308543,0.7692307692307693
862,3.8026003095115484,0.6923076923076923
863,4.211478989076682,0.8076923076923077
864,3.8496888754451746,0.7692307692307693
865,3.675380189711198,0.7692307692307693
866,4.059139156552149,0.8076923076923077
867,4.084503967623015,0.8846153846153846
868,4.496557444756185,0.8846153846153846
869,4.6944575638484025,0.9230769230769231
870,4.145867374978282,0.8461538461538461
871,4.211641810002338,0.9230769230769231
872,4.531915877793401,0.9230769230769231
873,4.572730245433424,0.9230769230769231
874,3.4699875887887837,0.7692307692307693
875,3.586069095762783,0.7692307692307693
876,3.8588530724707626,0.8461538461538461
877,4.7695127533730535,0.7692307692307693
878,3.6027669913608014,0.7307692307692307
879,4.594274742267105,0.7307692307692307
880,4.348564534891545,0.9230769230769231
881,4.697758006325428,0.8846153846153846
882,3.8070174006084128,0.8076923076923077
883,3.236751672087662,0.8076923076923077
884,3.6483790204696196,0.8846153846153846
885,4.054970084197775,0.8461538461538461
886,4.112862535790971,0.8846153846153846
887,5.472749568838873,0.9615384615384616
888,4.907000961432387,0.9615384615384616
889,3.3642942170560555,0.8846153846153846
890,3.92963152234366,0.8076923076923077
891,4.168750163624888,0.8076923076923077
892,4.326326510514612,0.8846153846153846
893,4.63648033845332,0.9230769230769231
894,3.845660528509331,0.9230769230769231
895,4.611767969860852,0.8846153846153846
896,4.124053522078481,0.9230769230769231
897,3.7777045970770287,0.9615384615384616
898,4.080841363533409,0.9615384615384616
899,4.355234124174889,0.9230769230769231
900,4.664941994903328,0.8846153846153846
901,4.524947740464988,0.8461538461538461
902,4.6018734388310145,0.9230769230769231
903,4.234503561860405,0.8846153846153846
904,3.723106229962843,0.8846153846153846
905,3.873181650425515,0.9230769230769231
906,3.7982029299060946,0.9615384615384616
907,4.077860971768676,0.9230769230769231
908,4.045196735797361,0.9230769230769231
909,4.268175875752549,0.8461538461538461
910,4.444054833327544,0.8461538461538461
911,4.289237170187018,0.9230769230769231
912,4.445006831523461,0.7692307692307693
913,4.29443201507021,0.8076923076923077
914,4.633309515708162,0.9230769230769231
915,4.966978612976523,0.9615384615384616
916,5.180840403158445,1.0
917,3.2555102165648435,0.7692307692307693
918,3.697894571644914,0.8461538461538461
919,3.9740378952450195,0.8846153846153846
920,3.7309553882595314,0.8846153846153846
921,3.6399540926007923,0.8846153846153846
922,4.521988937999021,0.8846153846153846
923,4.922417629079108,1.0
924,4.188821625056288,0.8846153846153846
925,6.153505161233241,0.8076923076923077
926,4.496343737095716,0.8461538461538461
927,4.868926078154112,0.8076923076923077
928,4.1059667839894605,0.7692307692307693
929,4.0244353452317325,0.7692307692307693
930,4.030523498527186,0.8076923076923077
931,4.185545802375251,0.8461538461538461
932,3.992202733688715,0.8461538461538461
933,4.154120589309039,0.6923076923076923
934,4.379609561490355,0.8846153846153846
935,3.860313855785045,0.8846153846153846
936,4.418800856805532,0.7692307692307693
937,4.4065038231629625,0.8846153846153846
938,4.4278216206025,0.9615384615384616
939,3.418160618547863,0.8461538461538461
940,4.411863047130286,0.8076923076923077
941,3.552976678118858,1.0
942,6.245368483304456,0.9230769230769231
943,3.9915183018425306,0.9615384615384616
944,3.852693419478891,0.9615384615384616
945,4.821783746336273,0.9230769230769231
946,4.83887684716054,0.8076923076923077
947,5.177757923217918,0.9230769230769231
948,5.091261820847943,0.9615384615384616
949,4.150597370662025,0.9615384615384616
950,4.245735516450073,0.8461538461538461
951,4.318641145160136,0.9230769230769231
952,5.201163953829725,0.8846153846153846
953,3.6458835746860694,0.8846153846153846
954,4.543741172591087,0.8846153846153846
955,3.348061794312029,0.8076923076923077
956,4.411119626988119,0.8846153846153846
957,3.8248074918312778,0.8846153846153846
958,4.402537892764975,0.8461538461538461
959,3.5311062306014462,0.8461538461538461
960,4.090092164327956,0.9615384615384616
961,4.004772368932869,0.7692307692307693
962,4.4619940804675045,0.8076923076923077
963,4.914781621786345,0.8846153846153846
964,5.977655294857724,0.9230769230769231
965,4.456536795436618,1.0
966,4.943190859373405,0.9230769230769231
967,6.054699345755626,0.8846153846153846
968,4.436979936563876,0.9615384615384616
969,3.9599057164316287,0.7692307692307693
970,3.3610102391941914,0.8461538461538461
971,3.6031281304533556,0.7307692307692307
972,4.0201051069741265,0.9615384615384616
973,4.586773869829849,0.9615384615384616
974,4.502813876401147,1.0
975,3.9980841071193303,1.0
976,4.751989300210671,0.8846153846153846
977,4.521712587431282,0.9615384615384616
978,4.897984657895515,1.0
979,4.416419015581231,0.9615384615384616
980,3.5807316314396807,0.9615384615384616
981,3.983771534968276,0.8846153846153846
982,4.361251155999515,0.9615384615384616
983,4.225703390942954,0.9615384615384616
984,3.561527700553103,0.9230769230769231
985,4.0875836452000565,0.8846153846153846
986,4.023510621910627,0.8846153846153846
987,4.183119524278663,0.8846153846153846
988,3.7669817729631143,0.9230769230769231
989,3.686456329417223,0.7692307692307693
990,4.041675028536601,0.8846153846153846
991,3.723398649036353,0.8846153846153846
992,3.901196858101671,0.8076923076923077
993,3.6687970912989387,0.8461538461538461
994,4.463369677457864,0.9615384615384616
995,3.3934486607812646,0.9230769230769231
996,5.032948060947299,0.9615384615384616
997,4.357708015269178,0.8461538461538461
998,3.2231655152217114,0.8076923076923077
999,3.2859266845711907,0.8076923076923077
1000,4.114004301606578,0.8076923076923077
1001,3.901606792474555,0.7692307692307693
1002,3.5556796176646275,0.7692307692307693
1003,4.2138750366958755,0.8076923076923077
1004,3.981124294484022,0.8076923076923077
1005,3.6052195053936744,0.8076923076923077
1006,4.145666031760633,0.8076923076923077
1007,4.025166136227798,0.8076923076923077
1008,4.372848196823757,0.8846153846153846
1009,3.2460543689137715,0.8461538461538461
1010,4.152580306655147,0.8846153846153846
1011,3.5801426424722793,0.7692307692307693
1012,3.3379949305410017,0.8461538461538461
1013,3.3778022002936696,0.7692307692307693
1014,3.0170636641087913,0.8846153846153846
1015,3.746201031118452,0.7307692307692307
1016,4.496024041938731,0.8076923076923077
1017,4.696483272019374,0.8846153846153846
1018,3.9708105145630315,0.9615384615384616
1019,4.406187504450871,0.8846153846153846
1020,3.4989678981707257,0.8846153846153846
1021,3.4814225757901855,0.8461538461538461
1022,4.255758846602168,0.8846153846153846
1023,3.9974144688693576,0.8076923076923077
1024,3.530924122293961,0.8461538461538461
1025,4.848858978987948,0.8461538461538461
1026,4.381222835306415,0.7692307692307693
1027,5.213383500062659,0.7692307692307693
1028,4.212168469893944,0.8076923076923077
1029,2.929862123445031,0.7692307692307693
1030,3.1916840718786803,0.8461538461538461
1031,3.3573931293249157,0.6923076923076923
1032,2.9693696222792854,0.6538461538461539
1033,4.206046321787804,0.8461538461538461
1034,3.0598551056194028,0.6923076923076923
1035,5.46628277234015,0.8846153846153846
1036,2.884617035954151,0.6923076923076923
1037,3.2035016057819288,0.7692307692307693
1038,4.329351362395524,0.8846153846153846
1039,3.7019863119295797,0.8461538461538461
1040,3.793619930169497,0.9615384615384616
1041,4.012752321188254,1.0
1042,4.343448723778157,0.9615384615384616
1043,4.364105904998553,1.0
1044,4.339239998642045,0.8846153846153846
1045,5.360107856255867,0.8846153846153846
1046,3.809637841168659,0.8846153846153846
1047,3.5574193115025023,0.8846153846153846
1048,5.090908244926132,0.8846153846153846
1049,5.608057532955239,0.8846153846153846
1050,3.9194220575984486,0.8461538461538461
1051,4.596571602640202,0.8846153846153846
1052,4.639345501331317,0.9615384615384616
1053,3.813228386520037,0.8846153846153846
1054,3.556837892579177,0.7307692307692307
1055,4.52011863151671,0.8461538461538461
1056,4.6530478838493075,0.7692307692307693
1057,4.362452540415773,0.8461538461538461
1058,5.02006934276964,0.9230769230769231
1059,3.6831363927284375,0.9230769230769231
1060,3.6861305243530618,0.8461538461538461
1061,5.302019932866869,0.8846153846153846
1062,4.467682981375624,0.8461538461538461
1063,3.74695789166975,0.8076923076923077
1064,3.6305445750223986,0.8076923076923077
1065,4.191629946777893,0.8846153846153846
1066,4.0368483516498275,0.8076923076923077
1067,3.801138237418791,0.9230769230769231
1068,4.35457392545935,0.8076923076923077
1069,4.15225532270618,0.8076923076923077
1070,3.5055467294481266,0.8076923076923077
1071,5.261002944943897,0.8846153846153846
1072,5.017283700155583,0.9615384615384616
1073,3.4140438367479833,0.8076923076923077
1074,4.263884494894468,0.7307692307692307
1075,3.0294828971166323,0.7692307692307693
1076,4.177203680775856,0.7307692307692307
1077,2.8829590668117246,0.7692307692307693
1078,5.031744790223702,0.8076923076923077
1079,3.9077249882034297,0.7692307692307693
1080,4.181478799498097,0.8461538461538461
1081,3.5214869455195403,0.8461538461538461
1082,3.2751790417537068,0.7307692307692307
1083,3.80175045453495,0.6153846153846154
1084,3.279782767753793,0.6538461538461539
1085,5.555463681545039,0.7307692307692307
1086,3.974907831247698,0.6538461538461539
1087,3.1985976529709843,0.6538461538461539
1088,3.570067075585809,0.6923076923076923
1089,3.5664329984410474,0.6923076923076923
1090,3.5472121986635146,0.7692307692307693
1091,3.7049981658473095,0.7692307692307693
1092,3.5015606886734045,0.7692307692307693
1093,3.960678138613864,0.6538461538461539
1094,3.8449235431532025,0.9615384615384616
1095,3.7591149589084805,0.8846153846153846
1096,3.5033784472887888,0.9615384615384616
1097,3.7492706625252428,0.9615384615384616
1098,3.7474489501939288,0.7692307692307693
1099,3.913235606526378,0.6923076923076923
1100,3.914659090632276,0.7307692307692307
1101,3.4377171938250433,0.8461538461538461
1102,3.6428946835906757,0.7692307692307693
1103,3.5428358675212763,0.8846153846153846
1104,3.7005621636805444,0.8461538461538461
1105,4.4022080317329415,0.7307692307692307
1106,3.9858605424037568,0.8076923076923077
1107,4.104642277164024,0.7307692307692307
1108,3.4614496625179805,0.6923076923076923
1109,4.1830592789659145,0.8076923076923077
1110,4.333344246476859,0.6923076923076923
1111,3.4169870695429347,0.7692307692307693
1112,3.3803697849808265,0.6923076923076923
1113,3.8615001387700265,0.7692307692307693
1114,4.1682866251015875,0.7692307692307693
1115,4.716125641499321,0.7307692307692307
1116,5.126111094805653,0.8461538461538461
1117,3.7080188349359937,0.7307692307692307
1118,4.322364818117515,0.9230769230769231
1119,5.198204417865599,0.6923076923076923
1120,4.849423126481083,0.6538461538461539
1121,3.6932897914904896,0.7307692307692307
1122,4.9644038337117244,0.8846153846153846
1123,3.828658943367229,0.6538461538461539
1124,3.696727069995236,0.8076923076923077
1125,5.371606750072135,0.8461538461538461
1126,4.100908773724577,0.8076923076923077
1127,5.015482186285128,0.8076923076923077
1128,4.321559934061735,0.7307692307692307
1129,4.2091894138793835,0.7307692307692307
1130,3.577330830151193,0.6923076923076923
1131,3.62482441115781,0.7692307692307693
1132,4.115048409265977,0.7692307692307693
1133,4.42781279909726,0.8461538461538461
1134,4.325228478529483,0.7692307692307693
1135,4.248772544967398,0.8461538461538461
1136,4.010015900843599,0.8076923076923077
1137,4.747747731133346,0.7307692307692307
1138,3.719600986189063,0.8076923076923077
1139,3.7253662587257956,0.7307692307692307
1140,4.50083890737713,0.7307692307692307
1141,4.0233200845060715,0.6538461538461539
1142,4.237245193940048,0.8076923076923077
1143,4.031386803558484,0.6923076923076923
1144,4.4264062047991555,0.7692307692307693
1145,4.545651638270224,0.8846153846153846
1146,3.8380677297561876,0.8461538461538461
1147,4.270475810301081,0.8461538461538461
1148,4.17482283404694,0.8076923076923077
1149,5.362569774623534,0.8461538461538461
1150,3.726922298255193,0.8076923076923077
1151,4.097808144397297,0.8846153846153846
1152,4.497000885970597,0.8846153846153846
1153,4.050325575228261,0.9230769230769231
1154,5.748592247257435,0.8846153846153846
1155,3.9317875984815034,0.9230769230769231
1156,4.199374274756914,0.9230769230769231
1157,3.9286454680720517,0.8076923076923077
1158,3.735248485104032,0.9230769230769231
1159,3.686964876836213,0.8076923076923077
1160,4.286937057294795,0.8846153846153846
1161,4.12213525111088,0.9615384615384616
1162,3.977898935831926,0.9230769230769231
1163,4.05611384739646,0.8076923076923077
1164,3.9030743183177172,0.8461538461538461
1165,4.024636760791358,0.8076923076923077
1166,4.685579795051029,0.8846153846153846
1167,4.112849339166747,0.8846153846153846
1168,5.607133413966951,1.0
1169,4.573179334937986,0.8846153846153846
1170,4.122125244327638,0.9230769230769231
1171,4.3266179417733195,0.9615384615384616
1172,3.271534126804207,0.8846153846153846
1173,4.480024710419465,0.8461538461538461
1174,4.067840259461096,0.9230769230769231
1175,4.033130759847669,0.8846153846153846
1176,3.9455881441575644,0.8846153846153846
1177,3.3532871848426193,0.9615384615384616
1178,3.919910765710372,0.6538461538461539
1179,4.440133338461892,0.8846153846153846
1180,4.750147300176391,0.9230769230769231
1181,5.690146451565675,0.8461538461538461
1182,4.674371528326982,0.8846153846153846
1183,5.275890510346778,0.8461538461538461
1184,4.001194366173499,0.9615384615384616
1185,4.7772213148327,0.8846153846153846
1186,4.560695735860874,0.8846153846153846
1187,4.715010353000418,0.8846153846153846
1188,4.310760393147574,0.8846153846153846
1189,4.486430743022774,0.8846153846153846
1190,4.077810754096987,0.8846153846153846
1191,4.536814434367247,0.9615384615384616
1192,4.468855552280158,0.9615384615384616
1193,3.7971160033726923,0.8461538461538461
1194,3.855763679525646,0.9615384615384616
1195,4.091835182514268,0.9230769230769231
1196,3.9812946083150167,1.0
1197,3.696482823374514,0.9230769230769231
1198,5.136090559292777,0.9230769230769231
1199,3.9020409930543654,0.8076923076923077
1200,4.27521667767773,0.8846153846153846
1201,4.345725851429767,0.9230769230769231
1202,4.962698115986549,0.9230769230769231
1203,4.466194405298202,0.9615384615384616
1204,5.821005853422427,0.8461538461538461
1205,4.527282595343675,0.8846153846153846
1206,4.103662160009274,0.8846153846153846
1207,4.16424492572025,0.8461538461538461
1208,3.6745569162132155,0.7692307692307693
1209,4.253587501313379,0.8846153846153846
1210,4.241921188161654,0.8076923076923077
1211,4.4275110819310175,0.7692307692307693
1212,4.269240152484006,0.8461538461538461
1213,4.243324807356322,0.8846153846153846
1214,4.570887401862836,0.8076923076923077
1215,4.406856027671749,0.8846153846153846
1216,4.65650038945862,0.8076923076923077
1217,4.623005675809257,0.8076923076923077
1218,4.3060064978247645,0.8076923076923077
1219,3.7274927523124823,0.8461538461538461
1220,3.4602128465314497,0.9230769230769231
1221,4.5279773358833095,1.0
1222,3.8489700725233855,0.8076923076923077
1223,2.9019238063478756,0.6923076923076923
1224,3.36728380943286,0.6923076923076923
1225,3.6105554968485754,0.7692307692307693
1226,3.4339659223195924,0.6923076923076923
1227,3.61646634882326,0.6923076923076923
1228,3.7553967169430957,0.8076923076923077
1229,3.225483982386754,0.8461538461538461
1230,3.99671980890097,0.7692307692307693
1231,3.055698396648647,0.8461538461538461
1232,4.1043595908681105,0.7692307692307693
1233,3.327767207274173,0.7307692307692307
1234,3.2669826694314534,0.6923076923076923
1235,3.0808376207347807,0.6923076923076923
1236,3.9941497368686307,0.7692307692307693
1237,3.503567183019199,0.7307692307692307
1238,3.2807100709740062,0.8461538461538461
1239,3.582256128788109,0.8846153846153846
1240,3.2194195881386696,0.8846153846153846
1241,3.496280690182156,0.8846153846153846
1242,3.204455878031528,0.8076923076923077
1243,4.692682011499989,0.8076923076923077
1244,3.9857062307235895,0.9230769230769231
1245,4.6464181151342485,0.8846153846153846
1246,4.94133077162156,0.9230769230769231
1247,3.404452279426654,0.6923076923076923
1248,3.0956643328728832,0.8461538461538461
1249,3.192752683675873,0.7307692307692307
1250,3.140290617967161,0.8461538461538461
1251,3.146545465830413,0.8076923076923077
1252,3.2602885883584434,0.7692307692307693
1253,3.52713260866172,0.7692307692307693
1254,3.5045276151113414,0.6923076923076923
1255,3.312344549918583,0.7692307692307693
1256,3.0859622076942967,0.7307692307692307
1257,3.4105754401943496,0.8076923076923077
1258,3.400702522437903,0.8846153846153846
1259,3.1799428811530692,0.8461538461538461
1260,3.2405295133103382,0.8846153846153846
1261,3.0587811883179183,0.9615384615384616
1262,3.436447395932117,0.8461538461538461
1263,3.6022669047179976,0.7692307692307693
1264,3.358283411016632,0.8461538461538461
1265,3.063664870033622,0.8461538461538461
1266,4.093037623407788,0.7692307692307693
1267,3.9761759651857242,0.8846153846153846
1268,4.576272228283468,0.8846153846153846
1269,3.029112120012374,0.8846153846153846
1270,3.9077989661590986,0.8846153846153846
1271,3.806087212208025,0.8461538461538461
1272,3.679510683300569,0.8846153846153846
1273,4.128258397088639,0.8076923076923077
1274,4.594476824286976,0.9230769230769231
1275,4.607617796667921,0.9230769230769231
1276,4.446482633268265,0.9615384615384616
1277,3.793827158120523,0.9230769230769231
1278,4.633800633968885,0.8461538461538461
1279,4.164187192703701,0.8076923076923077
1280,3.055277725409753,0.8846153846153846
1281,3.3768294836428856,0.8461538461538461
1282,3.293727214638925,0.7307692307692307
1283,4.125419172475697,0.7692307692307693
1284,3.6206444909578273,0.8076923076923077
1285,3.4724356089457977,0.7692307692307693
1286,4.463446974966695,0.9615384615384616
1287,4.378283401398994,0.8846153846153846
1288,4.3477932722080235,0.6923076923076923
1289,3.7138635051237117,0.7692307692307693
1290,3.756768356138153,0.8076923076923077
1291,4.626096091566931,0.9230769230769231
1292,3.639297949771113,0.8461538461538461
1293,3.6217589446554905,0.7307692307692307
1294,3.219381004151451,0.7307692307692307
1295,3.7278685633071396,0.6923076923076923
1296,4.63722951190375,0.8461538461538461
1297,3.6113382377149574,0.8076923076923077
1298,3.875491367376344,0.8076923076923077
1299,3.4326878866127726,0.7307692307692307
1300,4.526343123915568,0.8461538461538461
1301,4.558030698340719,0.8461538461538461
1302,4.225081857133148,0.7692307692307693
1303,3.86773230983947,0.7692307692307693
1304,3.8390827344163303,0.9615384615384616
1305,5.306007153523203,0.8846153846153846
1306,3.885774803073231,0.9615384615384616
1307,4.128495308915874,0.8076923076923077
1308,4.023652573668363,0.8846153846153846
1309,4.024426828224714,0.8846153846153846
1310,4.231624353212094,0.8461538461538461
1311,3.132609588279404,0.7692307692307693
1312,4.4046946408699466,0.8076923076923077
1313,4.086783708237511,0.9230769230769231
1314,3.5655298454107758,0.7692307692307693
1315,3.8021790522978165,0.8846153846153846
1316,5.655946943673214,0.8461538461538461
1317,4.700142925962734,0.8846153846153846
1318,4.560390851606568,0.9230769230769231
1319,3.987654644732461,0.8461538461538461
1320,4.576683684302543,0.9615384615384616
1321,5.041972907892705,0.7692307692307693
1322,3.709509667714028,0.7307692307692307
1323,3.535134810244455,0.7692307692307693
1324,4.0251968587998945,0.8846153846153846
1325,4.347839351978666,0.8846153846153846
1326,4.659760076473782,0.8461538461538461
1327,3.6039211976188192,0.7692307692307693
1328,5.146420471805655,0.9615384615384616
1329,3.5953846129054567,0.7692307692307693
1330,3.7264105440384205,0.7307692307692307
1331,4.321906392754936,0.8461538461538461
1332,3.2015388906390614,0.7692307692307693
1333,4.268919905086712,0.8846153846153846
1334,3.0625681233374076,0.7307692307692307
1335,4.132728274327602,0.7307692307692307
1336,3.0859782962839626,0.7307692307692307
1337,3.2862176352781423,0.7307692307692307
1338,2.8961873109573784,0.7307692307692307
1339,4.632976836825068,0.8076923076923077
1340,2.70668979003022,0.7307692307692307
1341,3.116027627905271,0.7692307692307693
1342,3.0029585258482356,0.6923076923076923
1343,4.789090397714104,0.8461538461538461
1344,3.0016617614872954,0.7307692307692307
1345,3.240163154402714,0.7307692307692307
1346,4.08601936364331,0.8461538461538461
1347,4.4664643854055015,0.7307692307692307
1348,4.566682062031407,0.8846153846153846
1349,3.5040596050070874,0.8461538461538461
1350,3.5940765761582263,0.7307692307692307
1351,3.9323027982918823,0.9230769230769231
1352,4.357222751979684,0.8846153846153846
1353,3.8069442539811615,0.9230769230769231
1354,4.597000720370385,0.9230769230769231
1355,3.7812238484584344,0.9230769230769231
1356,4.065211707621275,0.8846153846153846
1357,3.653182304004845,0.9230769230769231
1358,4.809548926709859,0.9615384615384616
1359,3.5930588081360355,0.9230769230769231
1360,3.5193762639051847,0.8461538461538461
1361,3.623469617901398,0.9615384615384616
1362,4.459294739194457,0.9615384615384616
1363,3.2955005236720125,0.9230769230769231
1364,3.309402436267706,0.8846153846153846
1365,3.1636422179058608,0.8846153846153846
1366,3.5458293015966653,0.8846153846153846
1367,6.221257199546577,0.9230769230769231
1368,4.152246550564168,0.9230769230769231
1369,3.711448472048165,0.9615384615384616
1370,3.950315250503472,0.9615384615384616
1371,3.9449130259485594,0.9230769230769231
1372,4.351905269932717,0.9615384615384616
1373,3.827800397066211,0.9615384615384616
1374,3.9946425715581872,0.9230769230769231
1375,3.8438987327310117,0.9230769230769231
1376,4.276452389869677,0.9615384615384616
1377,3.711023787332425,0.8846153846153846
1378,3.8849072744112783,0.9615384615384616
1379,4.480889961146522,0.9230769230769231
1380,6.8603627471552,0.8846153846153846
1381,5.331405508334355,0.9230769230769231
1382,4.71633124051166,0.9615384615384616
1383,4.371554168350579,0.8076923076923077
1384,3.78433395276009,0.8076923076923077
1385,3.6280152349507038,0.8076923076923077
1386,3.3360314877372863,0.8076923076923077
1387,4.173531397435819,0.8461538461538461
1388,3.5438466643166278,0.8461538461538461
1389,2.850183724143471,0.8076923076923077
1390,3.397315503797871,0.8076923076923077
1391,2.7751840234293486,0.8461538461538461
1392,3.2215325621565873,0.8461538461538461
1393,3.7050502754632273,0.9230769230769231
1394,3.693771817081946,0.9230769230769231
1395,3.97974888484578,0.9230769230769231
1396,3.4356852223433467,0.8461538461538461
1397,3.784820303315021,0.8461538461538461
1398,3.6140022179673084,0.8461538461538461
1399,3.6547714963771742,0.7307692307692307
1400,3.983321279722725,0.8846153846153846
1401,3.246356891481847,0.8846153846153846
1402,3.8836922240640073,0.8846153846153846
1403,3.959366190734819,0.9615384615384616
1404,3.3201395963209985,0.8846153846153846
1405,4.214696390534614,0.8461538461538461
1406,4.241716824523383,0.9615384615384616
1407,5.1710451474235315,0.9230769230769231
1408,4.0915675726123055,0.8846153846153846
1409,3.583597578345716,0.8846153846153846
1410,3.1524958858976575,0.8846153846153846
1411,4.258614507339054,0.8846153846153846
1412,4.283310433235314,0.8076923076923077
1413,3.15480268656302,0.8461538461538461
1414,3.9700478495531177,0.8461538461538461
1415,3.2509675094732087,0.7692307692307693
1416,3.1890432142923917,0.7692307692307693
1417,4.873205845519774,0.9230769230769231
1418,4.183243966713497,0.8076923076923077
1419,4.012142303372104,0.7307692307692307
1420,4.649257554333551,0.9615384615384616
1421,2.961852393394449,0.8461538461538461
1422,2.960699725396279,0.8846153846153846
1423,4.398814372821272,0.9230769230769231
1424,3.393571911960847,0.8461538461538461
1425,3.6245865202538536,0.6538461538461539
1426,4.574015775435603,0.8461538461538461
1427,4.108540970762475,0.8461538461538461
1428,3.8304202575351938,0.9230769230769231
1429,4.346176042074485,0.9615384615384616
1430,3.38845204768236,0.6923076923076923
1431,4.648443819463595,0.9230769230769231
1432,3.5845092038873596,0.6538461538461539
1433,2.8658100864197134,0.7692307692307693
1434,2.8643141313638996,0.7692307692307693
1435,2.822666462005593,0.7307692307692307
1436,2.8032851906570904,0.6153846153846154
1437,2.6755521481054014,0.6923076923076923
1438,2.5084676942632935,0.7307692307692307
1439,3.0983098199131045,0.7307692307692307
1440,4.152583997895798,0.8461538461538461
1441,4.192996400695307,0.9615384615384616
1442,5.419400181260995,0.9615384615384616
1443,4.359955740482385,0.9615384615384616
1444,2.6413420146599944,0.6923076923076923
1445,3.916534527402159,0.9230769230769231
1446,2.69048410612885,0.7307692307692307
1447,3.8028623367418204,0.6923076923076923
1448,2.831367888099278,0.7307692307692307
1449,2.961379329077677,0.7307692307692307
1450,2.7498963161495027,0.8461538461538461
1451,5.251714964696492,0.9615384615384616
1452,2.5670525796837285,0.6923076923076923
1453,2.4407746338492164,0.6923076923076923
1454,2.5112169283126717,0.7692307692307693
1455,2.9838551543603247,0.7692307692307693
1456,4.4091014778603315,0.8076923076923077
1457,4.468439701036024,0.9230769230769231
1458,4.677405876963119,0.8076923076923077
1459,2.0827120449632344,0.6923076923076923
1460,4.332759702759472,0.9615384615384616
1461,3.172883412620048,0.7692307692307693
1462,4.3353445147711795,0.9615384615384616
1463,2.902423219588503,0.6538461538461539
1464,4.132925664435808,0.8461538461538461
1465,2.345287303240882,0.7307692307692307
1466,4.1346101175156935,0.8846153846153846
1467,4.2075203912933885,0.9615384615384616
1468,2.3812033553561074,0.8461538461538461
1469,3.238839264059711,0.6538461538461539
1470,2.5226177981075804,0.6923076923076923
1471,2.402740099410618,0.7692307692307693
1472,3.2004425751669636,0.8076923076923077
1473,2.744584274471725,0.7692307692307693
1474,2.491716905924471,0.7692307692307693
1475,3.1546811367112966,0.8461538461538461
1476,3.801988741609382,0.8846153846153846
1477,4.770460507739121,0.6538461538461539
1478,2.7813447223631877,0.7692307692307693
1479,3.238294990654556,0.7307692307692307
1480,4.755285965093256,0.9230769230769231
1481,3.344754260658295,0.6538461538461539
1482,4.9986524928122655,0.8846153846153846
1483,4.379845825428243,0.6923076923076923
1484,3.83386490425458,0.6538461538461539
1485,4.1408537819021065,0.7692307692307693
1486,4.511534853738689,0.8461538461538461
1487,4.305079967046652,0.8846153846153846
1488,4.607015339248353,0.8846153846153846
1489,4.704231678320198,0.9230769230769231
1490,4.8659503041059695,0.8846153846153846
1491,4.557986011173244,0.9615384615384616
1492,4.666060778111461,0.8846153846153846
1493,3.8950392377351046,0.8461538461538461
1494,6.075980476747659,0.9230769230769231
1495,4.241421096471724,0.8846153846153846
1496,3.5988478768957624,0.8846153846153846
1497,3.8634917573862984,0.8076923076923077
1498,4.1660637029926795,0.8846153846153846
1499,3.4933024998206137,0.7692307692307693
1500,5.401982405870616,0.7307692307692307
