# Trial 3: ath=0.0200  reg=1.75e-03  hd=700  L=11  best_er=0.3462
iter,loss,error_rate
1,3.831261773260513,0.7692307692307693
2,3.5662742074702134,0.7307692307692307
3,3.7207059434116836,0.7307692307692307
4,3.8263136379959892,0.7692307692307693
5,3.9292963306001867,0.8076923076923077
6,3.7110315195797314,0.8461538461538461
7,3.614787574686172,0.7692307692307693
8,3.6964241170163397,0.8076923076923077
9,3.737633524050146,0.7692307692307693
10,3.7615332243964352,0.7692307692307693
11,3.628725815721017,0.8461538461538461
12,3.9474651820700877,0.7692307692307693
13,3.9210567270608316,0.8461538461538461
14,3.709043733004597,0.8076923076923077
15,4.117816166712222,0.6923076923076923
16,3.551865281694737,0.8461538461538461
17,3.7760768341585176,0.7307692307692307
18,4.101895570534554,0.8076923076923077
19,4.01353024035485,0.7692307692307693
20,4.04294508667389,0.7692307692307693
21,3.7902653618391935,0.8076923076923077
22,3.9563674251729166,0.8076923076923077
23,3.9640864813467904,0.8076923076923077
24,4.300022158453829,0.7307692307692307
25,3.875453789317327,0.7307692307692307
26,4.4088270527022395,0.8076923076923077
27,3.8338606882663084,0.6923076923076923
28,4.310670949926536,0.7692307692307693
29,5.104406320863298,0.7307692307692307
30,4.063531637636463,0.7307692307692307
31,4.183606862744049,0.7307692307692307
32,3.95729584104358,0.7692307692307693
33,4.072256262327483,0.6538461538461539
34,4.192808698905894,0.7307692307692307
35,4.158478037139,0.7307692307692307
36,4.0746110278168395,0.7692307692307693
37,3.8258165472769514,0.6923076923076923
38,3.644853939546538,0.6923076923076923
39,4.101026049595089,0.6923076923076923
40,3.7362545069939923,0.8461538461538461
41,3.64738616552571,0.8076923076923077
42,3.7829354444926797,0.8076923076923077
43,3.9442429923142375,0.8076923076923077
44,3.840451514109876,0.8461538461538461
45,3.871671334214595,0.8076923076923077
46,3.838797385589305,0.8076923076923077
47,3.721940254188326,0.7692307692307693
48,3.8482903829658603,0.7692307692307693
49,3.7415351384202125,0.8846153846153846
50,3.380981258579305,0.7692307692307693
51,3.833695482759063,0.7692307692307693
52,3.487087218819945,0.8461538461538461
53,3.6486046888564676,0.8076923076923077
54,3.3385809950333436,0.7692307692307693
55,3.631537079976558,0.8076923076923077
56,3.7317415064320354,0.8076923076923077
57,3.450665746240827,0.8461538461538461
58,3.408498175406884,0.7692307692307693
59,3.156088695900305,0.8076923076923077
60,3.423268694143351,0.8461538461538461
61,3.367458370242952,0.8076923076923077
62,3.3618076478044117,0.7692307692307693
63,3.539907506888592,0.8846153846153846
64,3.2178676011169314,0.8076923076923077
65,3.0451374657804084,0.8076923076923077
66,3.2949885165700783,0.7692307692307693
67,3.4935407049783076,0.7307692307692307
68,3.3753113911531307,0.8076923076923077
69,3.6975898575303803,0.8076923076923077
70,3.5218635488398347,0.7692307692307693
71,3.259659544289388,0.6923076923076923
72,3.3179208119115593,0.6923076923076923
73,3.420418220599235,0.8076923076923077
74,3.270674651233956,0.7692307692307693
75,3.126490187250976,0.7307692307692307
76,3.3855379341796006,0.7692307692307693
77,3.374365897497469,0.7692307692307693
78,3.0148318501746454,0.7307692307692307
79,3.1601450620275138,0.7307692307692307
80,3.054023432093765,0.7307692307692307
81,3.4730079138923777,0.7307692307692307
82,3.2661019879034905,0.7307692307692307
83,3.429153624508901,0.8076923076923077
84,2.8386629119373303,0.7307692307692307
85,3.218694347862316,0.6923076923076923
86,3.364517138656963,0.6923076923076923
87,3.5249627022891477,0.7692307692307693
88,3.3464856280656807,0.7307692307692307
89,3.380611270567683,0.7692307692307693
90,3.2081899862520755,0.6538461538461539
91,2.7918358666154317,0.6923076923076923
92,3.081421604711296,0.7307692307692307
93,3.07710334576312,0.7307692307692307
94,2.9545633757763,0.6923076923076923
95,2.8566791010010606,0.6538461538461539
96,3.115990476777759,0.6923076923076923
97,3.37059769813844,0.6923076923076923
98,2.9143965040740243,0.7307692307692307
99,3.0399574380920686,0.6923076923076923
100,3.041514563095068,0.7307692307692307
101,3.2050567321069665,0.6923076923076923
102,2.834315160834758,0.6923076923076923
103,3.0764778267266912,0.7692307692307693
104,2.6714615107030397,0.6923076923076923
105,2.9704568996023752,0.7307692307692307
106,2.7394653695784132,0.7692307692307693
107,2.76923038990685,0.6538461538461539
108,2.8601987922084446,0.6923076923076923
109,2.9234427589010514,0.6538461538461539
110,2.8914330944268087,0.7692307692307693
111,2.615174466077003,0.6923076923076923
112,2.926922034099367,0.6923076923076923
113,2.862714883791938,0.7307692307692307
114,2.426036481145954,0.6538461538461539
115,2.7242013156971634,0.5769230769230769
116,2.763149426394337,0.6153846153846154
117,2.5620319860245853,0.6923076923076923
118,2.9975482347740217,0.6538461538461539
119,2.583028491816451,0.5769230769230769
120,2.727242804487278,0.6923076923076923
121,2.3471472697797795,0.5769230769230769
122,2.6660942535339207,0.6923076923076923
123,2.952107191948355,0.6153846153846154
124,3.18195052339464,0.6923076923076923
125,3.1627511222965254,0.6923076923076923
126,3.163102298586754,0.5769230769230769
127,2.888962070535982,0.5
128,2.5547062669082963,0.6923076923076923
129,2.684405412145798,0.6153846153846154
130,2.964354543594771,0.6538461538461539
131,3.36050929234045,0.6153846153846154
132,2.4101296091998132,0.6923076923076923
133,2.578676215429748,0.6538461538461539
134,2.842748772229207,0.6153846153846154
135,2.0954981567294872,0.6153846153846154
136,2.988027955079989,0.5769230769230769
137,2.679783043737575,0.6923076923076923
138,2.5946566028613955,0.6538461538461539
139,2.5364613355453516,0.6153846153846154
140,2.501331730117538,0.7307692307692307
141,2.3148384326429197,0.5769230769230769
142,2.9057560761563033,0.6538461538461539
143,2.5652845794792434,0.6538461538461539
144,2.282042630573363,0.6923076923076923
145,2.90512089840373,0.6923076923076923
146,2.470910634594119,0.6153846153846154
147,2.6806030973120403,0.6923076923076923
148,2.516869901351309,0.6538461538461539
149,2.4235650750011057,0.6923076923076923
150,2.327532784482242,0.5769230769230769
151,2.2681808987683683,0.5769230769230769
152,2.3088600546683207,0.6153846153846154
153,2.4332731244023793,0.6538461538461539
154,2.3657179322829616,0.5769230769230769
155,2.748548234505242,0.6538461538461539
156,2.5786435048027374,0.5384615384615384
157,2.3908679939287607,0.6153846153846154
158,2.1694344702795387,0.5769230769230769
159,2.4868855498975355,0.5384615384615384
160,2.3089983548872013,0.5
161,2.2475457411057578,0.5384615384615384
162,2.404024805531696,0.5769230769230769
163,2.2688822610860298,0.6153846153846154
164,2.0107950787020776,0.5769230769230769
165,2.19547049339998,0.5
166,2.2111744048525637,0.5384615384615384
167,2.276989185321751,0.5769230769230769
168,2.737424442797858,0.5384615384615384
169,2.5654414756795045,0.5769230769230769
170,2.365414563330198,0.5384615384615384
171,2.0182687119614324,0.6923076923076923
172,2.2460458369006546,0.6153846153846154
173,2.3096607742617934,0.6153846153846154
174,2.401323268583003,0.6153846153846154
175,2.1074230071652735,0.6538461538461539
176,1.9902742567513854,0.7307692307692307
177,2.591671499814616,0.5769230769230769
178,2.0764849073741676,0.6538461538461539
179,1.7801578311959427,0.5
180,2.3076981368351452,0.5
181,2.315060591255888,0.5384615384615384
182,2.406234709233897,0.5384615384615384
183,2.404478294580863,0.6153846153846154
184,1.8318696855812733,0.5384615384615384
185,1.8969069936671845,0.5384615384615384
186,1.9694048323736426,0.5769230769230769
187,1.8785183115215218,0.5
188,1.9340190359275309,0.6538461538461539
189,1.8642133110395456,0.5769230769230769
190,1.9260402394492737,0.5
191,1.735342112277928,0.5
192,1.8613189105296741,0.5769230769230769
193,1.9872569476034916,0.5769230769230769
194,2.1505438200703653,0.5769230769230769
195,1.3261806673660663,0.5769230769230769
196,1.6286134952009912,0.46153846153846156
197,2.036032203157352,0.5769230769230769
198,1.9769090580472852,0.46153846153846156
199,1.884173724347957,0.5
200,1.8401739476813375,0.5384615384615384
201,1.305699857856791,0.5384615384615384
202,1.3838308735942186,0.46153846153846156
203,1.7485022887558879,0.46153846153846156
204,2.3823966680947377,0.6153846153846154
205,1.5834804434827512,0.46153846153846156
206,1.9791150040622933,0.46153846153846156
207,1.9605228935885215,0.5384615384615384
208,1.8740859561454815,0.5
209,2.0822506919343047,0.5
210,1.9216632438787598,0.5
211,1.940104115511537,0.5769230769230769
212,1.7557268836688398,0.46153846153846156
213,2.116833596852402,0.5769230769230769
214,1.9315783073801613,0.5384615384615384
215,1.6062153835809012,0.5
216,1.94351870804764,0.5769230769230769
217,1.8830860559768834,0.6153846153846154
218,2.01526242916466,0.5384615384615384
219,1.776647964307411,0.6538461538461539
220,2.0171979128701585,0.5384615384615384
221,1.6408042293498466,0.5
222,1.5018986496986289,0.5
223,2.127133279584028,0.5384615384615384
224,1.9683466010419206,0.5
225,1.922456622959373,0.46153846153846156
226,1.794383636761283,0.5384615384615384
227,1.8988777440936113,0.46153846153846156
228,1.5604929083076167,0.5384615384615384
229,1.951634111147777,0.5
230,1.8952518377907388,0.6153846153846154
231,1.8570650682781045,0.46153846153846156
232,1.964229156809214,0.46153846153846156
233,1.4504979213088962,0.5384615384615384
234,2.018648026634717,0.5
235,1.730527358926944,0.5384615384615384
236,1.6099315669242182,0.5384615384615384
237,1.8799941428643874,0.5384615384615384
238,1.3716546600602215,0.5
239,1.9071727102605962,0.4230769230769231
240,1.6472892557959828,0.5384615384615384
241,1.690987116977191,0.5384615384615384
242,2.073637942163827,0.46153846153846156
243,1.8575402751050483,0.5384615384615384
244,1.9231939582417723,0.5384615384615384
245,1.9354142109556691,0.5769230769230769
246,1.593527436014959,0.5
247,1.9033293294991431,0.6153846153846154
248,1.725124596821776,0.5
249,1.6236875393110974,0.5769230769230769
250,1.519822021020351,0.5769230769230769
251,1.9562086633580218,0.6153846153846154
252,1.7075300362820005,0.5
253,1.7310415894383993,0.6923076923076923
254,1.7645412442478257,0.5
255,1.544269121517827,0.6153846153846154
256,1.5320562314698476,0.46153846153846156
257,1.8359661189492855,0.6153846153846154
258,1.7152255826336966,0.6153846153846154
259,1.6191590999204888,0.6153846153846154
260,1.5803437181536437,0.6538461538461539
261,1.5192964550019008,0.5
262,1.405273086357893,0.5769230769230769
263,1.8416308299022015,0.5384615384615384
264,1.6706968466695606,0.5384615384615384
265,1.7952999000949315,0.5
266,1.3949976432265898,0.5
267,1.4853356095774588,0.5384615384615384
268,1.269465981051812,0.5769230769230769
269,1.2944749449755752,0.6153846153846154
270,1.607250926367624,0.5384615384615384
271,1.2593361384017783,0.46153846153846156
272,1.6271509983226196,0.5
273,1.7097236075571696,0.6538461538461539
274,1.5634908013794426,0.5
275,1.468688140344968,0.5
276,1.3205236219317231,0.5
277,1.3852919295062047,0.5769230769230769
278,1.527875544279943,0.5384615384615384
279,1.357356040183417,0.5
280,1.338700852389079,0.5
281,1.2234309824194962,0.5
282,1.2579560390759759,0.5769230769230769
283,1.4506507603838203,0.4230769230769231
284,1.1314144870850567,0.46153846153846156
285,1.3750056210792858,0.5384615384615384
286,1.268652529767829,0.5384615384615384
287,1.4373627332533305,0.5769230769230769
288,1.2757121069964115,0.5
289,1.2938098152919877,0.5384615384615384
290,1.5485137675292595,0.46153846153846156
291,1.3967120556268822,0.38461538461538464
292,1.217823134577852,0.5384615384615384
293,1.5803042418517463,0.4230769230769231
294,1.7478141150785411,0.4230769230769231
295,1.243633362538697,0.46153846153846156
296,1.4971920007828925,0.5
297,1.3214924322474197,0.5
298,1.339775182719407,0.5769230769230769
299,1.6154578767609151,0.46153846153846156
300,1.4110197157643483,0.46153846153846156
301,1.6390087043390524,0.4230769230769231
302,1.638221216596843,0.46153846153846156
303,1.4275652627646964,0.5384615384615384
304,1.3805379886354094,0.5384615384615384
305,1.7148164877577003,0.34615384615384615
306,1.3389489170850304,0.5
307,1.6292197783162592,0.5
308,1.3177167478078287,0.5
309,1.5622641285730006,0.5
310,1.4127342640618301,0.46153846153846156
311,1.709729780825094,0.5
312,1.6064943103756082,0.4230769230769231
313,1.6537250088395896,0.5384615384615384
314,1.4800284086971796,0.46153846153846156
315,1.2887293943889482,0.46153846153846156
316,1.4326546215621954,0.46153846153846156
317,1.2828874114953335,0.4230769230769231
318,1.6317435875157993,0.5
319,1.2794404626353995,0.5
320,1.4807758781144469,0.46153846153846156
321,1.6059761180085572,0.46153846153846156
322,1.4987590326633866,0.4230769230769231
323,1.5484142216969037,0.5384615384615384
324,1.6378772786399873,0.46153846153846156
325,1.3251109656601654,0.46153846153846156
326,1.4923722987594252,0.46153846153846156
327,1.495441153094067,0.38461538461538464
328,1.3114523422542623,0.4230769230769231
329,1.5250149449440586,0.34615384615384615
330,1.1796418931189083,0.38461538461538464
331,1.48416141844805,0.46153846153846156
332,1.3239577062630903,0.46153846153846156
333,1.6668931651705803,0.38461538461538464
334,1.4556156691314182,0.5
335,1.5082371725865906,0.38461538461538464
336,1.2612092215206683,0.38461538461538464
337,1.5700990310660685,0.5
338,1.3809057077581248,0.38461538461538464
339,1.4086546060328922,0.4230769230769231
340,1.5310022570947253,0.38461538461538464
341,1.334339456959564,0.5769230769230769
342,1.1291268363741698,0.46153846153846156
343,1.634006224834601,0.38461538461538464
344,1.3588106137921032,0.5
345,1.3731879382853738,0.46153846153846156
346,1.330066699682034,0.5
347,1.3984090346397533,0.46153846153846156
348,1.4651896804415354,0.46153846153846156
349,1.3949346523078292,0.46153846153846156
350,1.4987224537709802,0.5384615384615384
351,1.4315753707639933,0.5384615384615384
352,1.359162949086746,0.5769230769230769
353,1.3132388331903462,0.46153846153846156
354,1.4925257593984242,0.46153846153846156
355,1.3503817977137444,0.46153846153846156
356,1.2079188748730005,0.5
357,1.3273330275413606,0.6153846153846154
358,1.575098050016371,0.5
359,1.5148170496532667,0.5384615384615384
360,1.123985681258179,0.46153846153846156
361,1.3112365991712345,0.5
362,1.2498449483067424,0.46153846153846156
363,1.4522288239623715,0.5769230769230769
364,1.551323562380768,0.5
365,1.491743312717063,0.46153846153846156
366,1.5962746493595292,0.4230769230769231
367,1.396810021281004,0.5384615384615384
368,1.476838830903687,0.5
369,1.4118323650989497,0.5384615384615384
370,1.3365612114877283,0.5
371,1.1739405364097069,0.5384615384615384
372,1.6794662889366623,0.4230769230769231
373,1.3051516061737765,0.5
374,1.329157257176059,0.5384615384615384
375,1.2101156820425727,0.5384615384615384
376,1.3097961080529528,0.5
377,1.5862833414081816,0.6153846153846154
378,1.5792452309032794,0.46153846153846156
379,1.2170892112800007,0.46153846153846156
380,1.0936142292928492,0.5384615384615384
381,1.1688810001678342,0.5
382,1.195020273979037,0.4230769230769231
383,1.4082919258370632,0.5
384,1.4613690302332438,0.4230769230769231
385,1.6275686026279428,0.5769230769230769
386,1.5113119523723202,0.5384615384615384
387,1.2284765670045052,0.46153846153846156
388,1.0944982319663334,0.5
389,1.589045775829627,0.5384615384615384
390,1.5038944762823796,0.5384615384615384
391,1.2561641901260758,0.5384615384615384
392,1.407567967788902,0.5384615384615384
393,1.2749573411760111,0.5
394,1.413025394582325,0.5769230769230769
395,1.369608896200738,0.4230769230769231
396,1.359403453204117,0.5384615384615384
397,1.2224625623732588,0.5
398,1.4151683798730936,0.6153846153846154
399,1.3105275419272169,0.5384615384615384
400,1.2044949599179944,0.5769230769230769
401,1.3987339749105043,0.5769230769230769
402,1.2503453790221086,0.5
403,1.0751809203961442,0.5384615384615384
404,1.1818493704093664,0.5
405,1.5587709906144807,0.5384615384615384
406,1.4557306998525519,0.5
407,1.1706116496273484,0.5384615384615384
408,1.3255829334651112,0.46153846153846156
409,1.4932437881813128,0.5769230769230769
410,1.3181637956644279,0.5
411,1.444477191816246,0.5384615384615384
412,1.2036519014798586,0.5384615384615384
413,1.6647129377474696,0.5
414,1.5171203902983796,0.4230769230769231
415,1.195150067958977,0.5
416,1.394391158726391,0.46153846153846156
417,1.199530617934368,0.5384615384615384
418,1.405341984998763,0.5
419,1.3169579182838191,0.5384615384615384
420,1.380630956278813,0.5384615384615384
421,1.1391256024928897,0.5
422,1.4279210573725214,0.5
423,1.5306128179646654,0.5769230769230769
424,1.2273171763521173,0.46153846153846156
425,1.2108185295090852,0.5
426,1.494551571365791,0.46153846153846156
427,1.419901820953013,0.5384615384615384
428,1.2037632445720896,0.5
429,1.2744780253946453,0.46153846153846156
430,1.1908126667964618,0.4230769230769231
431,1.2241810846876204,0.5384615384615384
432,1.398305488076315,0.5384615384615384
433,0.9472921798051854,0.5
434,1.2114330376335194,0.5384615384615384
435,1.33603773223176,0.5
436,1.244399803327794,0.4230769230769231
437,1.181546182758781,0.5
438,1.275524399437347,0.5
439,1.11333346884031,0.5
440,1.2464418578361163,0.5384615384615384
441,1.4488581215003036,0.5384615384615384
442,1.3152443049521128,0.46153846153846156
443,1.2829744916236745,0.46153846153846156
444,1.3489831561065846,0.5769230769230769
445,1.0853138914559244,0.5
446,1.2613271545678164,0.5
447,1.187939789980132,0.5384615384615384
448,1.1956841111360144,0.6153846153846154
449,1.4683653622264445,0.46153846153846156
450,1.2010678861157422,0.5769230769230769
451,1.1383639225000435,0.5
452,1.467082615818539,0.5
453,1.1893628860677876,0.5769230769230769
454,1.1796304264685018,0.5384615384615384
455,1.1550984483205156,0.5
456,1.1784772742658884,0.6153846153846154
457,1.270289111211818,0.5769230769230769
458,1.330532749356077,0.6153846153846154
459,1.239481951323191,0.5769230769230769
460,1.1889201061855283,0.5384615384615384
461,1.2464582041017636,0.5769230769230769
462,1.3778807763841474,0.5384615384615384
463,1.091708127220278,0.6153846153846154
464,1.1389436308014087,0.5769230769230769
465,1.1222507140747744,0.5769230769230769
466,1.1740257069031759,0.5769230769230769
467,1.0153347070909486,0.5384615384615384
468,1.2788378115723438,0.5769230769230769
469,1.0233389450497823,0.5384615384615384
470,1.3435834570941285,0.5769230769230769
471,1.1907272596793672,0.5769230769230769
472,1.1323385679523614,0.5769230769230769
473,1.1026782815986231,0.6153846153846154
474,1.1449327993191267,0.6538461538461539
475,1.042786058247549,0.5384615384615384
476,1.0000369196986987,0.5384615384615384
477,1.1348161968904282,0.5384615384615384
478,1.1166300031111462,0.6153846153846154
479,1.084276349706324,0.5769230769230769
480,1.053118735415039,0.5384615384615384
481,0.9682501829908192,0.5769230769230769
482,1.1375917484476041,0.6153846153846154
483,0.9681443801712111,0.5384615384615384
484,0.8978573846994524,0.6153846153846154
485,1.1566259401437977,0.5
486,1.075838461412177,0.5384615384615384
487,0.9795423806143391,0.5769230769230769
488,1.036003922382077,0.5769230769230769
489,1.2725062437455428,0.5384615384615384
490,1.0571451936487315,0.5
491,1.2276042824789302,0.6153846153846154
492,1.0821105032244502,0.5384615384615384
493,1.1201477723351116,0.5384615384615384
494,0.9543330325851356,0.5384615384615384
495,1.11242137582862,0.6538461538461539
496,1.2067867451293552,0.5384615384615384
497,1.0118016059140351,0.6153846153846154
498,0.9225921124794638,0.5769230769230769
499,1.0529197454625727,0.5
500,1.0387551177713998,0.5769230769230769
501,0.8681042168193223,0.5384615384615384
502,1.0450698211765403,0.46153846153846156
503,0.8690708142962214,0.46153846153846156
504,0.8688593725999132,0.5
505,1.2564047992393268,0.5384615384615384
506,1.0927148331576195,0.6153846153846154
507,0.9395817286184154,0.5
508,1.0833634291594536,0.5769230769230769
509,1.1409020177860907,0.5769230769230769
510,0.9582604328454147,0.5769230769230769
511,1.0288891924792591,0.5384615384615384
512,1.033451021152306,0.5384615384615384
513,1.208326419602852,0.5384615384615384
514,1.129091891257858,0.5384615384615384
515,1.1435486418950758,0.6153846153846154
516,1.1421686116858414,0.5769230769230769
517,1.0566731730665078,0.6153846153846154
518,1.0351025706591814,0.5
519,1.2026134914433335,0.6153846153846154
520,1.1572453343522873,0.5384615384615384
521,1.108171465664343,0.5384615384615384
522,1.2343474953277445,0.5769230769230769
523,1.1543106030239059,0.5
524,1.0648759989720418,0.5384615384615384
525,0.9661706789029627,0.5384615384615384
526,1.0587339753661729,0.5
527,1.0578261826631552,0.5384615384615384
528,1.0228478670780485,0.5769230769230769
529,1.0049083283677644,0.5769230769230769
530,0.8873260170578288,0.5769230769230769
531,1.2887444908802215,0.5384615384615384
532,1.103492006503905,0.5769230769230769
533,1.1493766745808753,0.5
534,0.9496542487230406,0.5769230769230769
535,1.186405596562929,0.5384615384615384
536,0.9738041553574392,0.5
537,0.9624728408553596,0.5
538,0.9085388112772228,0.5384615384615384
539,1.2213109809564542,0.5384615384615384
540,0.9840766679770079,0.5
541,1.090549877534059,0.5384615384615384
542,0.9781144167544169,0.5769230769230769
543,1.0655427438859988,0.5769230769230769
544,1.1135873640741176,0.5
545,0.7725146198535144,0.5384615384615384
546,1.03971790064204,0.5384615384615384
547,0.9349589819997672,0.5384615384615384
548,0.9717908525910035,0.5384615384615384
549,1.0711860358549337,0.5769230769230769
550,1.159999617387939,0.5
551,0.9802424485454115,0.5769230769230769
552,1.0604570262414055,0.6153846153846154
553,1.232286298923598,0.46153846153846156
554,1.0080880260537874,0.46153846153846156
555,0.8993281484859175,0.6923076923076923
556,0.9473432429677016,0.5384615384615384
557,0.9537209264155009,0.5384615384615384
558,0.9747300199990114,0.5769230769230769
559,1.1801202018403139,0.46153846153846156
560,0.8964436172425576,0.46153846153846156
561,1.2008060293511331,0.5769230769230769
562,1.0578583449909522,0.46153846153846156
563,0.9382196386477291,0.5384615384615384
564,1.0385100681401855,0.5
565,0.8248200276885065,0.4230769230769231
566,0.9096942341069352,0.5769230769230769
567,0.8732887786987562,0.5769230769230769
568,0.9117915757920461,0.5384615384615384
569,0.9407907836594886,0.5
570,1.12170427583502,0.5384615384615384
571,0.9721976162816368,0.5
572,0.9694025982609769,0.5
573,0.8959097227344182,0.5384615384615384
574,0.7578670836664969,0.5
575,0.8660886252624969,0.5
576,1.0348286411622936,0.5
577,0.9729506708985656,0.5384615384615384
578,0.9028812174214735,0.5
579,0.9364340219877776,0.5
580,0.8003519025822232,0.5
581,0.8669311948056873,0.5769230769230769
582,0.9294155439157357,0.5
583,0.9141447752048872,0.5384615384615384
584,0.9797982702542729,0.6153846153846154
585,1.0665981622230714,0.5
586,0.7305345685214593,0.46153846153846156
587,0.7582598832024572,0.6153846153846154
588,0.9603723770809229,0.5384615384615384
589,0.8763860574306013,0.6153846153846154
590,1.0337866428383653,0.5
591,0.8872982609452444,0.5769230769230769
592,0.9480163074196324,0.5769230769230769
593,0.8347644343001837,0.5769230769230769
594,0.8734294184083926,0.5
595,1.0064524872475276,0.6153846153846154
596,0.9064008250951638,0.5769230769230769
597,0.895819070573225,0.5384615384615384
598,0.8721814929836365,0.5
599,0.8582641791934984,0.5384615384615384
600,0.8706280326436269,0.5
601,0.8234444219431629,0.5384615384615384
602,0.7932686862918894,0.5384615384615384
603,0.941063433408571,0.5769230769230769
604,0.9638713193183723,0.5384615384615384
605,1.005757730557648,0.5
606,0.9040824239273211,0.5384615384615384
607,0.7498861549717857,0.5769230769230769
608,0.8478988289114628,0.46153846153846156
609,0.7961758271268935,0.46153846153846156
610,0.9664563165032898,0.5
611,0.6875892941238186,0.5
612,0.8273840958934335,0.5384615384615384
613,0.8684794638280162,0.5384615384615384
614,0.7788177209914338,0.5384615384615384
615,0.8304760104503077,0.5
616,0.8402883280159341,0.5384615384615384
617,0.6765999212433496,0.5384615384615384
618,0.7550338678747077,0.5
619,0.8593272938768552,0.46153846153846156
620,0.8950353050521072,0.4230769230769231
621,0.8927743876906367,0.5769230769230769
622,0.7235587524427718,0.46153846153846156
623,0.9621842049317899,0.5
624,0.7804502190425975,0.5384615384615384
625,0.8752205200870442,0.46153846153846156
626,0.8879192745018036,0.5
627,0.8032607268377392,0.5384615384615384
628,0.9422608576345826,0.5384615384615384
629,0.8911358601357491,0.4230769230769231
630,0.8885437605917619,0.5769230769230769
631,0.822243341677368,0.5769230769230769
632,0.7498187561719316,0.46153846153846156
633,0.806094407989911,0.46153846153846156
634,0.9182977733494107,0.5384615384615384
635,0.7142881018330178,0.5384615384615384
636,0.7988762104179967,0.5384615384615384
637,0.7912602577555456,0.46153846153846156
638,0.6901022051407901,0.46153846153846156
639,0.5732571735166001,0.46153846153846156
640,0.9302191741356292,0.5384615384615384
641,0.8829846197238767,0.5384615384615384
642,0.7236737191551592,0.5384615384615384
643,0.7808509426484029,0.46153846153846156
644,0.6764761133194694,0.4230769230769231
645,0.7929795888289823,0.5384615384615384
646,0.9201038243520059,0.5
647,0.9029276311202257,0.5
648,0.5337660627751157,0.5
649,0.7184257594297305,0.5769230769230769
650,0.7819232821258462,0.5
651,0.5093587181883135,0.4230769230769231
652,0.7349532839845141,0.5
653,0.6569286498022637,0.5
654,0.49933702852591155,0.5769230769230769
655,0.4566021462167815,0.5
656,0.8957093445080155,0.6153846153846154
657,0.6065575437953892,0.5384615384615384
658,0.5528147857334949,0.5384615384615384
659,0.6599699288077421,0.5
660,0.7065482033891981,0.5384615384615384
661,0.7374528957021735,0.5
662,0.9477673667322775,0.5
663,0.662194003299966,0.5
664,0.6932763982001071,0.5
665,0.7814635730578132,0.5384615384615384
666,0.47228745772864933,0.5769230769230769
667,0.7334093693919601,0.5384615384615384
668,0.8020986791695233,0.5
669,0.6599033966109333,0.5384615384615384
670,0.6495818802507389,0.5384615384615384
671,0.580892702140781,0.5
672,0.7128492281144441,0.5384615384615384
673,0.5373761727696564,0.5769230769230769
674,0.6888999633087289,0.5384615384615384
675,0.7398806302765175,0.5384615384615384
676,0.5201505731881961,0.38461538461538464
677,0.736440613533444,0.46153846153846156
678,0.5748480343911755,0.5384615384615384
679,0.7520877899573315,0.5384615384615384
680,0.6153117260838132,0.5
681,0.6962591859090681,0.4230769230769231
682,0.5453295043959381,0.46153846153846156
683,0.7939604547644725,0.5384615384615384
684,0.7623418667011608,0.5
685,0.7830743512356211,0.46153846153846156
686,0.7742302341876828,0.46153846153846156
687,0.9256941779348979,0.5
688,0.6662527364704429,0.5384615384615384
689,0.5779872704078826,0.5
690,0.9238672186998285,0.5384615384615384
691,0.6473200505724623,0.5384615384615384
692,0.8770415664945803,0.46153846153846156
693,0.7895082327539096,0.46153846153846156
694,0.6574160286263409,0.5384615384615384
695,0.7578645543887608,0.46153846153846156
696,0.7372135655549172,0.5
697,0.5687950815140885,0.4230769230769231
698,0.8588429918908131,0.46153846153846156
699,0.7240138141088974,0.4230769230769231
700,0.6522454413444221,0.34615384615384615
701,0.9994911964900433,0.5
702,0.8709954897236507,0.5384615384615384
703,1.0313139524271118,0.46153846153846156
704,4.102808449996077,0.8846153846153846
705,1.8772617193578633,0.5
706,1.364829642407913,0.5769230769230769
707,1.4883036159246648,0.5769230769230769
708,3.8043617185464775,0.9230769230769231
709,1.3063846621155006,0.5769230769230769
710,1.403610640772352,0.5384615384615384
711,1.6880404408004057,0.5384615384615384
712,2.1831218796978478,0.6923076923076923
713,2.0954324804281477,0.6153846153846154
714,3.985438876243654,0.6538461538461539
715,4.421841440463471,0.8076923076923077
716,1.8577786842956017,0.5384615384615384
717,2.583644851974581,0.6538461538461539
718,1.5119505999702838,0.5769230769230769
719,2.1836022687032557,0.5384615384615384
720,1.9124441173039797,0.5769230769230769
721,1.851042695395783,0.6538461538461539
722,2.62717303818172,0.6153846153846154
723,1.5669803777032252,0.6923076923076923
724,1.3313995958680338,0.5384615384615384
725,1.364764311154606,0.6153846153846154
726,3.172062198777268,0.5
727,1.4729332620589144,0.5769230769230769
728,3.8914356482580823,0.5769230769230769
729,1.3419357103063643,0.5384615384615384
730,1.4000241770801487,0.46153846153846156
731,1.988733291317072,0.5
732,2.0612764325604482,0.46153846153846156
733,1.3070532911367523,0.5
734,3.1614589559085133,0.6923076923076923
735,4.29027927377644,0.7307692307692307
736,2.439231508831476,0.8076923076923077
737,1.4314899286759404,0.5
738,1.300932450078504,0.46153846153846156
739,1.5879659165276472,0.5384615384615384
740,1.7250104790464618,0.4230769230769231
741,3.4190778831920303,0.6923076923076923
742,1.5090835231768056,0.4230769230769231
743,1.7861039201024516,0.5
744,2.9636121656168015,0.6153846153846154
745,2.2180977842892924,0.5384615384615384
746,4.390433824077546,0.8461538461538461
747,4.820479020389202,0.8076923076923077
748,2.415353716378296,0.46153846153846156
749,4.314001634744455,0.8461538461538461
750,2.042783268136569,0.5
751,2.237666216984037,0.6538461538461539
752,2.9362910567332645,0.6538461538461539
753,2.2809845259708528,0.5769230769230769
754,2.704769823840163,0.4230769230769231
755,2.262779428609911,0.34615384615384615
756,2.4565453884080775,0.5384615384615384
757,5.087762532695982,0.9230769230769231
758,3.3928103291208216,0.7307692307692307
759,2.518162881866748,0.5384615384615384
760,2.8906692733985917,0.5384615384615384
761,2.5812083271814883,0.6153846153846154
762,4.336106134702526,0.8846153846153846
763,3.8196139512082956,0.6923076923076923
764,4.13537232426712,0.7307692307692307
765,2.563764526369932,0.5769230769230769
766,4.12478606720125,0.8076923076923077
767,2.9273700556730455,0.5
768,2.7313038224878827,0.6153846153846154
769,2.8160231612982605,0.6153846153846154
770,4.807976826206357,0.8461538461538461
771,2.99540394329674,0.6923076923076923
772,2.8681474455975673,0.6153846153846154
773,3.82419729483081,0.6923076923076923
774,2.6215666051382236,0.5769230769230769
775,2.7088595215437365,0.6153846153846154
776,3.5863722644747127,0.5769230769230769
777,4.507118929006603,0.8461538461538461
778,2.9077474013158864,0.6538461538461539
779,5.718471040209057,0.8076923076923077
780,3.764493242778057,0.7692307692307693
781,3.263399406983776,0.6538461538461539
782,2.800776715027152,0.5384615384615384
783,2.924406238472403,0.5769230769230769
784,2.911349517843905,0.6153846153846154
785,2.47888431347617,0.5384615384615384
786,2.421340972994911,0.6153846153846154
787,2.9870123106658992,0.6153846153846154
788,3.5049724100572024,0.7307692307692307
789,3.539612612969081,0.7307692307692307
790,4.350817451021653,0.8461538461538461
791,5.802551045738511,0.9230769230769231
792,3.4512846875691423,0.8076923076923077
793,3.152237995081836,0.6923076923076923
794,2.9928348580859296,0.6153846153846154
795,3.0638837262246335,0.6923076923076923
796,3.738042081164713,0.8076923076923077
797,4.436288268495421,0.8461538461538461
798,3.9704770775776925,0.8846153846153846
799,4.134382785099858,0.8846153846153846
800,3.9561044595413994,0.8846153846153846
801,5.11833784747542,0.9230769230769231
802,3.9408307420336643,0.9230769230769231
803,4.01231087617817,0.9230769230769231
804,4.315440007292108,0.9230769230769231
805,4.224759163066541,0.9230769230769231
806,4.274312614250967,0.9230769230769231
807,4.382147550755048,0.8846153846153846
808,3.544565252926856,0.8076923076923077
809,4.101205994326564,0.8846153846153846
810,4.184681518055902,0.8461538461538461
811,3.778170703449858,0.8076923076923077
812,4.510468866621125,0.7692307692307693
813,4.059195713997669,0.8846153846153846
814,4.65679731143223,0.9615384615384616
815,4.546159257952089,0.8076923076923077
816,4.227015397377837,0.7692307692307693
817,4.4347524325124725,0.8461538461538461
818,4.644490628053492,0.8461538461538461
819,4.800960529305713,0.8076923076923077
820,3.9703462565781007,0.7692307692307693
821,4.148777258960206,0.9230769230769231
822,5.562241935381515,0.7692307692307693
823,4.38681861180284,0.8461538461538461
824,4.297664062084039,0.8461538461538461
825,3.9733056626357324,0.8076923076923077
826,4.175970139999638,0.8461538461538461
827,4.475486410078382,0.8846153846153846
828,4.572264417806098,0.8846153846153846
829,4.393375636437788,0.9615384615384616
830,4.653441284556631,0.9615384615384616
831,4.493055710739127,0.9230769230769231
832,4.764378959646832,0.9230769230769231
833,4.321806673521638,0.9230769230769231
834,4.564952645687151,0.9230769230769231
835,4.174049991818656,0.9230769230769231
836,4.042937526096335,0.8846153846153846
837,4.45114589590517,0.8461538461538461
838,4.134692956369862,0.9230769230769231
839,3.431429179935934,0.8846153846153846
840,3.4911349526510906,0.8461538461538461
841,3.2240179127713664,0.8846153846153846
842,3.2863056053229283,0.9230769230769231
843,3.773413143960139,0.9615384615384616
844,4.188506167065133,0.8076923076923077
845,4.52549591390807,0.8461538461538461
846,4.352084577222901,0.8076923076923077
847,4.235483695291939,0.7692307692307693
848,3.8880728153712827,0.8461538461538461
849,3.853563425001853,0.7692307692307693
850,4.191892790425061,0.8461538461538461
851,3.8656607301997177,0.8076923076923077
852,4.131152955471394,0.8461538461538461
853,4.295375125091451,0.8461538461538461
854,3.940860544925928,0.8846153846153846
855,3.7341673224318224,0.6923076923076923
856,3.7661552147936814,0.7692307692307693
857,4.0993151498267455,0.6538461538461539
858,4.121827783763416,0.7307692307692307
859,3.6927724049911888,0.9230769230769231
860,4.049950549246736,0.6923076923076923
861,3.634239321897585,0.7307692307692307
862,4.764749692569078,0.9230769230769231
863,4.096210631735956,0.7307692307692307
864,4.390226544435928,0.7692307692307693
865,4.191158234068783,0.8076923076923077
866,4.136015476302516,0.8461538461538461
867,3.829175442394164,0.8076923076923077
868,4.011964897855209,0.8076923076923077
869,4.324047601995498,0.9615384615384616
870,3.95411187556219,0.9615384615384616
871,4.170884684527345,1.0
872,4.949630440445224,0.8846153846153846
873,4.32324260870262,0.8846153846153846
874,4.637297626454862,0.8846153846153846
875,4.556312506293414,0.8846153846153846
876,3.838915953549056,0.8461538461538461
877,4.402304421362587,0.9615384615384616
878,4.3095214187722695,0.8846153846153846
879,3.4926461485581477,0.9230769230769231
880,3.883029434877802,0.9230769230769231
881,4.127947561432383,0.9230769230769231
882,3.975625279749117,0.9230769230769231
883,4.462343198943667,0.9230769230769231
884,4.811025086633134,0.8461538461538461
885,4.990663674979837,0.8846153846153846
886,4.588763216759752,0.8846153846153846
887,4.734143206678528,0.9230769230769231
888,4.867775853802281,0.9230769230769231
889,4.077937103868323,0.8846153846153846
890,4.347952057846124,0.8461538461538461
891,3.827170370691763,0.7307692307692307
892,3.8453848219647755,0.7307692307692307
893,4.217928675297577,0.9230769230769231
894,4.119123483813791,0.9230769230769231
895,3.622720846855583,0.8076923076923077
896,4.424822903781322,0.9230769230769231
897,3.7574733101407576,0.7692307692307693
898,3.9656570304707652,0.7692307692307693
899,3.591445988113654,0.8846153846153846
900,3.5779808414957532,0.8461538461538461
901,5.400725723488171,0.7692307692307693
902,4.133290627967549,0.8846153846153846
903,4.008259670221965,0.8846153846153846
904,4.633249591858754,0.9230769230769231
905,3.9632889660992374,0.8846153846153846
906,4.068001449209886,0.9230769230769231
907,4.439494122182027,0.9230769230769231
908,4.073028804855497,0.8461538461538461
909,4.061456258876049,0.8076923076923077
910,3.96320918303203,0.8461538461538461
911,4.884860233591603,0.8846153846153846
912,4.490254321096283,0.8846153846153846
913,4.414416193795702,0.8461538461538461
914,3.611165086701095,0.7692307692307693
915,3.3751011894409837,0.8461538461538461
916,5.044273740985322,0.8461538461538461
917,4.021354925487409,0.8461538461538461
918,3.09184431542072,0.7307692307692307
919,2.3964578938327694,0.6923076923076923
920,3.1889824317951185,0.6923076923076923
921,3.899298495443066,0.8076923076923077
922,3.163798556015859,0.6923076923076923
923,3.138288053027904,0.7307692307692307
924,3.2618930234080556,0.7692307692307693
925,2.60761793430831,0.6923076923076923
926,2.971107040120799,0.6923076923076923
927,3.519131331877425,0.6538461538461539
928,3.166424486618953,0.8846153846153846
929,3.0764031716773355,0.8846153846153846
930,3.2823110020915784,0.8076923076923077
931,3.5349291486501926,0.8461538461538461
932,3.6549518993927244,0.9230769230769231
933,3.7144946940422248,0.8461538461538461
934,3.679143312781819,0.8076923076923077
935,3.401465137001471,0.8076923076923077
936,3.683614575835078,0.7307692307692307
937,3.5764361642497855,0.6923076923076923
938,4.190382141193373,0.8461538461538461
939,3.9889591109977123,0.8461538461538461
940,4.068373698629502,0.7692307692307693
941,4.133695295279726,1.0
942,5.347636365018309,0.9615384615384616
943,4.342308538809674,0.8461538461538461
944,4.8445464391893625,0.9615384615384616
945,3.299089384499532,0.8076923076923077
946,3.8546488071230076,0.7692307692307693
947,3.454837786074349,0.6923076923076923
948,5.281598441872197,0.8076923076923077
949,3.491832713065347,0.6923076923076923
950,3.9122389391429264,0.6538461538461539
951,3.399657406826138,0.5769230769230769
952,3.124535754941437,0.6153846153846154
953,3.4471845618476227,0.6538461538461539
954,4.183015006080714,0.8076923076923077
955,3.524904326894078,0.6923076923076923
956,3.5006466919417236,0.6538461538461539
957,3.3952463014509564,0.7307692307692307
958,4.479839384436622,0.8076923076923077
959,3.6139214662347134,0.6538461538461539
960,3.5029406301400914,0.7307692307692307
961,3.1553903502439353,0.6538461538461539
962,3.9809987438668792,0.7692307692307693
963,5.406397813230936,0.7692307692307693
964,3.5107455856929426,0.6923076923076923
965,3.628773634198405,0.7692307692307693
966,3.9960744439451448,0.8846153846153846
967,3.6355004810493528,0.9615384615384616
968,4.048173902342746,0.8846153846153846
969,3.710251893254971,0.8846153846153846
970,3.9669645241235756,0.8461538461538461
971,5.105162684513385,0.8076923076923077
972,4.350204338745479,0.7692307692307693
973,3.430494088319911,0.7307692307692307
974,2.948219088187552,0.7307692307692307
975,3.3012677649186597,0.6538461538461539
976,3.316725552505545,0.7307692307692307
977,2.5559987315911057,0.8076923076923077
978,3.9513314265329655,0.8076923076923077
979,2.6649083019943363,0.7307692307692307
980,3.4095074974799866,0.7692307692307693
981,3.2394305958223626,0.7692307692307693
982,2.7577898937335164,0.7307692307692307
983,3.5996597712401877,0.7692307692307693
984,2.8117771847850874,0.8076923076923077
985,4.215982109575896,0.8846153846153846
986,3.6621842012070642,0.7307692307692307
987,2.9373456859827884,0.7692307692307693
988,3.2223914566022756,0.7692307692307693
989,3.2182784212653286,0.7307692307692307
990,3.0396363261698793,0.7692307692307693
991,3.1373112863625243,0.6153846153846154
992,3.881471802728287,0.6538461538461539
993,3.1925862775285063,0.8846153846153846
994,4.8808520200730605,0.7307692307692307
995,4.974985245033676,0.7692307692307693
996,3.5519421232323483,0.8076923076923077
997,3.954827567108554,0.8461538461538461
998,3.5603122527939934,0.7307692307692307
999,4.599955068830884,0.8076923076923077
1000,3.661081258710382,0.6923076923076923
1001,4.480747035085227,0.7307692307692307
1002,3.957543881526359,0.8846153846153846
1003,3.594638065603097,0.8461538461538461
1004,4.427989351533652,0.8076923076923077
1005,3.2252900966191156,0.8461538461538461
1006,3.5214561877990365,0.8461538461538461
1007,3.0478557706903286,0.7307692307692307
1008,3.451856011792284,0.9615384615384616
1009,4.724662443864841,0.9230769230769231
1010,4.6282899834762645,0.9230769230769231
1011,4.271764680778665,0.9615384615384616
1012,4.485452896367474,0.6923076923076923
1013,4.196935290328577,0.8076923076923077
1014,4.0368589343714145,0.9230769230769231
1015,3.949784734125142,0.8846153846153846
1016,3.773636816791759,0.9615384615384616
1017,3.6493934399955634,0.8461538461538461
1018,4.902553793853474,0.9230769230769231
1019,5.670353529660891,0.8076923076923077
1020,4.099066642405651,0.9230769230769231
1021,4.8265566942152525,0.9230769230769231
1022,5.766825491569529,1.0
1023,4.205297928422354,0.9230769230769231
1024,4.07926563983471,0.8846153846153846
1025,4.155608306290475,0.9615384615384616
1026,4.195316222776461,0.9615384615384616
1027,4.984196700627948,0.9230769230769231
1028,4.59065075709953,0.8461538461538461
1029,3.3598952410178704,0.8076923076923077
1030,3.8610633346556265,0.9230769230769231
1031,5.232497089225171,0.8461538461538461
1032,3.6867568639521204,0.8461538461538461
1033,3.5724144925573555,0.8846153846153846
1034,4.244529289205918,0.9230769230769231
1035,4.3806987010661125,0.9615384615384616
1036,3.419515198796693,0.7692307692307693
1037,3.546493826420518,0.7307692307692307
1038,3.4829909148270892,0.6923076923076923
1039,3.1421468482522577,0.5769230769230769
1040,2.9022005878189954,0.6538461538461539
1041,3.322004514957399,0.7307692307692307
1042,3.2817845838132897,0.5769230769230769
1043,3.082456810568098,0.8076923076923077
1044,2.771083599290979,0.8461538461538461
1045,3.0138010096084704,0.6538461538461539
1046,3.4377959891718506,0.7307692307692307
1047,4.2938067650717615,0.8076923076923077
1048,4.039950695663986,0.7307692307692307
1049,3.654025635101207,0.6538461538461539
1050,3.0532325063670602,0.6538461538461539
1051,3.9884437138998576,0.8076923076923077
1052,3.811899284198716,0.7692307692307693
1053,2.9758988517277025,0.6923076923076923
1054,4.926910702556518,0.8461538461538461
1055,3.3834423235750313,0.6153846153846154
1056,3.411012076449743,0.7307692307692307
1057,3.236064723891361,0.6923076923076923
1058,4.264785474513967,0.8846153846153846
1059,2.974300505972366,0.6538461538461539
1060,3.4542742996697076,0.6923076923076923
1061,4.401897600655833,0.7307692307692307
1062,3.9976154324141926,0.8846153846153846
1063,4.507567073661022,0.8076923076923077
1064,4.267272691357618,0.8076923076923077
1065,3.8107842075889944,0.8461538461538461
1066,4.2661101738357345,0.8461538461538461
1067,3.499721268537959,0.7692307692307693
1068,5.5833092717331745,0.8461538461538461
1069,3.6823959612917085,0.7692307692307693
1070,4.863614682657079,0.9230769230769231
1071,3.3269813598512004,0.8846153846153846
1072,3.9972941588880073,0.8846153846153846
1073,3.8768265821699077,0.9230769230769231
1074,3.6142741197139756,0.8846153846153846
1075,4.012714965360735,0.8461538461538461
1076,3.7592172588807746,0.9615384615384616
1077,5.163574255460551,0.9615384615384616
1078,3.8853276761504505,0.8846153846153846
1079,3.767697573881454,0.8846153846153846
1080,3.803277931964818,0.8846153846153846
1081,4.298570531435031,0.9615384615384616
1082,4.694073705688915,0.8461538461538461
1083,4.322193711366785,0.7692307692307693
1084,4.649207594459353,0.8846153846153846
1085,4.088014028605809,0.9230769230769231
1086,4.577319662196922,0.8846153846153846
1087,4.4363508490932695,0.8076923076923077
1088,5.217456080848424,0.9230769230769231
1089,4.179579591691153,0.7692307692307693
1090,3.9305833331034274,0.8461538461538461
1091,4.411461295472782,0.8846153846153846
1092,4.102871247229205,0.9615384615384616
1093,4.333940755052823,0.8846153846153846
1094,4.538549602861045,0.8461538461538461
1095,4.633136393632445,0.8846153846153846
1096,4.107819666480304,0.8846153846153846
1097,4.137621877331715,0.8846153846153846
1098,4.49121073592349,0.8846153846153846
1099,4.218419998504336,0.8076923076923077
1100,4.4047625118024545,0.8846153846153846
1101,4.130272458832146,0.8076923076923077
1102,4.266017151521764,0.9230769230769231
1103,3.8341371627149963,0.8846153846153846
1104,3.7291621186468094,0.8461538461538461
1105,3.9823405860567305,0.8461538461538461
1106,3.9589073519230475,0.8076923076923077
1107,3.3723696272221506,0.9230769230769231
1108,3.649300241373914,0.9615384615384616
1109,3.7883019618358684,0.9230769230769231
1110,3.217093430283078,0.9230769230769231
1111,3.472734388585309,0.8846153846153846
1112,2.793674248919247,0.8461538461538461
1113,3.0070426500481027,0.8461538461538461
1114,3.518672476539595,0.9615384615384616
1115,3.5653578346172314,0.8076923076923077
1116,3.2668024366310076,0.8461538461538461
1117,3.0371016403748023,0.7692307692307693
1118,3.8990932872480233,0.8076923076923077
1119,4.784043041825454,0.9230769230769231
1120,4.187277325934525,0.9615384615384616
1121,3.1289093895295683,0.8076923076923077
1122,3.7754174229937125,0.8461538461538461
1123,3.9929980988549474,0.8461538461538461
1124,3.9323932390344365,0.8076923076923077
1125,3.6434819029312244,0.7692307692307693
1126,3.712245879712274,0.7692307692307693
1127,4.160595682717165,0.7692307692307693
1128,4.526429532700005,0.8846153846153846
1129,4.811684267624003,0.8461538461538461
1130,4.374980367965032,0.9230769230769231
1131,4.826041356592757,0.9615384615384616
1132,4.165942260672066,0.8461538461538461
1133,4.68086889843522,0.8461538461538461
1134,5.761127267935953,0.9230769230769231
1135,4.254971412064624,0.8461538461538461
1136,4.29647707770496,0.8846153846153846
1137,4.294489034796097,0.8846153846153846
1138,3.4287178296146283,0.9615384615384616
1139,3.7759569084123705,0.9230769230769231
1140,3.4596878237835815,0.9615384615384616
1141,3.639707723411327,0.8846153846153846
1142,4.810535112411486,0.8846153846153846
1143,3.761228542500347,0.9230769230769231
1144,3.8779853291663637,0.9230769230769231
1145,3.638219086527246,0.8076923076923077
1146,3.9137877003106083,0.6923076923076923
1147,3.5794561828493094,0.7307692307692307
1148,3.876668684073544,1.0
1149,4.003902837766521,0.8076923076923077
1150,3.9641667071393223,0.9230769230769231
1151,3.3783268457499958,0.8461538461538461
1152,3.529818276095355,0.8461538461538461
1153,3.509805255842946,0.9615384615384616
1154,4.039852941310955,0.8846153846153846
1155,3.662164901947637,0.9615384615384616
1156,3.6623196784578367,0.8461538461538461
1157,3.2843370399850538,0.7692307692307693
1158,2.907596940323509,0.7692307692307693
1159,3.993123729040669,0.7692307692307693
1160,3.185242170110182,0.8846153846153846
1161,3.3107816406503328,0.8846153846153846
1162,3.387776634290323,0.9230769230769231
1163,4.1177026248839335,0.8461538461538461
1164,5.106281821150084,0.8461538461538461
1165,3.6377612370597645,0.9615384615384616
1166,3.9209766439363714,0.9230769230769231
1167,4.580615922416911,1.0
1168,7.8426677733965136,0.7692307692307693
1169,4.460512356569195,1.0
1170,4.478645275928303,0.9230769230769231
1171,4.159773051993864,0.9230769230769231
1172,4.711414061407914,0.8846153846153846
1173,4.350598075814448,0.9230769230769231
1174,4.326595246125001,0.9230769230769231
1175,4.328559564717792,0.9230769230769231
1176,4.696503843740561,0.8846153846153846
1177,4.780672571950417,0.9230769230769231
1178,5.012603878666171,0.8076923076923077
1179,3.965841390773166,0.8461538461538461
1180,4.483733219701029,0.8461538461538461
1181,5.263426649060872,0.9230769230769231
1182,3.9128267506030068,0.9615384615384616
1183,3.817902098540118,0.8076923076923077
1184,4.192281874813337,0.8846153846153846
1185,4.272830121931378,0.7307692307692307
1186,4.480566952631648,0.8076923076923077
1187,4.150876985884425,0.7692307692307693
1188,4.1965795558006675,0.8846153846153846
1189,4.133887110358745,0.8461538461538461
1190,4.282792989074353,0.8461538461538461
1191,4.222554067510975,0.7692307692307693
1192,4.117322702889205,0.8461538461538461
1193,4.499675609755247,0.8076923076923077
1194,4.607763417139418,0.8076923076923077
1195,4.432299261329025,0.8076923076923077
1196,3.909155328657638,0.8461538461538461
1197,4.438722300253172,0.9230769230769231
1198,4.172071478076817,0.9230769230769231
1199,4.247133134381706,0.8461538461538461
1200,4.237466585883953,0.8076923076923077
1201,3.9590564782225255,0.7307692307692307
1202,4.266429202949786,0.8461538461538461
1203,4.029872174684688,0.8846153846153846
1204,4.254391471969586,0.9615384615384616
1205,4.058578891911335,0.9230769230769231
1206,3.879289170650126,0.8846153846153846
1207,3.749371733933696,0.7307692307692307
1208,5.182689715013052,0.8076923076923077
1209,3.634337814871928,0.8076923076923077
1210,3.20394711298756,0.7307692307692307
1211,3.588032893237916,0.6923076923076923
1212,4.333541280573197,0.8846153846153846
1213,3.2849014470751254,0.7692307692307693
1214,4.0028211506780185,0.7307692307692307
1215,4.495324178766711,0.8076923076923077
1216,4.440796349848386,0.6538461538461539
1217,3.6556521369286843,0.7307692307692307
1218,3.5968934747573678,0.7692307692307693
1219,3.8143677956746376,0.7307692307692307
1220,3.796449513878957,0.8846153846153846
1221,4.30697937469705,0.8461538461538461
1222,4.814326884883772,0.8076923076923077
1223,4.255351418092747,0.8461538461538461
1224,4.478543104206452,0.8846153846153846
1225,4.122862674547916,0.8846153846153846
1226,4.556310814213436,0.8461538461538461
1227,3.8548779789950345,0.8461538461538461
1228,4.181720801454436,0.9230769230769231
1229,4.3741711389343445,0.9230769230769231
1230,3.7504561438539867,0.6923076923076923
1231,3.699283206462744,0.7692307692307693
1232,3.7885899629160313,0.6923076923076923
1233,3.3195320957026584,0.6153846153846154
1234,3.4204599922652825,0.7307692307692307
1235,4.097351935849053,0.9230769230769231
1236,4.2393139710945045,0.9230769230769231
1237,4.165710207795891,0.8846153846153846
1238,5.347784999556914,0.9230769230769231
1239,4.0980439310902375,0.8461538461538461
1240,4.109104300612358,0.9230769230769231
1241,4.310074262876211,0.9230769230769231
1242,3.8477373852527603,0.8461538461538461
1243,3.5455238517169443,0.9230769230769231
1244,3.6774570202304786,0.9615384615384616
1245,4.903811403803179,0.8846153846153846
1246,3.649591524353323,0.8846153846153846
1247,3.0101919970247475,0.8846153846153846
1248,3.681429354066335,0.9615384615384616
1249,4.301276011390581,0.8076923076923077
1250,4.295357245187267,0.8846153846153846
1251,4.323993990296129,0.8076923076923077
1252,4.256018343095782,0.9615384615384616
1253,3.8193076855574177,0.7692307692307693
1254,4.2011139517272635,0.7307692307692307
1255,5.04918969926743,0.8846153846153846
1256,4.437072452312216,0.7307692307692307
1257,4.598459007239922,1.0
1258,5.786984005565852,0.9615384615384616
1259,5.181224269079159,0.9615384615384616
1260,4.956345711681474,0.9230769230769231
1261,4.913731170635838,0.9615384615384616
1262,5.769046725726463,0.9230769230769231
1263,4.09749104317985,0.8461538461538461
1264,4.641209379347603,0.8461538461538461
1265,4.684110709338309,0.8461538461538461
1266,4.681413368569861,0.8461538461538461
1267,4.356323355511149,0.9230769230769231
1268,4.396223484447206,1.0
1269,3.892297900752359,0.9615384615384616
1270,4.904395171413407,0.9230769230769231
1271,4.082699363859386,0.9230769230769231
1272,4.250154208835362,0.9230769230769231
1273,4.869269702835382,0.8846153846153846
1274,5.465475513886364,0.9230769230769231
1275,5.56661367085805,0.8461538461538461
1276,4.409464319273195,0.9230769230769231
1277,4.508444322056783,0.9230769230769231
1278,4.5894332808730205,0.8846153846153846
1279,4.2400766891223665,0.9615384615384616
1280,3.8459102179671385,0.9230769230769231
1281,4.384845362026126,0.9615384615384616
1282,3.7907182361350813,0.9230769230769231
1283,4.352965909775996,0.9615384615384616
1284,4.346259781807798,0.8846153846153846
1285,4.593021969074631,0.8461538461538461
1286,4.412495317337707,0.9615384615384616
1287,4.5435458763474665,0.9230769230769231
1288,4.232762950955444,0.8461538461538461
1289,4.57286025837121,0.9615384615384616
1290,4.251685675593908,0.9230769230769231
1291,4.86729777547613,0.9615384615384616
1292,4.575112071182026,0.9230769230769231
1293,4.119336414449017,0.8076923076923077
1294,4.5978516481121785,0.8076923076923077
1295,4.836843213292546,0.8076923076923077
1296,4.003331921496772,0.9230769230769231
1297,4.749934160181874,0.9230769230769231
1298,4.398878621472653,0.9230769230769231
1299,3.9668000348247214,0.8846153846153846
1300,5.598811099527734,0.8076923076923077
1301,4.000657633176944,0.8076923076923077
1302,3.3001245677437185,0.8846153846153846
1303,3.9019559590904445,0.8461538461538461
1304,3.842478495946567,0.7692307692307693
1305,4.323381194477646,0.9230769230769231
1306,4.823785621048411,0.8846153846153846
1307,4.284258265116797,0.8846153846153846
1308,4.471637348342483,0.8076923076923077
1309,3.6273531447830063,0.8846153846153846
1310,3.3197489297705127,0.9230769230769231
1311,3.126517357912978,0.8846153846153846
1312,3.103125986656394,0.8846153846153846
1313,3.176016343564112,0.8461538461538461
1314,4.029288107417866,0.8846153846153846
1315,3.9942627388050016,0.9230769230769231
1316,3.8570001426769123,0.8461538461538461
1317,3.498010899283491,0.7692307692307693
1318,3.4284020424360877,0.9230769230769231
1319,4.514160477039966,0.8461538461538461
1320,4.328548315446319,0.6923076923076923
1321,3.848571027488676,0.8846153846153846
1322,3.9762834077163287,0.9230769230769231
1323,4.427879783673071,0.8846153846153846
1324,4.4566649554286855,0.9230769230769231
1325,5.207644549936816,0.8461538461538461
1326,5.479776480489218,0.8846153846153846
1327,4.628259230363169,0.8076923076923077
1328,4.745751862965304,0.9230769230769231
1329,5.57912314823905,0.8846153846153846
1330,4.773571560565089,0.8846153846153846
1331,4.490095950968294,0.7692307692307693
1332,5.683121140830754,0.8846153846153846
1333,4.400728857399852,0.8461538461538461
1334,5.641621642515325,0.8846153846153846
1335,5.505809671347451,0.9230769230769231
1336,4.470168230931372,0.7692307692307693
1337,4.531034250799654,0.9615384615384616
1338,4.130780623518733,0.9615384615384616
1339,4.355869250311244,0.9615384615384616
1340,5.260906257871573,0.8461538461538461
1341,3.939770969693206,0.9615384615384616
1342,4.37751068383191,0.9615384615384616
1343,3.9944573839360538,0.8461538461538461
1344,3.9114722600902536,0.9230769230769231
1345,4.33941301258773,0.6923076923076923
1346,4.690277313161859,0.7307692307692307
1347,4.539628185842851,0.6538461538461539
1348,4.53867814802465,0.7307692307692307
1349,4.498342954900606,0.7307692307692307
1350,5.149491127527778,0.8461538461538461
1351,3.879707721234256,0.8846153846153846
1352,3.7400358597305594,0.9230769230769231
1353,3.360987917672544,0.9230769230769231
1354,4.694580511486886,0.9615384615384616
1355,3.7086863217751014,0.9230769230769231
1356,3.6781122686343917,0.8076923076923077
1357,4.026238649468452,0.8076923076923077
1358,4.323320305430453,0.8076923076923077
1359,4.127766846572043,0.8461538461538461
1360,4.357312218394562,0.8846153846153846
1361,4.498599405443849,0.8461538461538461
1362,4.394202502930783,0.8461538461538461
1363,4.35564632776318,0.8846153846153846
1364,3.8048505060651796,0.8846153846153846
1365,3.485820952309683,0.8461538461538461
1366,4.458737136563478,0.9230769230769231
1367,3.5235668228568455,0.8076923076923077
1368,4.296043040186267,0.7692307692307693
1369,4.169699209568216,0.8076923076923077
1370,4.564888020516791,0.8846153846153846
1371,3.9588165774952166,0.8846153846153846
1372,4.329965277022444,0.8846153846153846
1373,3.9136794486695785,0.9615384615384616
1374,4.582390804982622,0.9230769230769231
1375,4.696500284733325,0.9230769230769231
1376,5.28321560212055,0.9230769230769231
1377,5.244081026586336,0.8846153846153846
1378,4.8162441266465645,0.8846153846153846
1379,4.731518789381745,0.8076923076923077
1380,4.707849321304101,0.7692307692307693
1381,5.2653045802589435,0.8846153846153846
1382,4.895383726416781,0.9615384615384616
1383,5.160912441029637,1.0
1384,6.421824226747459,0.9615384615384616
1385,4.565692965985562,0.8461538461538461
1386,4.033523484113327,1.0
1387,4.646038510142212,0.9230769230769231
1388,4.711002061297289,0.9230769230769231
1389,4.917385856052755,1.0
1390,4.900335602811993,0.9615384615384616
1391,4.875693631829004,0.9615384615384616
1392,4.295789920714188,0.8846153846153846
1393,4.5841090922317544,0.9230769230769231
1394,5.072013903755663,0.9615384615384616
1395,5.926231913371159,0.9230769230769231
1396,3.966270592245631,0.9230769230769231
1397,4.657127308080446,0.6923076923076923
1398,3.722296587508203,0.8846153846153846
1399,3.708852042256864,0.9230769230769231
1400,3.50622869026838,0.8846153846153846
1401,3.549439596363298,0.8076923076923077
1402,4.076029214539773,0.9230769230769231
1403,4.154172352209804,0.9230769230769231
1404,2.8360017106266646,0.6923076923076923
1405,3.648869379538772,0.7307692307692307
1406,3.4259553182297373,0.6923076923076923
1407,3.6181497739080237,0.7307692307692307
1408,2.9274191652345802,0.5769230769230769
1409,3.122934114722389,0.7307692307692307
1410,3.2077659400441725,0.6153846153846154
1411,4.835880796560779,0.8846153846153846
1412,3.5708212539255184,0.6923076923076923
1413,4.73674782786469,0.7692307692307693
1414,3.3510212605937473,0.7692307692307693
1415,3.2786759765190103,0.7307692307692307
1416,4.324754375280269,0.7307692307692307
1417,3.9410379340839903,0.8076923076923077
1418,3.7705560691373528,0.8461538461538461
1419,4.0265825071256724,0.8076923076923077
1420,3.9863725576770124,0.8461538461538461
1421,4.807893440565775,0.8076923076923077
1422,4.237656715493846,0.9615384615384616
1423,4.1475094869259985,0.8461538461538461
1424,4.053049366042457,0.9615384615384616
1425,4.046809481890919,0.8846153846153846
1426,4.275929012400617,0.7692307692307693
1427,4.969686305325791,0.9615384615384616
1428,3.939201998211419,0.8846153846153846
1429,3.5611362492030585,0.8461538461538461
1430,3.559591915130782,0.8461538461538461
1431,4.173928202823167,0.8461538461538461
1432,4.394527902900442,0.7692307692307693
1433,3.947486889589045,0.8846153846153846
1434,4.041715296680522,0.7692307692307693
1435,3.6937234347110914,0.8461538461538461
1436,3.705165450484367,0.6923076923076923
1437,3.8014913195067015,0.7692307692307693
1438,5.017180411704775,0.7307692307692307
1439,4.1754674837928345,0.9230769230769231
1440,4.063582083411972,0.9615384615384616
1441,3.3207958791436933,0.9615384615384616
1442,4.254430269645867,0.8846153846153846
1443,3.66536896786232,0.9230769230769231
1444,3.3203250156281143,0.8846153846153846
1445,3.3319441886179098,0.9230769230769231
1446,3.4614496849738337,0.9230769230769231
1447,5.047809849926728,0.7692307692307693
1448,2.7808313269377374,0.7692307692307693
1449,3.1187074209139443,0.6538461538461539
1450,2.829254320164397,0.6153846153846154
1451,3.3240616073663034,0.9230769230769231
1452,3.9300159029803154,0.9615384615384616
1453,3.771660623315368,0.7692307692307693
1454,3.921164914935992,0.8846153846153846
1455,3.9442019084341777,0.9615384615384616
1456,4.677337770522715,0.8461538461538461
1457,3.572569956967293,0.7692307692307693
1458,4.674493552675381,0.8461538461538461
1459,3.38538573869375,0.7307692307692307
1460,4.441105792674189,0.7692307692307693
1461,3.1848140303044934,0.7307692307692307
1462,3.4688506548447653,0.6923076923076923
1463,3.675797470400096,0.7692307692307693
1464,3.3120853765242506,0.8461538461538461
1465,3.476990462399918,0.8076923076923077
1466,3.5474718431900483,0.7692307692307693
1467,3.2488160722099817,0.7692307692307693
1468,4.023941855374436,0.6923076923076923
1469,2.968546136542906,0.7692307692307693
1470,3.4797768903463053,0.8076923076923077
1471,3.91780053504235,0.7692307692307693
1472,3.0916271456892686,0.7307692307692307
1473,3.231665210309431,0.7692307692307693
1474,3.805870783080065,0.8076923076923077
1475,3.8863861565117888,0.7692307692307693
1476,3.9245455786971375,0.8461538461538461
1477,3.9024930921376253,0.8076923076923077
1478,3.690584453431134,0.7692307692307693
1479,3.5789688299207727,0.6923076923076923
1480,4.965296855790008,0.8076923076923077
1481,3.7904789971933694,0.7692307692307693
1482,3.629128244455004,0.8076923076923077
1483,4.913900666994202,0.7692307692307693
1484,3.521600264396722,0.8461538461538461
1485,3.609035143441816,0.8076923076923077
1486,4.210615776630356,0.8076923076923077
1487,4.166690461497324,0.9615384615384616
1488,4.002545208782282,0.7692307692307693
1489,3.5010994554812926,0.9230769230769231
1490,3.429783206726189,0.9230769230769231
1491,3.8997506282665793,0.8076923076923077
1492,4.15806807150883,0.9230769230769231
1493,3.908426900924176,0.8846153846153846
1494,4.475154375941267,0.8461538461538461
1495,3.6343266029878882,0.8461538461538461
1496,4.148637793772776,0.8846153846153846
1497,3.9800348524865243,0.8846153846153846
1498,4.296790493619344,1.0
1499,3.955233499752143,0.8461538461538461
1500,4.251064029749626,0.8076923076923077
