# Trial 4: ath=0.0270  hd=400  reg=5.00e-02  a=0.5000  c=0.0500  L=8  best_er=0.4615
iter,loss,error_rate
1,3.868503942788087,0.8076923076923077
2,3.9336411387772388,0.8846153846153846
3,3.8387367069367757,0.9615384615384616
4,4.182500218568349,0.9230769230769231
5,3.976106528657757,0.9230769230769231
6,3.6596527318561485,0.9230769230769231
7,3.8759906721311297,0.8461538461538461
8,3.7611220127018283,0.8076923076923077
9,3.563097600798524,0.8846153846153846
10,3.63531936872603,0.9230769230769231
11,3.2676354771783642,0.8461538461538461
12,2.67777001826403,0.9230769230769231
13,2.983870578269901,0.8461538461538461
14,3.2964945057478365,0.8076923076923077
15,3.2339436109141504,0.8846153846153846
16,3.220413509963486,0.8461538461538461
17,3.0417910499960827,0.8461538461538461
18,3.1812231826058164,0.6923076923076923
19,3.7883623882112967,0.6923076923076923
20,3.7417445557394853,0.7307692307692307
21,3.086859828883132,0.6923076923076923
22,3.027751352120887,0.7307692307692307
23,3.517343341825434,0.7692307692307693
24,4.051861969381612,0.8461538461538461
25,3.230040773130097,0.7692307692307693
26,3.8448194905270503,0.8076923076923077
27,3.96670369797575,0.7307692307692307
28,3.032935129040709,0.7307692307692307
29,3.523164481951458,0.6923076923076923
30,4.465870520419635,0.8461538461538461
31,3.1320677929119247,0.7692307692307693
32,3.5884181376563555,0.8076923076923077
33,4.217670207088235,0.9230769230769231
34,3.896561238674753,0.6923076923076923
35,3.572965767917179,0.7692307692307693
36,3.9312419666924048,0.7307692307692307
37,3.582341645398129,0.7307692307692307
38,3.7683428693460272,0.8076923076923077
39,3.6476344227092263,0.7692307692307693
40,3.435469927415421,0.6923076923076923
41,3.2419475117507224,0.6923076923076923
42,3.016074712760234,0.7692307692307693
43,3.312740547654768,0.7307692307692307
44,3.225908829196385,0.7692307692307693
45,3.1800809586620313,0.7307692307692307
46,3.2054218279411923,0.7307692307692307
47,3.1761783090693836,0.7692307692307693
48,3.238078559247205,0.8076923076923077
49,3.408451413876682,0.8076923076923077
50,3.4559935230650454,0.6923076923076923
51,4.025622994499593,0.8076923076923077
52,3.2779868546115316,0.7692307692307693
53,4.710879767528213,0.6923076923076923
54,3.619000168272349,0.8461538461538461
55,3.6896820657411515,0.6538461538461539
56,3.195044749515966,0.7692307692307693
57,3.294053986749764,0.7692307692307693
58,3.3956104159230334,0.7307692307692307
59,3.338120452484884,0.7307692307692307
60,3.1449921649638344,0.7307692307692307
61,3.623260311595897,0.8076923076923077
62,2.8177478242040612,0.6923076923076923
63,3.0637124630689416,0.8461538461538461
64,3.180322995594353,0.8846153846153846
65,2.9037490073611267,0.8846153846153846
66,2.9289290363269447,0.9230769230769231
67,2.970180136606553,0.8846153846153846
68,2.9112762535203407,0.8461538461538461
69,2.843492796927979,0.8461538461538461
70,3.379660065919973,0.8846153846153846
71,2.9039121295044916,0.8461538461538461
72,3.021478049985685,0.8461538461538461
73,3.1419866790613447,0.8076923076923077
74,2.899900003968119,0.7692307692307693
75,3.0945577375725075,0.8076923076923077
76,3.22724147020749,0.8076923076923077
77,3.053441441088069,0.8076923076923077
78,3.284989969789961,0.7692307692307693
79,2.782054238223379,0.7307692307692307
80,2.967091659378405,0.8461538461538461
81,3.5987177189765225,0.8461538461538461
82,3.4313013254426306,0.8461538461538461
83,3.317479425777547,0.7307692307692307
84,3.561575039352794,0.8846153846153846
85,3.2901249704964957,0.7692307692307693
86,3.8127620668660804,0.8076923076923077
87,3.4894319244138035,0.9230769230769231
88,3.4093581969424287,0.8846153846153846
89,3.1542872236548645,0.7692307692307693
90,3.2771162023884908,0.8076923076923077
91,3.4498252983386823,0.8461538461538461
92,2.9692250564954654,0.8846153846153846
93,2.7399833653913968,0.8461538461538461
94,2.8727422071538515,0.8076923076923077
95,3.375208131403114,0.7307692307692307
96,2.9265217725118724,0.8461538461538461
97,2.8057041603351935,0.8461538461538461
98,3.3086051482748435,0.7307692307692307
99,3.486686715268441,0.8461538461538461
100,2.8676103090043616,0.7307692307692307
101,2.9886198810601186,0.8846153846153846
102,2.950228599971445,0.8076923076923077
103,2.8853583134228096,0.8846153846153846
104,2.7928026435462994,0.8461538461538461
105,2.693702622419767,0.7692307692307693
106,2.8034700132157107,0.8076923076923077
107,2.9258294260254876,0.8461538461538461
108,2.5358671325788538,0.7307692307692307
109,2.9421156253917,0.7692307692307693
110,2.6816229780582184,0.7692307692307693
111,2.3745456551113318,0.7692307692307693
112,2.3305410013258454,0.8076923076923077
113,2.6843983757151646,0.7692307692307693
114,2.622057740695575,0.7692307692307693
115,3.796754850609899,0.7692307692307693
116,2.4790837977573874,0.7692307692307693
117,2.4490842705190294,0.7692307692307693
118,3.14979575804375,0.6923076923076923
119,2.5921546312533623,0.7692307692307693
120,2.2198955328164596,0.8076923076923077
121,2.685149291945965,0.6923076923076923
122,2.601493844067827,0.7692307692307693
123,2.54715757397352,0.7692307692307693
124,2.5136478989817466,0.6923076923076923
125,2.6721449793721574,0.6923076923076923
126,2.9343829219447324,0.7307692307692307
127,3.7258112703035393,0.7307692307692307
128,3.0860404399762444,0.7692307692307693
129,3.643724529682022,0.7307692307692307
130,3.5127709138471137,0.7307692307692307
131,2.785406422057676,0.7692307692307693
132,3.0034395742183726,0.7307692307692307
133,2.556870210336597,0.8076923076923077
134,2.7702355700082126,0.7692307692307693
135,2.7882179053784863,0.7692307692307693
136,3.013226672618782,0.7307692307692307
137,3.2381416955844773,0.8461538461538461
138,2.9878589956442076,0.6923076923076923
139,2.9646741809588932,0.6923076923076923
140,3.3084729748765707,0.8461538461538461
141,3.4076764341052366,0.7692307692307693
142,3.296320956225925,0.7307692307692307
143,3.557822395263068,0.7692307692307693
144,3.0243405791927316,0.6923076923076923
145,3.0302837462942267,0.7307692307692307
146,3.1569495842843143,0.8076923076923077
147,3.0425118208395503,0.8076923076923077
148,3.062499571631453,0.7307692307692307
149,2.865686717200707,0.7692307692307693
150,2.917705196338158,0.6923076923076923
151,2.931842307352448,0.6153846153846154
152,2.669442946543267,0.5769230769230769
153,2.5296100825284933,0.6153846153846154
154,2.411004224744011,0.6538461538461539
155,2.4502889145980244,0.6538461538461539
156,2.735371064056335,0.5384615384615384
157,2.689622214403226,0.6538461538461539
158,2.978070485937258,0.6153846153846154
159,2.882692443502199,0.7307692307692307
160,2.6732757327585697,0.6923076923076923
161,3.0930203011224746,0.7307692307692307
162,3.5349747373845366,0.6923076923076923
163,3.3037044072050397,0.7692307692307693
164,2.6585629717196735,0.7307692307692307
165,3.3720707168195165,0.6923076923076923
166,2.400749502004423,0.6923076923076923
167,2.7886011844298677,0.5769230769230769
168,2.742599558170132,0.6153846153846154
169,3.2534199380648587,0.5769230769230769
170,2.7368869937203955,0.7307692307692307
171,3.191204501499307,0.6153846153846154
172,3.3027009287578717,0.8076923076923077
173,2.8864352507730677,0.7307692307692307
174,3.134670385253626,0.6538461538461539
175,3.0454191431266766,0.6923076923076923
176,2.91817534741042,0.6153846153846154
177,2.879362013615123,0.6923076923076923
178,3.1254484177698147,0.8076923076923077
179,3.458209796282114,0.7692307692307693
180,3.0854303430254446,0.8076923076923077
181,3.3287978459621392,0.8846153846153846
182,3.63901916631014,0.8076923076923077
183,3.4336839751925163,0.8461538461538461
184,3.3193803804919093,0.8076923076923077
185,3.824041387481305,0.8846153846153846
186,3.457198888425813,0.8461538461538461
187,3.442505833163067,0.9230769230769231
188,3.5475556614974426,0.9230769230769231
189,3.16637712844134,0.8461538461538461
190,3.5766627990492728,0.9230769230769231
191,3.3797837320250492,0.9230769230769231
192,3.476123042116778,0.8846153846153846
193,3.2013971117172835,0.8846153846153846
194,3.2229914144642313,0.8846153846153846
195,3.4046553236750103,0.9615384615384616
196,3.359734881764886,0.9230769230769231
197,3.3513472816157286,0.9615384615384616
198,3.593257522037539,0.9615384615384616
199,3.445479456493546,0.8461538461538461
200,2.874786913005763,0.8461538461538461
201,2.9968220275476103,0.6923076923076923
202,2.837871072665674,0.8076923076923077
203,3.2190112094374905,0.6538461538461539
204,2.9993854152511537,0.8076923076923077
205,2.8099196508333555,0.7692307692307693
206,3.036669701528905,0.7692307692307693
207,2.7937821049497455,0.6923076923076923
208,2.864386442817366,0.7692307692307693
209,2.9669830536391086,0.6923076923076923
210,3.16710929209483,0.7307692307692307
211,2.8535295756732832,0.6923076923076923
212,2.8096984601469837,0.8076923076923077
213,2.971209283777561,0.8076923076923077
214,2.92039879101082,0.6923076923076923
215,2.888155798813651,0.6538461538461539
216,3.312854391238619,0.8076923076923077
217,3.1972654369911497,0.7307692307692307
218,3.0346048452864482,0.6538461538461539
219,3.5985949575083067,0.5384615384615384
220,3.446789836292432,0.6923076923076923
221,3.4853608284074866,0.6923076923076923
222,3.0791822447168093,0.7307692307692307
223,2.949614623815277,0.7307692307692307
224,3.096860144732542,0.6923076923076923
225,3.084555621505291,0.6923076923076923
226,2.796184552471709,0.7307692307692307
227,2.82918967675542,0.7307692307692307
228,2.786078316606719,0.8076923076923077
229,3.1462474609033264,0.8076923076923077
230,3.152759530321611,0.8461538461538461
231,2.887052110293406,0.7307692307692307
232,2.971148136110215,0.7692307692307693
233,2.9878337514977003,0.8461538461538461
234,2.840470010440739,0.7692307692307693
235,2.709387283575521,0.6923076923076923
236,2.4373917205959623,0.7307692307692307
237,2.4821928284183805,0.6538461538461539
238,2.658888404274327,0.6538461538461539
239,2.395854636544181,0.6153846153846154
240,2.4244647624873603,0.6538461538461539
241,2.166916724636835,0.6923076923076923
242,2.209212011914734,0.6923076923076923
243,2.1863537110219604,0.6923076923076923
244,2.4398323544637917,0.6538461538461539
245,2.2598250255446137,0.6923076923076923
246,2.5854446672714717,0.6153846153846154
247,2.337972041207829,0.6923076923076923
248,2.5530184097867084,0.6153846153846154
249,2.0275021113583205,0.5769230769230769
250,2.192155433049019,0.6538461538461539
251,1.992560446236332,0.6538461538461539
252,2.1168922741614735,0.6538461538461539
253,2.3858242541425043,0.6538461538461539
254,2.355970964837008,0.6923076923076923
255,2.5523358445299635,0.6923076923076923
256,2.4170623333435093,0.6538461538461539
257,2.4865324972681666,0.6153846153846154
258,2.70707888200195,0.6153846153846154
259,2.6352140230662684,0.6538461538461539
260,2.5985826251204807,0.6538461538461539
261,2.5519301991882677,0.6923076923076923
262,2.64997318805026,0.6538461538461539
263,3.445679096098682,0.6538461538461539
264,3.1279200607682816,0.6538461538461539
265,2.6223922679668648,0.5769230769230769
266,2.6395806128989427,0.6923076923076923
267,3.0577474775376667,0.6153846153846154
268,2.276003799122,0.6538461538461539
269,2.6769262202109725,0.6538461538461539
270,2.3604618954208214,0.7692307692307693
271,2.5848518495500588,0.6538461538461539
272,2.611513018315847,0.6923076923076923
273,2.308310669767596,0.7307692307692307
274,2.316924735678869,0.6923076923076923
275,2.3571181334813422,0.8461538461538461
276,2.28821919351726,0.7692307692307693
277,2.383664435650057,0.6923076923076923
278,2.6878051516953185,0.5384615384615384
279,2.351877631610549,0.6923076923076923
280,2.3101788375655707,0.7307692307692307
281,2.500230589146096,0.7307692307692307
282,2.246593700799454,0.8076923076923077
283,2.3539584672494676,0.6923076923076923
284,2.1875904740634122,0.6923076923076923
285,2.3435938391520406,0.6538461538461539
286,2.257124021558986,0.6538461538461539
287,2.5434656066123984,0.6923076923076923
288,2.5109485127784232,0.6538461538461539
289,2.2776136535611684,0.6923076923076923
290,2.287714334337256,0.6923076923076923
291,3.3691516076176407,0.7692307692307693
292,2.435312056313842,0.6538461538461539
293,2.450426805364446,0.7307692307692307
294,2.1391555397330557,0.7307692307692307
295,2.339255463495515,0.6923076923076923
296,3.1986030572540622,0.7692307692307693
297,2.4953649785316747,0.6153846153846154
298,2.7001054731240752,0.7307692307692307
299,3.005731453365497,0.8076923076923077
300,2.6746590488134774,0.8461538461538461
301,2.566443106942247,0.6923076923076923
302,2.7146706416971735,0.7307692307692307
303,2.451948918263799,0.6538461538461539
304,3.3916342847542653,0.6923076923076923
305,2.777248519266195,0.7307692307692307
306,2.6325148837428145,0.7307692307692307
307,2.5394586026357273,0.7307692307692307
308,2.515685901408001,0.7307692307692307
309,2.6919568076623075,0.7692307692307693
310,2.7418808206628733,0.7692307692307693
311,2.745478260109252,0.7307692307692307
312,2.731510444408398,0.7307692307692307
313,2.493308705359979,0.7307692307692307
314,2.3400813383966783,0.6923076923076923
315,2.449438008061498,0.7692307692307693
316,2.491135200169267,0.7692307692307693
317,1.9294589535840512,0.7307692307692307
318,2.1555960500341023,0.7692307692307693
319,2.180110665706511,0.6923076923076923
320,1.9652103858119578,0.6538461538461539
321,1.6132872727697425,0.6923076923076923
322,1.7143156964571344,0.5769230769230769
323,1.7080290861877323,0.5
324,1.8763494177979612,0.5769230769230769
325,1.8925512191540426,0.6153846153846154
326,2.110800963516562,0.5
327,2.1189646892110674,0.5769230769230769
328,2.1771146945715754,0.46153846153846156
329,2.5094674792703016,0.46153846153846156
330,2.2526604018172716,0.5
331,2.1167198205129107,0.5384615384615384
332,2.2443806199252485,0.5384615384615384
333,2.3153998951255956,0.46153846153846156
334,2.371138588857135,0.6538461538461539
335,2.364977999876735,0.5384615384615384
336,2.4222337396503777,0.7307692307692307
337,2.477702027455206,0.7307692307692307
338,2.478710067112908,0.6538461538461539
339,2.603131097893873,0.7692307692307693
340,2.761226161628799,0.6923076923076923
341,2.790377527475215,0.6923076923076923
342,2.540450184951603,0.6923076923076923
343,2.4619051004844117,0.6153846153846154
344,2.4798463703679423,0.6923076923076923
345,2.7259764183635697,0.6538461538461539
346,2.6610877235236297,0.6923076923076923
347,2.7366669281670553,0.5
348,2.231234198283801,0.6153846153846154
349,2.7960778995225635,0.5769230769230769
350,2.4713855758911407,0.5384615384615384
351,2.4625321441260244,0.46153846153846156
352,2.1016602856728457,0.5384615384615384
353,2.110166651182532,0.6153846153846154
354,2.4339113280199607,0.5
355,2.1956059718432313,0.5384615384615384
356,2.260684410017967,0.6538461538461539
357,2.238604253298824,0.5769230769230769
358,2.140324617687645,0.6923076923076923
359,2.2765780537391986,0.6538461538461539
360,2.114702893262426,0.7307692307692307
361,2.2517732959278094,0.6153846153846154
362,2.5185284219803528,0.6923076923076923
363,2.517841050281575,0.5769230769230769
364,2.483782431780348,0.6538461538461539
365,2.2438379925643597,0.6538461538461539
366,2.2682255178595394,0.6153846153846154
367,2.1141725738256496,0.6923076923076923
368,2.410071288040922,0.6923076923076923
369,2.150416053817599,0.7307692307692307
370,2.5223810647830636,0.7692307692307693
371,2.499520782720767,0.7307692307692307
372,2.2448882333602,0.7307692307692307
373,2.367785379346686,0.6923076923076923
374,2.313102707386194,0.6153846153846154
375,2.1572712196662827,0.6538461538461539
376,2.871658696449521,0.7307692307692307
377,2.202301229684245,0.6923076923076923
378,2.3067296508908326,0.6538461538461539
379,2.3301741474420616,0.6538461538461539
380,2.2553562367122364,0.6923076923076923
381,1.9515536444066157,0.8076923076923077
382,2.4394648422999032,0.6538461538461539
383,2.514113679906761,0.7692307692307693
384,2.3825879693453946,0.7692307692307693
385,2.1126610000106707,0.7307692307692307
386,2.563535257304454,0.7692307692307693
387,2.0132179123414455,0.7307692307692307
388,2.3523702695148687,0.6153846153846154
389,2.634820813834277,0.6153846153846154
390,2.4477882042589534,0.6153846153846154
391,2.9144407088150737,0.6153846153846154
392,2.60880857326549,0.5769230769230769
393,2.7393073328022597,0.6923076923076923
394,2.8048178275417572,0.7307692307692307
395,2.6920394815863626,0.6153846153846154
396,2.321912340165463,0.7307692307692307
397,2.3615757458459203,0.6153846153846154
398,2.6273606431012575,0.6538461538461539
399,2.7546826008740206,0.6923076923076923
400,2.773173047443212,0.6538461538461539
401,3.4289066369692773,0.6923076923076923
402,4.6635320406675165,0.7307692307692307
403,3.481326175262918,0.6923076923076923
404,3.339806361932963,0.6538461538461539
405,2.616274429316669,0.6153846153846154
406,3.143969219692159,0.6538461538461539
407,3.329901601663947,0.6153846153846154
408,4.240617715716173,0.7692307692307693
409,3.0284466987133,0.6923076923076923
410,3.0010951081959245,0.6923076923076923
411,2.8470833054389417,0.7307692307692307
412,2.7980255636979527,0.6538461538461539
413,2.9838891684938655,0.6538461538461539
414,2.959137874901063,0.6923076923076923
415,4.006822263596751,0.8846153846153846
416,3.713367854738292,0.8076923076923077
417,3.1601526088407543,0.6153846153846154
418,3.2856898870583082,0.6538461538461539
419,3.900610128545307,0.6538461538461539
420,3.9811425403055933,0.7307692307692307
421,3.6409946438467933,0.7307692307692307
422,2.968611240704972,0.8461538461538461
423,5.119129668474919,1.0
424,4.097237267559249,0.8846153846153846
425,4.534824019608995,0.9615384615384616
426,4.134683969233051,0.8846153846153846
427,3.5995299862226737,0.8461538461538461
428,4.494013077277913,0.9615384615384616
429,3.474037483237935,0.8461538461538461
430,3.361065475056817,0.8076923076923077
431,4.077344091595163,0.8076923076923077
432,3.721051468447993,0.8846153846153846
433,3.7671210911664175,0.7307692307692307
434,4.489750951580726,0.8076923076923077
435,3.180076445943728,0.8076923076923077
436,3.4747708715237673,0.8076923076923077
437,3.501825490303993,0.8076923076923077
438,3.7643018660903342,0.8076923076923077
439,3.5500134450126954,0.8846153846153846
440,4.204434791019801,0.8846153846153846
441,3.818094075898099,0.8846153846153846
442,3.617672929993756,0.7307692307692307
443,3.9194957341827283,0.9230769230769231
444,3.2589708659927727,0.9230769230769231
445,3.580301946548731,0.8846153846153846
446,4.083112933634152,0.9230769230769231
447,3.6951637428043678,0.9615384615384616
448,3.996848692403765,0.8461538461538461
449,3.461776103544951,0.8076923076923077
450,3.9799146969779375,0.8461538461538461
451,3.7439484888746177,0.8461538461538461
452,3.5912520708960898,0.8846153846153846
453,3.3965734577677904,0.8846153846153846
454,3.202267846182435,0.7692307692307693
455,2.9288925923638933,0.8076923076923077
456,2.9671247352073093,0.7692307692307693
457,3.2000574278855036,0.8076923076923077
458,4.337431084282533,0.8461538461538461
459,3.459040534221326,0.8461538461538461
460,3.671692980318518,0.9230769230769231
461,3.9903224880981205,0.8846153846153846
462,3.5408979800009233,0.9230769230769231
463,3.8225538821162504,0.8846153846153846
464,4.234619427255753,0.9230769230769231
465,3.8735461213777684,0.9230769230769231
466,3.806914087571645,0.8846153846153846
467,3.345108333969195,0.9230769230769231
468,3.683231088334458,1.0
469,3.5942860178169913,1.0
470,3.7518005498715583,0.9230769230769231
471,3.977132482170437,0.8076923076923077
472,4.069447543786952,0.8846153846153846
473,4.510046544447038,0.8846153846153846
474,5.743133801814585,0.8846153846153846
475,4.633485654713838,0.8846153846153846
476,4.470614264899966,0.9230769230769231
477,4.361121389829711,0.9230769230769231
478,4.257608576443243,0.8846153846153846
479,4.39378953483685,0.9230769230769231
480,4.474102300898285,0.9230769230769231
481,4.055247451801681,0.9615384615384616
482,4.19740243122338,0.9230769230769231
483,4.120373192042468,0.8846153846153846
484,3.5708815405500074,0.9230769230769231
485,3.6130853839297536,0.9230769230769231
486,3.8436647326298394,0.9230769230769231
487,4.009821717298835,0.9230769230769231
488,4.352678377859623,0.8461538461538461
489,4.487924888989819,0.8461538461538461
490,4.5329835168547765,0.8846153846153846
491,3.797291355225237,0.8846153846153846
492,3.8512941962947513,0.8846153846153846
493,4.139512584027174,0.8846153846153846
494,4.35476371124883,0.8846153846153846
495,4.49699980233786,0.8461538461538461
496,3.942594459824089,0.8461538461538461
497,5.199362209521954,0.8461538461538461
498,4.653566903331469,0.8846153846153846
499,4.613583705527875,0.8461538461538461
500,3.511018382002652,0.9230769230769231
501,3.862489074925542,0.8461538461538461
502,3.504035683397296,0.8846153846153846
503,4.667793476004477,0.9615384615384616
504,3.516501020298308,0.8461538461538461
505,3.895170502627026,0.8461538461538461
506,4.135461910071571,0.7692307692307693
507,3.514059427613974,0.7692307692307693
508,3.7526576138085175,0.8076923076923077
509,3.423734478098786,0.8461538461538461
510,3.3722304852024023,0.8461538461538461
511,3.282158654003654,0.8076923076923077
512,4.230637831941199,0.9230769230769231
513,3.6639026544072997,0.8461538461538461
514,4.037281867313884,0.8846153846153846
515,4.237626900345169,0.8076923076923077
516,3.467769110233976,0.8076923076923077
517,3.9662757219579263,0.7307692307692307
518,3.8748871730712473,0.8461538461538461
519,3.730001722481927,0.8846153846153846
520,3.7256397624473183,0.8461538461538461
521,3.811662808015399,0.9615384615384616
522,3.5923945774965587,0.8076923076923077
523,3.418200986154502,0.7307692307692307
524,3.5432293194702345,0.8076923076923077
525,4.086075095628318,0.8076923076923077
526,3.697811606237703,0.7692307692307693
527,3.4867813565965164,0.9230769230769231
528,3.7047113375310037,0.7692307692307693
529,3.186795807479978,0.7692307692307693
530,3.460383021690465,0.6923076923076923
531,3.807788293796729,0.6923076923076923
532,3.4692299889559197,0.8076923076923077
533,2.9738915730504996,0.8076923076923077
534,2.977457870701122,0.8076923076923077
535,3.4332099398693243,0.8076923076923077
536,3.8472351456299143,0.8846153846153846
537,3.1517692021338224,0.8461538461538461
538,3.306522658484763,0.8461538461538461
539,3.3866552168847255,0.8076923076923077
540,3.0649817046308625,0.7692307692307693
541,3.072541938039026,0.7692307692307693
542,3.582223114022633,0.6923076923076923
543,3.755693597460522,0.8076923076923077
544,3.3301594199584112,0.7692307692307693
545,3.1416770680845074,0.7307692307692307
546,2.9290746756273127,0.6923076923076923
547,3.231507043473279,0.6538461538461539
548,3.781350200268577,0.8076923076923077
549,3.344418589994375,0.7692307692307693
550,3.3633065657508956,0.7692307692307693
551,2.9944556981281027,0.8076923076923077
552,3.62594978083388,0.8846153846153846
553,3.377389622218298,0.8846153846153846
554,3.560899030997416,0.8461538461538461
555,3.8694855887194164,0.8461538461538461
556,3.0499673380082526,0.6923076923076923
557,3.4181207833047775,0.8461538461538461
558,3.2175357225021908,0.8076923076923077
559,3.4413390650828855,0.8076923076923077
560,3.024216749186671,0.8846153846153846
561,4.5443915579812675,0.8846153846153846
562,4.384407574852884,0.8461538461538461
563,3.620045946114881,0.7307692307692307
564,4.035383747617003,0.9230769230769231
565,4.3793950165064714,0.8846153846153846
566,3.973237652045553,0.8461538461538461
567,2.7756650073258538,0.8076923076923077
568,3.6074042553878556,0.9615384615384616
569,4.030055475425376,0.8461538461538461
570,3.9815404911742958,0.7307692307692307
571,3.427656652870143,0.8461538461538461
572,4.101982165077605,0.6923076923076923
573,3.2460819538543406,0.8076923076923077
574,4.243633684675813,0.8461538461538461
575,4.066361921869602,0.8846153846153846
576,3.144858249070552,0.9230769230769231
577,3.8819417806582637,0.8846153846153846
578,3.717908819393031,0.8461538461538461
579,3.3477290829481143,0.8846153846153846
580,3.4805584544543526,0.8461538461538461
581,4.441453215926745,0.8461538461538461
582,3.8161594287816785,0.9615384615384616
583,3.6278067038653425,0.8461538461538461
584,3.859419167080718,0.8846153846153846
585,4.298880925089093,0.9615384615384616
586,4.146053177855016,0.9615384615384616
587,4.4398657038732114,0.9230769230769231
588,3.901388428572076,0.8846153846153846
589,4.065679063888638,0.7692307692307693
590,3.1839826546685894,0.7307692307692307
591,3.6239062352873983,0.7692307692307693
592,3.715641803910142,0.8076923076923077
593,3.7585479961347987,0.8461538461538461
594,3.710953431533214,0.8076923076923077
595,3.235055549540159,0.8461538461538461
596,3.50017861314323,0.7692307692307693
597,3.402234260201087,0.7692307692307693
598,3.3274919019936364,0.8846153846153846
599,3.085882596625256,0.8076923076923077
600,4.763281171831479,0.8461538461538461
601,3.358241472635463,0.8846153846153846
602,3.341728182299704,0.7692307692307693
603,3.42057760579592,0.7307692307692307
604,3.6849817838002163,0.8076923076923077
605,3.6459425490189536,0.8076923076923077
606,3.3391025576006017,0.7692307692307693
607,3.3295282246232927,0.8076923076923077
608,3.740416635600228,0.8461538461538461
609,3.340789507297995,0.8076923076923077
610,3.331051158393885,0.8461538461538461
611,3.436483928132064,0.8461538461538461
612,3.9079602654099115,0.8076923076923077
613,3.380572864441424,0.8461538461538461
614,3.4138321628002943,0.9615384615384616
615,3.2677722438090218,0.8846153846153846
616,2.989252686468518,0.8846153846153846
617,4.124471730664831,0.9615384615384616
618,3.9284093701257823,0.8846153846153846
619,3.2262652654291935,0.8461538461538461
620,3.4117754186331144,0.9615384615384616
621,3.514080345938267,0.8461538461538461
622,3.2046082129231297,0.8846153846153846
623,3.5914390711503708,0.8461538461538461
624,3.6022160583906073,0.8461538461538461
625,3.0542556686449913,0.8076923076923077
626,3.4192627631419,0.8076923076923077
627,3.4569108798451604,0.8076923076923077
628,4.243368029111998,0.9615384615384616
629,4.0805252732713635,0.8076923076923077
630,4.779801759730098,0.8846153846153846
631,2.8824222366446524,0.7307692307692307
632,4.311888765521623,0.8461538461538461
633,3.334759304410003,0.8076923076923077
634,3.02997182969261,0.8461538461538461
635,3.7754662866200577,0.8076923076923077
636,3.222966244414817,0.8461538461538461
637,3.418066955179274,0.7692307692307693
638,3.8859441263003225,0.8076923076923077
639,3.686517391124428,0.6923076923076923
640,3.4031704254449693,0.6538461538461539
641,3.4949671533306654,0.7307692307692307
642,3.4913570439068184,0.7692307692307693
643,4.068735360439215,0.7307692307692307
644,3.9142392029423005,0.8076923076923077
645,3.7894746117099145,0.7692307692307693
646,3.3415721680019317,0.7692307692307693
647,3.867576745256083,0.8461538461538461
648,3.4149133811926373,0.8076923076923077
649,3.0651767033021393,0.7692307692307693
650,3.84694848638203,0.7692307692307693
651,2.9283854399669567,0.6538461538461539
652,3.221720588040584,0.7307692307692307
653,3.10784326160785,0.6538461538461539
654,3.677264001519775,0.6923076923076923
655,3.2418232036190497,0.7307692307692307
656,3.3506303516152274,0.7692307692307693
657,2.9751938682144354,0.6923076923076923
658,2.974302881802253,0.7692307692307693
659,2.943465415010529,0.7692307692307693
660,2.8874839749960532,0.8076923076923077
661,3.232890146107236,0.8076923076923077
662,3.198362405128872,0.7692307692307693
663,3.344236439757302,0.8846153846153846
664,3.759877888368234,0.7307692307692307
665,3.458717339826576,0.8461538461538461
666,3.477048740842944,0.7692307692307693
667,3.321406949446227,0.8846153846153846
668,2.8946916735659185,0.8846153846153846
669,2.992442350384212,0.8846153846153846
670,3.4040985359696654,0.8461538461538461
671,3.7493529227735767,0.8461538461538461
672,3.507778908454016,0.8076923076923077
673,3.729140568162662,0.8076923076923077
674,3.0567048745753955,0.9230769230769231
675,3.3508685372396343,0.9230769230769231
676,3.4769375159813505,0.8846153846153846
677,3.648673456452879,0.9230769230769231
678,3.7980151005573837,0.8461538461538461
679,3.36444372446088,0.8846153846153846
680,4.199368920693837,1.0
681,3.6353115429504643,0.9615384615384616
682,3.7495330324178315,0.9230769230769231
683,3.848895366822963,0.9615384615384616
684,3.4942625751879,0.9615384615384616
685,3.65154007980147,0.9615384615384616
686,3.957643007439732,0.8846153846153846
687,3.4501828648216804,0.9230769230769231
688,3.624451660178635,0.8846153846153846
689,4.221850797394016,0.8846153846153846
690,3.757121384011565,0.8461538461538461
691,3.5447672855488954,0.9230769230769231
692,2.945582002896539,0.9230769230769231
693,3.483117488920391,0.8846153846153846
694,3.2000361010227234,0.8461538461538461
695,3.354895643574102,0.7692307692307693
696,3.820606455359178,0.8846153846153846
697,3.536003975615119,0.8461538461538461
698,3.567032295768609,0.7692307692307693
699,4.295644879622178,0.8076923076923077
700,3.4813397235463626,0.7692307692307693
701,3.9992570148041895,0.8076923076923077
702,3.7438206251508386,0.8846153846153846
703,3.9980918286558027,0.8461538461538461
704,3.4592361561809546,0.8461538461538461
705,4.087178976906992,0.8846153846153846
706,3.2762507279724793,0.7692307692307693
707,3.9755420497678586,0.9230769230769231
708,3.997398645091216,0.7692307692307693
709,3.4695949711765515,0.7692307692307693
710,3.1320731418203644,0.8461538461538461
711,3.019282388529188,0.8846153846153846
712,3.664433541991251,0.8846153846153846
713,3.380354912306418,0.9230769230769231
714,3.7614587291023582,0.9230769230769231
715,3.7530454986743873,0.8461538461538461
716,3.9859392822682853,0.8846153846153846
717,3.074467763647648,0.8076923076923077
718,2.8351634434623216,0.8076923076923077
719,3.447766243860625,0.9230769230769231
720,3.5334552032444817,0.7692307692307693
721,3.553223467753338,1.0
722,2.752503706648935,0.7692307692307693
723,2.7911963292639657,0.8076923076923077
724,3.0979431089085594,0.8461538461538461
725,3.831442318045418,0.8076923076923077
726,3.6805784516341378,0.8461538461538461
727,3.2251051177182326,0.8076923076923077
728,3.3581363877687025,0.8076923076923077
729,3.2260513479862896,0.7692307692307693
730,2.9592753812768318,0.8846153846153846
731,3.48997509548839,0.7692307692307693
732,3.3190259339933395,0.7307692307692307
733,2.97759829074484,0.9230769230769231
734,4.0255787207484985,0.8461538461538461
735,3.055909633687534,0.8076923076923077
736,3.736079590860556,0.8846153846153846
737,3.401547098491185,0.8846153846153846
738,3.7166760920406245,0.8461538461538461
739,3.516655550737651,0.8076923076923077
740,3.472931858552,0.8076923076923077
741,4.273457365680665,0.8461538461538461
742,4.424602130702114,0.8846153846153846
743,3.9129994470743097,0.8076923076923077
744,3.7911104452242297,0.8846153846153846
745,4.023831658043271,0.9230769230769231
746,3.7889207042222934,0.8461538461538461
747,3.4985678963885176,0.8846153846153846
748,3.726257458655244,0.8846153846153846
749,3.667168636169667,0.8846153846153846
750,4.021689441306688,0.8461538461538461
751,4.117905381646261,0.8846153846153846
752,4.271285793359949,0.8461538461538461
753,4.199333771886914,0.9230769230769231
754,3.971740446026152,0.8461538461538461
755,4.004937168937669,0.7692307692307693
756,4.060972127730239,0.8076923076923077
757,3.3661325214870774,0.8846153846153846
758,3.361099885034186,0.8076923076923077
759,3.352855719640673,0.8461538461538461
760,3.9334763901927734,0.8846153846153846
761,3.658385486787389,0.8846153846153846
762,4.0720263401881045,0.8846153846153846
763,3.5489496250225843,0.8461538461538461
764,3.222779367211638,0.8076923076923077
765,3.4618799428296034,0.8461538461538461
766,3.134364936232221,0.7307692307692307
767,3.0925060615864055,0.7692307692307693
768,3.128731702472061,0.7692307692307693
769,3.719522307989502,0.8461538461538461
770,3.1826587539266895,0.8076923076923077
771,3.5417621545184037,0.6538461538461539
772,3.0215956136798043,0.8076923076923077
773,3.8404138467421136,0.7692307692307693
774,3.045215643056745,0.8076923076923077
775,3.401369337547586,0.8461538461538461
776,3.63519315328919,0.7692307692307693
777,4.14704553775051,0.7692307692307693
778,3.2836267524715748,0.7307692307692307
779,3.3653164500385047,0.8076923076923077
780,3.3233101303922563,0.8461538461538461
781,3.691476674917869,0.8076923076923077
782,4.260071845056307,0.8461538461538461
783,3.425241290374638,0.8076923076923077
784,3.7107106483731944,0.8076923076923077
785,3.549589684724652,0.7307692307692307
786,3.2917427826645733,0.6923076923076923
787,3.5710911553296034,0.6538461538461539
788,3.4000077201832055,0.7307692307692307
789,3.6030846175969287,0.6538461538461539
790,3.262238553211645,0.6923076923076923
791,3.6216689743080126,0.8076923076923077
792,3.8240475786184223,0.8846153846153846
793,3.575547279559547,0.8076923076923077
794,3.60085655729684,0.8076923076923077
795,3.7426291677364754,0.7307692307692307
796,3.91173956678722,0.7692307692307693
797,4.071340980021434,0.8076923076923077
798,3.0734644499666075,0.7692307692307693
799,3.2962431136308297,0.7307692307692307
800,2.903665766034436,0.7692307692307693
