# Trial 6: ath=0.0240  reg=1.84e-04  hd=700  L=9  best_er=0.1538
iter,loss,error_rate
1,3.6438577723185865,0.7307692307692307
2,3.8070297176030077,0.7692307692307693
3,3.838732249929339,0.7307692307692307
4,3.5512380447196903,0.7692307692307693
5,3.5360020775358105,0.7692307692307693
6,3.5080171359627763,0.7692307692307693
7,3.409428640803359,0.7307692307692307
8,3.1456950729506126,0.7692307692307693
9,3.3756146424918807,0.8076923076923077
10,3.3402321221626505,0.7307692307692307
11,3.4787969240849934,0.7307692307692307
12,3.1738117608510996,0.6538461538461539
13,3.391770814447221,0.8076923076923077
14,3.2092648052615087,0.7692307692307693
15,3.95591142446598,0.8076923076923077
16,3.2390124115015886,0.7307692307692307
17,3.4037535294893,0.7307692307692307
18,3.3272364329884994,0.6923076923076923
19,3.2202372351572794,0.8076923076923077
20,3.2761855421304062,0.8076923076923077
21,3.3260172740366265,0.7307692307692307
22,3.186183642347784,0.6538461538461539
23,3.2261630776303565,0.6923076923076923
24,3.026553537924554,0.5769230769230769
25,3.0831423336659984,0.6923076923076923
26,3.2387779780629384,0.7692307692307693
27,2.700570778867516,0.6538461538461539
28,3.059533628962239,0.6923076923076923
29,3.159860509160028,0.7692307692307693
30,3.023522597128909,0.6538461538461539
31,3.0071756489031274,0.6153846153846154
32,3.206421160221016,0.6153846153846154
33,3.244101703776909,0.7692307692307693
34,3.3212240504409136,0.7692307692307693
35,2.9805160011375142,0.6923076923076923
36,3.2795994837817783,0.6923076923076923
37,2.826534585586232,0.5769230769230769
38,3.1106562516536655,0.5769230769230769
39,2.6698372114931628,0.6923076923076923
40,2.952428175750982,0.6153846153846154
41,3.109343591640082,0.6923076923076923
42,2.9841352792215305,0.5769230769230769
43,3.072710884764967,0.6538461538461539
44,2.936166386529223,0.5769230769230769
45,2.943769140626494,0.6923076923076923
46,2.9890828231631374,0.6153846153846154
47,3.037458707661556,0.6153846153846154
48,2.7727234330232378,0.6538461538461539
49,2.8436118255447465,0.6153846153846154
50,2.9670609290080803,0.6538461538461539
51,3.2248350580980807,0.6923076923076923
52,2.9386915911350444,0.6153846153846154
53,3.0139821798259794,0.7307692307692307
54,2.786361145254487,0.6153846153846154
55,3.092209005289406,0.6153846153846154
56,2.7357309671906913,0.5769230769230769
57,3.060783768924751,0.6153846153846154
58,3.3230478046442387,0.5769230769230769
59,2.6973183772948564,0.5769230769230769
60,2.857551393858575,0.6538461538461539
61,2.8968805773173836,0.6153846153846154
62,2.709424026085379,0.6153846153846154
63,2.648355077103335,0.5384615384615384
64,2.987946809534798,0.5769230769230769
65,2.9258916886385533,0.5384615384615384
66,3.236643429902868,0.6538461538461539
67,3.288830142351205,0.6153846153846154
68,2.6361214409976146,0.6153846153846154
69,2.775309773821277,0.6153846153846154
70,2.3537544917185107,0.5384615384615384
71,2.5057795564035192,0.5384615384615384
72,2.0369514158848423,0.5769230769230769
73,2.421284003908248,0.5384615384615384
74,2.4354431858438708,0.5384615384615384
75,2.204135240454202,0.5769230769230769
76,2.558281264506551,0.5769230769230769
77,2.489075459684566,0.6153846153846154
78,2.5816654909564005,0.6153846153846154
79,2.423898955071412,0.5384615384615384
80,2.472825404478152,0.6153846153846154
81,2.2158425791901637,0.5769230769230769
82,2.545443089630194,0.6153846153846154
83,2.787973046039758,0.6153846153846154
84,2.6366337396238464,0.5
85,2.4140497918849597,0.5
86,2.5951141513911855,0.6538461538461539
87,2.1349652473062077,0.5
88,2.47750295622885,0.5769230769230769
89,2.295626583386143,0.46153846153846156
90,2.3928438208024208,0.5769230769230769
91,2.391043483269061,0.6153846153846154
92,2.138275851437756,0.5384615384615384
93,2.4491311540578367,0.5769230769230769
94,2.148754831731927,0.5769230769230769
95,2.226903300878702,0.5769230769230769
96,2.3880243262912657,0.6153846153846154
97,2.1775326311772933,0.4230769230769231
98,2.200568521025765,0.5769230769230769
99,2.3204326233475463,0.5384615384615384
100,2.1945330078355667,0.6153846153846154
101,2.1770898861417907,0.5769230769230769
102,2.44904526147431,0.5384615384615384
103,2.218673226196583,0.5
104,2.6205969128047237,0.5
105,2.2364643616129527,0.6538461538461539
106,2.477635047095185,0.5769230769230769
107,1.960191802995837,0.5384615384615384
108,2.4744265361864417,0.4230769230769231
109,2.199714411578812,0.5769230769230769
110,2.615793705645137,0.5769230769230769
111,2.3112463174223414,0.5384615384615384
112,2.4434536907500246,0.46153846153846156
113,2.1246838416928515,0.46153846153846156
114,2.0164563025035935,0.46153846153846156
115,2.4452301198834734,0.46153846153846156
116,2.334620763065865,0.5384615384615384
117,2.3495253292704197,0.5
118,2.3494506890860016,0.5
119,2.2904118165994403,0.5384615384615384
120,2.0395065031448962,0.5
121,2.168428965785063,0.4230769230769231
122,2.172858189266953,0.34615384615384615
123,1.93435763137584,0.46153846153846156
124,1.8470544475888322,0.5384615384615384
125,2.2861420054453063,0.5
126,1.9007836152815751,0.5
127,2.0508994689334585,0.5384615384615384
128,1.7475308200743385,0.5384615384615384
129,2.165226017976459,0.46153846153846156
130,2.014252131777948,0.5769230769230769
131,2.130705540005652,0.5
132,2.2419689342707927,0.46153846153846156
133,2.186398087381043,0.5
134,2.0502510153113755,0.5
135,1.8530904105535528,0.5
136,1.9443435184190911,0.5769230769230769
137,2.1191083488056575,0.5384615384615384
138,2.245000556302407,0.46153846153846156
139,2.045186096921858,0.4230769230769231
140,2.077591922843098,0.46153846153846156
141,1.8088404893426735,0.5384615384615384
142,2.004674845274916,0.4230769230769231
143,1.848936610600245,0.46153846153846156
144,2.090242640159916,0.46153846153846156
145,2.0388244400970645,0.46153846153846156
146,1.956921641649492,0.46153846153846156
147,1.8881945801399305,0.5
148,1.6178659973075655,0.46153846153846156
149,2.01179454978769,0.5
150,1.9907287726091831,0.5
151,1.8134794488304693,0.5
152,1.9291730239074878,0.5384615384615384
153,2.2600839521239338,0.4230769230769231
154,1.9615336124085836,0.5384615384615384
155,1.91059895847943,0.5
156,2.0519684132786997,0.5
157,2.143825818654654,0.5
158,1.8636304735500924,0.5769230769230769
159,1.5200759503356571,0.4230769230769231
160,2.145643178638693,0.46153846153846156
161,1.845898622294195,0.5384615384615384
162,1.7781393819528812,0.46153846153846156
163,1.655756390906495,0.5
164,2.0205171902718573,0.4230769230769231
165,1.645063366425909,0.5
166,2.0793588481723377,0.46153846153846156
167,2.0728302752215666,0.5
168,1.9090368878721262,0.6153846153846154
169,1.90303928335828,0.5384615384615384
170,1.9168273184191233,0.46153846153846156
171,2.005957338686154,0.5
172,2.0653496130770588,0.46153846153846156
173,2.1414462254018787,0.5384615384615384
174,1.925780712752649,0.46153846153846156
175,1.8233175424786665,0.4230769230769231
176,1.6496236048136168,0.4230769230769231
177,2.105203698136288,0.4230769230769231
178,1.6458481546389563,0.46153846153846156
179,1.9591889741380304,0.5
180,1.9405106246665884,0.5
181,1.6755639701538974,0.5
182,2.1300083758045485,0.5
183,1.8801733591449017,0.46153846153846156
184,1.7935258592324599,0.5
185,1.8291386794842457,0.46153846153846156
186,1.5585911668131234,0.46153846153846156
187,2.087119892631171,0.5384615384615384
188,1.7734840813807211,0.5
189,1.3695443287821365,0.4230769230769231
190,1.6629167826025482,0.5384615384615384
191,1.8242415907060525,0.46153846153846156
192,1.741334536875012,0.46153846153846156
193,1.8584912976222316,0.4230769230769231
194,1.8597114923752662,0.46153846153846156
195,1.9912742630325497,0.46153846153846156
196,1.8133356991821155,0.5
197,1.637811168424066,0.4230769230769231
198,1.5250632005321876,0.38461538461538464
199,1.795383066445699,0.46153846153846156
200,1.7628721344164564,0.46153846153846156
201,1.7192982254500506,0.5384615384615384
202,1.6111835201221343,0.46153846153846156
203,1.7340097817848406,0.38461538461538464
204,2.0189367712291224,0.4230769230769231
205,2.308594930586103,0.5
206,1.7368782645400884,0.38461538461538464
207,1.657411642427713,0.4230769230769231
208,1.9158643243660594,0.38461538461538464
209,1.8873502633530514,0.5
210,1.457069575753093,0.4230769230769231
211,1.6115972798571305,0.5
212,1.5120092710803021,0.4230769230769231
213,1.3180350408146886,0.4230769230769231
214,1.48001432542974,0.46153846153846156
215,1.6583110158617407,0.46153846153846156
216,1.7914295527916386,0.5
217,1.9537889075511292,0.5
218,1.6413315967284536,0.46153846153846156
219,1.645175400926608,0.4230769230769231
220,1.5727113845603093,0.5
221,1.6886054886541402,0.46153846153846156
222,1.5115787548692718,0.4230769230769231
223,1.4337315344239538,0.46153846153846156
224,1.4277248615525946,0.4230769230769231
225,1.6667925443671048,0.4230769230769231
226,1.2116062664395573,0.4230769230769231
227,1.394702162781138,0.5
228,1.3870381750101823,0.5
229,1.886728805628888,0.38461538461538464
230,1.558921014139388,0.46153846153846156
231,1.3145967765547528,0.5
232,1.8041683884822481,0.46153846153846156
233,1.4813191905829752,0.4230769230769231
234,1.713585081951658,0.5
235,1.4591741397506777,0.5
236,1.5628076474764674,0.4230769230769231
237,1.2184325589088174,0.5384615384615384
238,1.363571176436642,0.5
239,1.6719803512735787,0.46153846153846156
240,1.5476541748451604,0.5
241,1.3180484210969252,0.46153846153846156
242,1.2632572636929926,0.5
243,1.3281572367526473,0.46153846153846156
244,1.3121420497146943,0.4230769230769231
245,1.645555698427752,0.46153846153846156
246,1.423877974747862,0.5
247,1.633644917489132,0.5384615384615384
248,1.308630990546243,0.5
249,1.5322413131576127,0.5384615384615384
250,1.348114217789573,0.46153846153846156
251,1.345528608619352,0.5
252,1.4780207915513155,0.38461538461538464
253,1.144056788659762,0.46153846153846156
254,1.5458152428423824,0.46153846153846156
255,1.1698788928875945,0.46153846153846156
256,1.4885176297028848,0.4230769230769231
257,1.2836945435456624,0.4230769230769231
258,1.422066322743393,0.4230769230769231
259,1.5850824765635363,0.46153846153846156
260,1.2344716438333763,0.38461538461538464
261,1.3318082289818856,0.46153846153846156
262,1.2346012511805249,0.4230769230769231
263,1.364110865496707,0.38461538461538464
264,1.0890621539871772,0.5
265,1.3775212963333519,0.38461538461538464
266,1.2820105366930976,0.46153846153846156
267,1.3629951706562171,0.5384615384615384
268,1.084633050145587,0.46153846153846156
269,1.150650838057245,0.38461538461538464
270,1.3989567778890892,0.38461538461538464
271,1.5313124838151455,0.4230769230769231
272,1.2615020418391008,0.4230769230769231
273,1.2522354227278116,0.4230769230769231
274,1.1102445295302785,0.38461538461538464
275,1.2332540698989578,0.4230769230769231
276,1.3068374518101762,0.38461538461538464
277,1.0589889937725823,0.5
278,1.006874370913319,0.4230769230769231
279,1.2054735948571969,0.38461538461538464
280,1.1934706971797269,0.34615384615384615
281,1.056902598851012,0.46153846153846156
282,1.317190634436769,0.38461538461538464
283,1.5675222841225307,0.38461538461538464
284,1.1442411957850105,0.38461538461538464
285,1.1322022475705689,0.3076923076923077
286,1.4209667151146808,0.4230769230769231
287,1.1277672122114448,0.4230769230769231
288,1.3854996255797647,0.38461538461538464
289,1.2291155864509546,0.46153846153846156
290,1.2869602448510096,0.5
291,1.1213524694237522,0.38461538461538464
292,1.3374523392522848,0.4230769230769231
293,1.1633083052888273,0.4230769230769231
294,1.1322662698545476,0.46153846153846156
295,1.586923478964526,0.46153846153846156
296,1.4019051729511607,0.46153846153846156
297,1.2464693936480926,0.4230769230769231
298,1.729428316060936,0.4230769230769231
299,1.2600972778893944,0.46153846153846156
300,1.5110274298187876,0.4230769230769231
301,1.3246421962375132,0.5
302,1.4777572340749456,0.38461538461538464
303,1.2541203249384765,0.46153846153846156
304,1.4629788581037164,0.46153846153846156
305,1.431387775639335,0.4230769230769231
306,1.246137575881725,0.4230769230769231
307,1.5802346423752798,0.38461538461538464
308,1.0998323965671273,0.5
309,1.640793886658575,0.46153846153846156
310,1.2118779772218575,0.4230769230769231
311,1.3636399195345739,0.4230769230769231
312,1.419019194602145,0.46153846153846156
313,1.2927875647757565,0.4230769230769231
314,1.2144589884998573,0.4230769230769231
315,0.9540112894523711,0.46153846153846156
316,1.5232055221642824,0.46153846153846156
317,1.0900294045818317,0.46153846153846156
318,1.2384819399262996,0.46153846153846156
319,1.3072259271747197,0.5
320,1.6879328715684112,0.4230769230769231
321,1.4487319331323918,0.46153846153846156
322,1.7018184749404863,0.5
323,1.1771659354557307,0.46153846153846156
324,1.0796850491257572,0.4230769230769231
325,1.3146994801484082,0.46153846153846156
326,1.1807583117880158,0.4230769230769231
327,1.2250951443837668,0.38461538461538464
328,1.1346773100727257,0.38461538461538464
329,0.9996352841558291,0.5
330,1.4009353930115338,0.4230769230769231
331,1.0631301712418613,0.4230769230769231
332,1.0671660020220601,0.38461538461538464
333,1.2677614314147703,0.46153846153846156
334,1.270140564909428,0.4230769230769231
335,1.3051307364110172,0.4230769230769231
336,1.3152370566643854,0.46153846153846156
337,1.1370352583120202,0.34615384615384615
338,1.161126433789605,0.38461538461538464
339,1.576531184118759,0.4230769230769231
340,1.3432394026706094,0.4230769230769231
341,1.3913245527689884,0.4230769230769231
342,1.3150992943702913,0.46153846153846156
343,1.2973148216384116,0.46153846153846156
344,1.6053246207705714,0.38461538461538464
345,1.142224002668986,0.46153846153846156
346,1.2960179535814094,0.4230769230769231
347,1.3594163460172004,0.34615384615384615
348,1.4680673964608837,0.4230769230769231
349,1.476182934608278,0.4230769230769231
350,1.345982944804439,0.38461538461538464
351,1.0631614194648604,0.4230769230769231
352,1.065757444745441,0.38461538461538464
353,1.3330215014236662,0.38461538461538464
354,1.9665272651979384,0.4230769230769231
355,1.103502906956903,0.46153846153846156
356,1.240172174596518,0.4230769230769231
357,1.1985854452135662,0.38461538461538464
358,1.1626304154429667,0.46153846153846156
359,1.2521856930592083,0.4230769230769231
360,1.0043069458295542,0.46153846153846156
361,1.4122689034864195,0.4230769230769231
362,1.3388978333248538,0.4230769230769231
363,1.2057749713290287,0.4230769230769231
364,1.4223504618901084,0.4230769230769231
365,1.3582125228618351,0.4230769230769231
366,1.3319814078034873,0.4230769230769231
367,1.0332042031923763,0.46153846153846156
368,1.0343647508689822,0.4230769230769231
369,1.223307194001341,0.4230769230769231
370,0.9787077714717638,0.4230769230769231
371,1.03516167853007,0.4230769230769231
372,0.8484719664742504,0.38461538461538464
373,1.1236799555027537,0.4230769230769231
374,1.0784281229286585,0.38461538461538464
375,1.297219761013706,0.4230769230769231
376,1.0694709683001082,0.34615384615384615
377,1.0284656350343955,0.4230769230769231
378,1.1672673534018116,0.38461538461538464
379,0.8698632080644269,0.34615384615384615
380,1.1948985688230847,0.38461538461538464
381,0.9852760084872798,0.38461538461538464
382,1.202525761950536,0.38461538461538464
383,1.1948856526503846,0.4230769230769231
384,0.959577932145554,0.38461538461538464
385,0.880857371955662,0.3076923076923077
386,1.1902911138039047,0.46153846153846156
387,0.7847352374873742,0.38461538461538464
388,0.9795603247052767,0.4230769230769231
389,1.1645830913108037,0.38461538461538464
390,0.8368917266225555,0.4230769230769231
391,0.7540709032839095,0.4230769230769231
392,0.8483737063407004,0.46153846153846156
393,1.042172908822487,0.38461538461538464
394,1.1124247658992132,0.46153846153846156
395,0.7784224679436336,0.4230769230769231
396,0.861286753258566,0.38461538461538464
397,1.0410214119376482,0.4230769230769231
398,0.7426866454657408,0.4230769230769231
399,1.1658314492316895,0.4230769230769231
400,0.7709759587188199,0.46153846153846156
401,0.8221333072285217,0.38461538461538464
402,0.88247352835146,0.46153846153846156
403,0.9924922754850596,0.4230769230769231
404,0.8958550615177407,0.4230769230769231
405,0.8916274403218938,0.38461538461538464
406,1.0820952117483438,0.4230769230769231
407,0.8537405070862136,0.4230769230769231
408,0.774922742150117,0.4230769230769231
409,0.8172735333730707,0.46153846153846156
410,0.9621024315012763,0.46153846153846156
411,0.9297914836789183,0.3076923076923077
412,0.7976630624158241,0.4230769230769231
413,0.7030389430811015,0.4230769230769231
414,0.4883798294893782,0.4230769230769231
415,0.9984079684900289,0.38461538461538464
416,0.8494084753267104,0.4230769230769231
417,0.6472394993012895,0.4230769230769231
418,0.8130858379038899,0.38461538461538464
419,0.7306899397889479,0.46153846153846156
420,0.8507873523968112,0.4230769230769231
421,0.9474805269254261,0.4230769230769231
422,0.7877003805767435,0.46153846153846156
423,0.7039829898887766,0.4230769230769231
424,0.9863932143797864,0.3076923076923077
425,0.733899593706044,0.4230769230769231
426,0.8447479458063574,0.4230769230769231
427,0.8071410715918947,0.4230769230769231
428,0.8170734892783966,0.34615384615384615
429,0.6553829490549838,0.5
430,0.7773554873005297,0.4230769230769231
431,0.8429593486348532,0.34615384615384615
432,0.6799767548872988,0.46153846153846156
433,0.9926057347985495,0.46153846153846156
434,0.8985112478752675,0.4230769230769231
435,0.6896902279076049,0.38461538461538464
436,0.7270492024910391,0.46153846153846156
437,0.8338259804040136,0.34615384615384615
438,0.7431510032778847,0.46153846153846156
439,0.8507324156705938,0.4230769230769231
440,0.9796327387361847,0.38461538461538464
441,0.6331629637989815,0.38461538461538464
442,0.8770533061241026,0.4230769230769231
443,0.7065873458555689,0.34615384615384615
444,0.6184940972407573,0.46153846153846156
445,0.6772476323857415,0.4230769230769231
446,0.8673636391279524,0.4230769230769231
447,0.766848829188842,0.34615384615384615
448,0.6634470161428703,0.4230769230769231
449,0.766407879863968,0.46153846153846156
450,0.8669657023183208,0.3076923076923077
451,0.7507404918327931,0.38461538461538464
452,1.0062156535506965,0.4230769230769231
453,0.8182050904691889,0.4230769230769231
454,0.8336444385230353,0.38461538461538464
455,0.7515089431841835,0.4230769230769231
456,1.1094160599889529,0.4230769230769231
457,0.8251921830708926,0.46153846153846156
458,0.8200679586101982,0.34615384615384615
459,0.819684615637027,0.38461538461538464
460,0.6993965395428092,0.46153846153846156
461,0.7462792133069489,0.46153846153846156
462,0.8508012365425297,0.5
463,0.8859322507126062,0.5
464,0.7959445685192961,0.5
465,0.762384620833342,0.5
466,0.8637146679874763,0.38461538461538464
467,0.8680472389056257,0.4230769230769231
468,0.9584499592192941,0.38461538461538464
469,0.7937310452226152,0.5
470,0.8184345760454299,0.4230769230769231
471,0.7960405194414601,0.46153846153846156
472,0.6995513244563609,0.34615384615384615
473,0.7795258454120337,0.38461538461538464
474,0.6148112620612771,0.38461538461538464
475,0.8750911946894155,0.38461538461538464
476,0.7870268545957353,0.4230769230769231
477,0.7390411879691996,0.34615384615384615
478,0.8024193606617871,0.3076923076923077
479,0.7634623404737617,0.34615384615384615
480,0.7133188110937163,0.34615384615384615
481,0.7910588652228792,0.4230769230769231
482,0.5985451497932401,0.4230769230769231
483,0.9431409786337159,0.38461538461538464
484,0.669333217711408,0.38461538461538464
485,0.667437760178351,0.38461538461538464
486,0.6994520506834996,0.4230769230769231
487,0.7865455792502147,0.46153846153846156
488,0.8457093803382869,0.4230769230769231
489,0.6869583867604043,0.34615384615384615
490,0.608986240837416,0.34615384615384615
491,0.9283215610003341,0.38461538461538464
492,0.6361902061071749,0.4230769230769231
493,0.7204347028585576,0.3076923076923077
494,0.7800246614769661,0.4230769230769231
495,0.8715617616998941,0.34615384615384615
496,0.8991331537214005,0.4230769230769231
497,0.911242552961707,0.4230769230769231
498,0.8355580436323087,0.5
499,0.7152659676190471,0.4230769230769231
500,0.8080566757557599,0.4230769230769231
501,0.6759381683082686,0.4230769230769231
502,0.9684743986856033,0.46153846153846156
503,0.7270593226397355,0.38461538461538464
504,1.014206317951349,0.4230769230769231
505,0.7230073270231276,0.5
506,0.8199832376796263,0.38461538461538464
507,0.8364689966860102,0.4230769230769231
508,0.6742042458823398,0.4230769230769231
509,0.7156246533450772,0.34615384615384615
510,0.5903246346518065,0.34615384615384615
511,0.7889821369556747,0.3076923076923077
512,0.8004573881797734,0.34615384615384615
513,0.8001329763022089,0.4230769230769231
514,0.8042524696748465,0.34615384615384615
515,0.5738276117328782,0.34615384615384615
516,0.8021663596469049,0.38461538461538464
517,0.7704778485326047,0.38461538461538464
518,0.689302558690223,0.38461538461538464
519,0.667033749956258,0.38461538461538464
520,0.6297054316267272,0.3076923076923077
521,0.534114867997816,0.3076923076923077
522,0.5920984774019549,0.34615384615384615
523,0.7514552249127502,0.2692307692307692
524,0.6787757042837219,0.38461538461538464
525,0.6617625503438096,0.3076923076923077
526,0.5966341502492511,0.38461538461538464
527,0.5373624751780754,0.34615384615384615
528,0.5911650782354987,0.3076923076923077
529,0.5869179394965514,0.38461538461538464
530,0.6454890236274315,0.3076923076923077
531,0.6669155535790376,0.34615384615384615
532,0.6122244425172649,0.3076923076923077
533,0.7791637609733133,0.2692307692307692
534,0.6120866200891033,0.2692307692307692
535,0.7181924952642111,0.2692307692307692
536,0.4888313209644779,0.4230769230769231
537,0.5527842848238107,0.38461538461538464
538,0.676889808538208,0.3076923076923077
539,0.6880460168073359,0.2692307692307692
540,0.8560096880780514,0.2692307692307692
541,0.5115010246032123,0.3076923076923077
542,0.6513728502923444,0.34615384615384615
543,0.6332670248328722,0.3076923076923077
544,0.5103816546611539,0.2692307692307692
545,0.6239761401366315,0.34615384615384615
546,0.7188135368863926,0.2692307692307692
547,0.5642045517811174,0.23076923076923078
548,0.6418066305728432,0.3076923076923077
549,0.6396829555374657,0.23076923076923078
550,0.45492209534986916,0.23076923076923078
551,0.6118442509974154,0.34615384615384615
552,0.5279521569456791,0.2692307692307692
553,0.7791313347989344,0.2692307692307692
554,0.6693057089968781,0.34615384615384615
555,0.7555710519854557,0.34615384615384615
556,0.6239671774486895,0.3076923076923077
557,0.48738524674109174,0.2692307692307692
558,0.6263132249630545,0.3076923076923077
559,0.6451937122431568,0.23076923076923078
560,0.7249828969096352,0.2692307692307692
561,0.7471729079457223,0.34615384615384615
562,0.6355194691364794,0.2692307692307692
563,0.6793032560494829,0.2692307692307692
564,0.6703602571288387,0.2692307692307692
565,0.6062811096124188,0.3076923076923077
566,0.7147025746512075,0.3076923076923077
567,0.7478476260418554,0.34615384615384615
568,0.5861743835102349,0.23076923076923078
569,0.6972992563616209,0.3076923076923077
570,0.5960174969346101,0.23076923076923078
571,0.7055723612815097,0.2692307692307692
572,0.43189012632948076,0.34615384615384615
573,0.4789457043942642,0.2692307692307692
574,0.5748280078888093,0.3076923076923077
575,0.5893086524986946,0.3076923076923077
576,0.45645627198698957,0.23076923076923078
577,0.5398401203697136,0.23076923076923078
578,0.4255179320310454,0.19230769230769232
579,0.6118735898317729,0.2692307692307692
580,0.5260508053627904,0.2692307692307692
581,0.470419434401224,0.2692307692307692
582,0.34360947107678985,0.2692307692307692
583,0.45514596995375856,0.23076923076923078
584,0.4205267117248015,0.2692307692307692
585,0.5633850187606346,0.19230769230769232
586,0.6777085649581371,0.23076923076923078
587,0.4353165737030493,0.23076923076923078
588,0.579998687266368,0.23076923076923078
589,0.6020249106205626,0.34615384615384615
590,0.39512218600692295,0.23076923076923078
591,0.36829040003123437,0.23076923076923078
592,0.6487545150647143,0.23076923076923078
593,0.43955575856079676,0.2692307692307692
594,0.49928415635242507,0.23076923076923078
595,0.5129722308209428,0.23076923076923078
596,0.41886101295131883,0.2692307692307692
597,0.44552979138785664,0.23076923076923078
598,0.5196804199074023,0.19230769230769232
599,0.5955374220358203,0.3076923076923077
600,0.48952560740935036,0.2692307692307692
601,0.5274463174694604,0.23076923076923078
602,0.4334925729284431,0.23076923076923078
603,0.5563196136616217,0.2692307692307692
604,0.41866505752909866,0.3076923076923077
605,1.8436208500675728,0.2692307692307692
606,0.5423625148985396,0.2692307692307692
607,0.5789118256798265,0.2692307692307692
608,0.4471587600963418,0.23076923076923078
609,0.6461078970675183,0.2692307692307692
610,0.63860180995662,0.2692307692307692
611,0.44617881967858164,0.2692307692307692
612,0.5151847706439439,0.23076923076923078
613,0.4623447066613835,0.23076923076923078
614,0.47211004926815026,0.19230769230769232
615,0.6172184379580896,0.34615384615384615
616,0.33260728622953417,0.3076923076923077
617,0.4570629441211289,0.2692307692307692
618,0.4450202114997466,0.2692307692307692
619,0.36874714856985413,0.2692307692307692
620,0.43938546296680503,0.19230769230769232
621,0.6223206195083186,0.23076923076923078
622,0.37181855322333446,0.3076923076923077
623,0.4738127231484177,0.19230769230769232
624,0.5557645838982088,0.2692307692307692
625,0.5174037975739161,0.19230769230769232
626,0.4738974600281396,0.23076923076923078
627,0.4095437450859105,0.23076923076923078
628,0.3880231776032468,0.2692307692307692
629,0.26462174091925617,0.19230769230769232
630,0.4042958832061565,0.2692307692307692
631,0.4796797563731148,0.23076923076923078
632,0.42722676344601185,0.19230769230769232
633,0.5558569295199023,0.23076923076923078
634,0.37966571224675727,0.2692307692307692
635,0.4377649872837672,0.19230769230769232
636,0.458300080750087,0.23076923076923078
637,0.5082067199770766,0.23076923076923078
638,0.555111304014428,0.19230769230769232
639,0.3693074758760102,0.2692307692307692
640,0.2220891540429233,0.23076923076923078
641,0.34733979289488603,0.34615384615384615
642,0.4522909566936075,0.23076923076923078
643,0.41916966174289216,0.2692307692307692
644,0.3460397423611563,0.2692307692307692
645,0.376820963972337,0.23076923076923078
646,0.31963336649775176,0.3076923076923077
647,0.3296833615801389,0.23076923076923078
648,0.26059892740533197,0.23076923076923078
649,0.2700183500405129,0.2692307692307692
650,0.2566906535003586,0.23076923076923078
651,0.16862185382778794,0.2692307692307692
652,0.3239516759372085,0.2692307692307692
653,0.2705302648630532,0.2692307692307692
654,0.2612538727371856,0.3076923076923077
655,0.1940918489249448,0.19230769230769232
656,0.1997409371161929,0.23076923076923078
657,0.17973090333948738,0.23076923076923078
658,0.34535963492269106,0.2692307692307692
659,0.40473981987586116,0.23076923076923078
660,0.3119361964691034,0.3076923076923077
661,0.2561624137663885,0.19230769230769232
662,0.2869811490741543,0.23076923076923078
663,0.27704377306339767,0.23076923076923078
664,0.3443675821047041,0.19230769230769232
665,0.3038975095418186,0.2692307692307692
666,0.30473918657546006,0.23076923076923078
667,0.284333886351547,0.23076923076923078
668,0.319478762504267,0.23076923076923078
669,0.41533014446508876,0.19230769230769232
670,0.403648340480387,0.23076923076923078
671,0.24458319926905192,0.2692307692307692
672,0.300564405835428,0.2692307692307692
673,0.20924300414208874,0.3076923076923077
674,0.24350259197027802,0.23076923076923078
675,0.33316263851947037,0.23076923076923078
676,0.25107633902358595,0.23076923076923078
677,0.23522536461293697,0.23076923076923078
678,0.3194924474585763,0.23076923076923078
679,0.46562028201653183,0.19230769230769232
680,0.2578394046074308,0.23076923076923078
681,0.3534140078760135,0.2692307692307692
682,0.2573248574488085,0.23076923076923078
683,0.32355307044604276,0.19230769230769232
684,0.17438823986376528,0.23076923076923078
685,0.31515683550907525,0.2692307692307692
686,0.3935438462139409,0.3076923076923077
687,0.29055098558692016,0.19230769230769232
688,0.22650418663851157,0.15384615384615385
689,0.2991559170153195,0.2692307692307692
690,0.3176651713877705,0.23076923076923078
691,0.13209492224290376,0.19230769230769232
692,0.21043713771821482,0.19230769230769232
693,0.27808231862178623,0.3076923076923077
694,0.2681310145627931,0.23076923076923078
695,0.17555763787942968,0.19230769230769232
696,0.23453500491454404,0.19230769230769232
697,0.21772808742881722,0.2692307692307692
698,0.055571287905778366,0.19230769230769232
699,0.1697216763039866,0.2692307692307692
700,0.14118998619832945,0.2692307692307692
701,0.3472662581830819,0.23076923076923078
702,0.3694285956892047,0.2692307692307692
703,0.11918378777845184,0.19230769230769232
704,0.6012405901683726,0.2692307692307692
705,0.35749998736818567,0.23076923076923078
706,0.396170510358099,0.19230769230769232
707,0.5799078049971209,0.19230769230769232
708,4.181435016576729,0.9230769230769231
709,2.3210135380799652,0.5384615384615384
710,0.550911095519381,0.23076923076923078
711,3.3322183217883055,0.8076923076923077
712,5.380851830407662,0.9615384615384616
713,0.31474815835092773,0.23076923076923078
714,1.1232674649379581,0.2692307692307692
715,0.35630153465482683,0.19230769230769232
716,0.2774198608078331,0.19230769230769232
717,0.5654738582862775,0.3076923076923077
718,0.9350473104009116,0.38461538461538464
719,1.4542959879114488,0.34615384615384615
720,3.1255962841170097,0.5769230769230769
721,3.4366480667118564,0.6538461538461539
722,0.6110580735929658,0.2692307692307692
723,0.7882901974469076,0.3076923076923077
724,1.044485581480906,0.34615384615384615
725,1.0992718676810722,0.34615384615384615
726,4.66914467742526,0.8846153846153846
727,0.8719868819446228,0.3076923076923077
728,0.7504916994310524,0.3076923076923077
729,1.2894806801995575,0.38461538461538464
730,1.89132519260336,0.4230769230769231
731,3.964355846245427,0.8846153846153846
732,0.8573736880454521,0.2692307692307692
733,0.48770378542200943,0.23076923076923078
734,3.1402145015784177,0.6153846153846154
735,6.665135770226968,1.0
736,1.2511205418507123,0.34615384615384615
737,5.410625623119981,0.9230769230769231
738,0.7130199610969328,0.34615384615384615
739,1.0419651560735175,0.34615384615384615
740,1.6338168759925145,0.34615384615384615
741,2.93785977721515,0.5
742,1.2249540326625854,0.4230769230769231
743,0.8233844442237341,0.38461538461538464
744,1.5248021175011381,0.34615384615384615
745,3.4138237691192352,0.7307692307692307
746,1.4419182905696857,0.34615384615384615
747,1.3745023117686108,0.4230769230769231
748,1.5210192446569466,0.2692307692307692
749,2.3091445024095645,0.38461538461538464
750,2.9813065241874197,0.6538461538461539
751,1.3042014829786566,0.38461538461538464
752,2.760794814162245,0.4230769230769231
753,4.445501113776325,0.8076923076923077
754,1.4433724516695507,0.38461538461538464
755,3.3955303264809156,0.5769230769230769
756,1.5247690076841345,0.46153846153846156
757,1.653068566896218,0.34615384615384615
758,2.990446706828706,0.6153846153846154
759,1.6478930159027807,0.34615384615384615
760,0.6494033326505098,0.3076923076923077
761,4.160308647231849,0.8846153846153846
762,0.9613214460849964,0.34615384615384615
763,1.7492739445987013,0.5384615384615384
764,0.9720866652374518,0.38461538461538464
765,5.654424761149563,0.9230769230769231
766,1.8187719017004782,0.4230769230769231
767,1.4474539195266347,0.46153846153846156
768,1.0570917202516377,0.4230769230769231
769,1.3519774053255247,0.46153846153846156
770,1.0935839628755484,0.4230769230769231
771,1.0179380641839246,0.34615384615384615
772,4.107886204292737,0.7692307692307693
773,4.79266277526466,0.9230769230769231
774,0.9828974799930323,0.34615384615384615
775,1.1433522747322007,0.3076923076923077
776,1.1398040736241324,0.38461538461538464
777,3.938840475519909,0.9615384615384616
778,2.0153548998116766,0.38461538461538464
779,4.292885792998673,0.8461538461538461
780,4.8990536389531885,0.8461538461538461
781,4.723213427096577,0.8846153846153846
782,1.320230915983656,0.34615384615384615
783,3.292224111682024,0.6923076923076923
784,4.635006088703469,0.9230769230769231
785,5.228017448189403,0.8846153846153846
786,3.670481168573102,0.7307692307692307
787,3.0895972632616875,0.5
788,4.409927681026763,0.8846153846153846
789,1.3376856870218243,0.5
790,3.822594080514663,0.9230769230769231
791,1.6174439955965534,0.5384615384615384
792,1.6738116008814683,0.6153846153846154
793,5.773309715520868,0.7692307692307693
794,3.951014021632541,0.7692307692307693
795,1.8345298002127683,0.6923076923076923
796,4.2734005558018895,0.7307692307692307
797,1.9436822980293884,0.6153846153846154
798,3.889028387541984,0.7307692307692307
799,3.1588022524711987,0.6153846153846154
800,1.487956422875651,0.6538461538461539
801,1.7200613519180408,0.6153846153846154
802,3.399249428444011,0.7307692307692307
803,2.2284950695677788,0.5769230769230769
804,4.0689455589894346,0.8846153846153846
805,4.175737478758365,0.8076923076923077
806,1.7023992401175145,0.6153846153846154
807,3.6229925111682584,0.7307692307692307
808,4.131111882569204,0.8461538461538461
809,2.8367384509433,0.7307692307692307
810,3.4847116755425085,0.8076923076923077
811,5.6386491822285905,0.6923076923076923
812,2.5656023045020095,0.6538461538461539
813,1.9979880792109186,0.46153846153846156
814,1.5913768364386107,0.46153846153846156
815,2.1782178221630497,0.5384615384615384
816,3.2119529402978406,0.7307692307692307
817,2.9382542015634,0.46153846153846156
818,2.1914727792306627,0.6538461538461539
819,3.9394261135732096,0.8461538461538461
820,3.3048878095959457,0.6538461538461539
821,3.72592183435445,0.7692307692307693
822,1.1588525175649769,0.5384615384615384
823,1.7146566089766149,0.6153846153846154
824,3.6334875044920123,0.7307692307692307
825,2.308686008957873,0.46153846153846156
826,4.053649109163939,1.0
827,4.259463504406386,0.7692307692307693
828,4.157603053817122,0.9230769230769231
829,1.8945953053219928,0.6153846153846154
830,4.455661560412651,0.8461538461538461
831,2.0461456808907768,0.6538461538461539
832,1.4869063528612807,0.46153846153846156
833,1.586224403698222,0.46153846153846156
834,3.6188036845382436,0.8076923076923077
835,3.5320972786263622,0.6923076923076923
836,1.3711721727814554,0.5
837,4.031298203613052,0.7692307692307693
838,3.94942957920767,0.8846153846153846
839,1.21847112235004,0.46153846153846156
840,2.4668782384817374,0.5
841,4.503981566024356,0.8461538461538461
842,4.535168471661394,0.8461538461538461
843,3.90777260043681,0.7692307692307693
844,4.110916192413351,0.8461538461538461
845,5.099276734174475,0.9615384615384616
846,4.6999999252313005,0.8846153846153846
847,4.76674238311086,0.9615384615384616
848,1.4692057584341989,0.38461538461538464
849,1.6329425407823575,0.46153846153846156
850,3.3429387368458015,0.7692307692307693
851,3.5412937890174705,0.7307692307692307
852,4.349383376498093,0.6923076923076923
853,2.052454972951516,0.4230769230769231
854,4.507359969609524,0.6923076923076923
855,1.7813298610004833,0.5384615384615384
856,4.737561461022373,0.9615384615384616
857,3.3641576711323875,0.7307692307692307
858,4.531214620804687,0.8461538461538461
859,5.021863859131929,0.9615384615384616
860,1.9538400504989009,0.4230769230769231
861,1.7106879667713755,0.5769230769230769
862,1.681172699379088,0.5
863,1.79163133792389,0.46153846153846156
864,2.356833976208948,0.5
865,2.0211496124072403,0.46153846153846156
866,1.6839278624467204,0.5384615384615384
867,2.328783807108966,0.6538461538461539
868,1.988906520363912,0.4230769230769231
869,2.1236624287331365,0.5384615384615384
870,1.9703721487989267,0.5384615384615384
871,4.288992317334388,0.8461538461538461
872,3.5856350881620367,0.6923076923076923
873,4.1668543595161465,0.7692307692307693
874,2.0108149645804376,0.5
875,1.848223714068693,0.5
876,1.7942289791745858,0.5384615384615384
877,2.535793206856294,0.5384615384615384
878,2.627313525989352,0.5769230769230769
879,2.13367312119478,0.5769230769230769
880,2.033092783677249,0.5384615384615384
881,3.031121661556927,0.5769230769230769
882,1.9615057513714664,0.5384615384615384
883,1.8812224630477066,0.5769230769230769
884,2.275768068039519,0.5384615384615384
885,1.8858780069327918,0.5384615384615384
886,2.184752046377347,0.5384615384615384
887,3.9153224178634076,0.6923076923076923
888,4.0091795655735565,0.8846153846153846
889,5.184467132490097,0.9615384615384616
890,2.272444949723767,0.5384615384615384
891,5.004277461060311,0.9230769230769231
892,2.0866983427220624,0.5769230769230769
893,2.063456205397328,0.5384615384615384
894,2.3052142509318174,0.5384615384615384
895,2.495790464931895,0.5384615384615384
896,3.049308910756956,0.5769230769230769
897,3.654851218498165,0.7692307692307693
898,4.516465193213918,0.8461538461538461
899,2.0723041041074155,0.5384615384615384
900,4.168281499293089,0.8076923076923077
901,2.537618451264815,0.5
902,2.47740629233264,0.6538461538461539
903,2.399212458487006,0.5384615384615384
904,2.240776744112175,0.5384615384615384
905,3.1912704462431347,0.5
906,2.727256387906804,0.5384615384615384
907,2.915716516933267,0.5769230769230769
908,2.7954784276904174,0.5769230769230769
909,4.251664846291921,0.5
910,2.58260266597867,0.5
911,2.9994849121332807,0.6153846153846154
912,3.6002266819060966,0.6923076923076923
913,2.593446136685027,0.5384615384615384
914,7.042951108904125,0.8461538461538461
915,4.63228944968942,0.8461538461538461
916,5.161932603016452,0.8846153846153846
917,4.495755712887063,0.6923076923076923
918,3.63184110153317,0.5769230769230769
919,3.258059769444996,0.6538461538461539
920,3.819006563744809,0.6923076923076923
921,3.530331107527593,0.6923076923076923
922,4.696761953361427,0.8846153846153846
923,3.141334276501825,0.5769230769230769
924,3.1180854733196153,0.5769230769230769
925,4.247830729443095,0.7307692307692307
926,2.984792436653584,0.5769230769230769
927,4.739764093640781,0.9230769230769231
928,2.332648315569507,0.5384615384615384
929,4.250782743662741,0.8076923076923077
930,4.895039166019199,0.8461538461538461
931,2.5940986593380293,0.5769230769230769
932,3.4301846326463776,0.6923076923076923
933,4.496831892285398,0.9230769230769231
934,2.793033650071286,0.5769230769230769
935,3.7432179559378818,0.6538461538461539
936,2.768192161871954,0.5769230769230769
937,2.8424489218948046,0.5769230769230769
938,4.302012565378679,0.6923076923076923
939,2.8664829949451205,0.6538461538461539
940,3.506438565438008,0.5
941,3.0045964143280672,0.5
942,3.5985843377871483,0.46153846153846156
943,3.768231411361663,0.6923076923076923
944,3.0133780653434075,0.7307692307692307
945,2.7271270350613843,0.7692307692307693
946,4.1175564461662875,0.7307692307692307
947,3.044774049537311,0.7307692307692307
948,3.4812907301209854,0.6538461538461539
949,2.91325181189534,0.6153846153846154
950,3.5828632730506693,0.7692307692307693
951,3.250638757975334,0.6923076923076923
952,3.5052115358894538,0.6153846153846154
953,2.9567731007240665,0.6923076923076923
954,3.493595260424791,0.6538461538461539
955,4.432621574672695,0.6923076923076923
956,3.942646955613299,0.7692307692307693
957,3.3485971842877933,0.6923076923076923
958,3.9227339821342433,0.5769230769230769
959,3.9239683750157686,0.6923076923076923
960,3.7754874532749216,0.6153846153846154
961,3.215716291516263,0.6153846153846154
962,4.5703751137424256,0.7692307692307693
963,4.724657514390271,0.8461538461538461
964,4.075851084141805,0.8461538461538461
965,4.314962066931431,0.7692307692307693
966,3.645556189831981,0.7692307692307693
967,3.836769210273071,0.8461538461538461
968,3.8039249740740124,0.6538461538461539
969,3.467277365809278,0.8461538461538461
970,4.111238708406269,0.8461538461538461
971,3.3803688623663817,0.8846153846153846
972,3.3878548485540505,0.7307692307692307
973,3.850514250689421,0.8076923076923077
974,4.722988598418003,0.8846153846153846
975,4.8520567323512775,0.9230769230769231
976,4.622759018929333,0.9230769230769231
977,2.9741382553176745,0.8076923076923077
978,4.812712110535923,0.8076923076923077
979,3.431881495545447,0.7307692307692307
980,3.5584878020320034,0.7692307692307693
981,5.231392866085233,0.8846153846153846
982,4.269346018728825,0.9230769230769231
983,3.234131609144325,0.6923076923076923
984,3.579873332810071,0.7692307692307693
985,3.6057952288915702,0.7692307692307693
986,2.9278000814955667,0.7692307692307693
987,4.213854873080271,0.7692307692307693
988,3.932596091946543,0.6923076923076923
989,3.0211391579461875,0.6923076923076923
990,4.032054815958235,0.8461538461538461
991,4.2730105158994425,0.8076923076923077
992,4.103875318569863,0.9230769230769231
993,3.566923674320881,0.6153846153846154
994,3.908730109044968,0.7307692307692307
995,4.495067194687244,0.9615384615384616
996,3.2852171609892498,0.7307692307692307
997,3.513869461934888,0.6923076923076923
998,3.8284292914618026,0.8076923076923077
999,3.6555518485774856,0.7307692307692307
1000,3.523467922260904,0.7692307692307693
1001,4.077788836196834,0.8076923076923077
1002,3.9746513663973726,0.8076923076923077
1003,3.506334703747843,0.9615384615384616
1004,4.550459060065797,0.8461538461538461
1005,4.5173487577807006,0.9615384615384616
1006,4.101660576031694,0.9230769230769231
1007,3.8249205476364523,0.9230769230769231
1008,4.191352928091061,0.8846153846153846
1009,3.530218779620982,0.8076923076923077
1010,3.957399233464658,0.8461538461538461
1011,4.435940525242287,0.7692307692307693
1012,4.351364216269116,0.8461538461538461
1013,4.520259384870437,0.7692307692307693
1014,4.371773453373121,0.7307692307692307
1015,3.4573719297612615,0.8846153846153846
1016,3.7407720876729194,0.7307692307692307
1017,3.694654259760563,0.8846153846153846
1018,4.138953018063465,0.7692307692307693
1019,3.393923729685291,0.7307692307692307
1020,3.7374900462041936,0.8076923076923077
1021,4.848493886025196,0.8461538461538461
1022,3.613188242471671,0.8461538461538461
1023,3.7013726927200694,0.7692307692307693
1024,3.522433950138006,0.7307692307692307
1025,3.4688734146499933,0.7692307692307693
1026,3.901541226695127,0.7307692307692307
1027,3.611655089877587,0.8076923076923077
1028,4.245417201336962,0.6923076923076923
1029,4.175168812690472,0.8076923076923077
1030,4.057789214084552,0.7692307692307693
1031,3.3271135026007554,0.8846153846153846
1032,3.7992508114029855,0.8461538461538461
1033,3.618178800640094,0.9615384615384616
1034,3.352630299875955,0.8076923076923077
1035,3.194160682203263,0.9230769230769231
1036,4.057991765196212,0.8461538461538461
1037,4.0646795584244595,0.8076923076923077
1038,3.296164984241912,0.9615384615384616
1039,3.6420142040112173,0.9230769230769231
1040,4.043774963844495,0.8846153846153846
1041,4.822692123685355,0.8076923076923077
1042,3.875418963564348,0.9615384615384616
1043,4.235804733999591,0.9230769230769231
1044,4.689138542374191,0.8846153846153846
1045,4.895410586811393,0.8846153846153846
1046,4.584598341158479,0.9615384615384616
1047,4.408938565411006,0.9230769230769231
1048,4.4739821483184015,0.9230769230769231
1049,4.366549339683661,0.9615384615384616
1050,3.953135729740828,0.8846153846153846
1051,3.998956139065313,0.9230769230769231
1052,4.239949515795369,0.8846153846153846
1053,3.1636181817505644,0.8461538461538461
1054,3.8002050148221715,0.8076923076923077
1055,4.275739762627212,1.0
1056,3.262731086015069,0.7307692307692307
1057,3.1834073964521923,0.8076923076923077
1058,5.227311942845937,0.8461538461538461
1059,3.428410874566341,0.8846153846153846
1060,4.15084140569653,0.9230769230769231
1061,3.5464985908673183,0.9615384615384616
1062,3.4683734956380516,0.8461538461538461
1063,4.228504887228662,0.9230769230769231
1064,4.121662601165812,0.7692307692307693
1065,3.6454323948343452,0.9615384615384616
1066,4.7535196942392295,0.7307692307692307
1067,3.9554621799715113,0.8461538461538461
1068,3.9236714707412483,0.8846153846153846
1069,4.316656893831227,0.8846153846153846
1070,4.518554393713003,0.8461538461538461
1071,4.048764364793844,0.8846153846153846
1072,4.481717126281696,0.9615384615384616
1073,5.4125257071378705,0.9230769230769231
1074,3.968325382074925,0.6923076923076923
1075,3.960047909657894,0.8076923076923077
1076,4.013174544550559,0.8461538461538461
1077,3.621731821445031,0.7307692307692307
1078,2.968198059123396,0.7692307692307693
1079,3.4653426345375187,0.8846153846153846
1080,4.32108539773881,0.9230769230769231
1081,4.003163569645282,0.7307692307692307
1082,3.928886515357345,0.8076923076923077
1083,3.5204527537727364,0.7692307692307693
1084,3.7845124447987146,0.7307692307692307
1085,4.457346913432148,0.8076923076923077
1086,4.662747250380498,0.8846153846153846
1087,4.559482113820574,0.7692307692307693
1088,4.6756653766187455,0.7692307692307693
1089,4.26978316941837,0.8076923076923077
1090,3.6210335413354913,0.7692307692307693
1091,4.292288905130377,0.7692307692307693
1092,3.859601346301661,0.7692307692307693
1093,3.992253365885173,0.8076923076923077
1094,3.65030717460969,0.8076923076923077
1095,3.9480730718119648,0.7692307692307693
1096,3.4926842181723305,0.8846153846153846
1097,4.515261197977345,0.8461538461538461
1098,4.398498276601126,0.8076923076923077
1099,3.9017551705264086,0.7692307692307693
1100,3.7691242040688318,0.7307692307692307
1101,4.011124301870029,0.8461538461538461
1102,4.164071295651332,0.8461538461538461
1103,4.257646466088094,0.8076923076923077
1104,4.073656099970889,0.6538461538461539
1105,3.947086448304441,0.6538461538461539
1106,3.0628706494455678,0.8076923076923077
1107,3.6884337075869187,0.6923076923076923
1108,3.025677982978514,0.7692307692307693
1109,3.1243640183540395,0.8076923076923077
1110,3.033319327135665,0.8076923076923077
1111,3.710819961865853,0.8461538461538461
1112,3.366577190701374,0.8461538461538461
1113,3.7978650237448184,0.8846153846153846
1114,3.6643604171920936,0.8076923076923077
1115,3.8773734845377708,0.8846153846153846
1116,3.855081114660668,0.8461538461538461
1117,4.07236439484152,0.8846153846153846
1118,4.986461488657613,0.8461538461538461
1119,4.261745446725987,0.8461538461538461
1120,3.9226152079954324,0.8076923076923077
1121,4.076835455259816,0.8846153846153846
1122,4.124372998355907,0.7692307692307693
1123,4.363529622753338,0.7692307692307693
1124,4.282777652973001,0.7692307692307693
1125,4.0719448598250745,0.8076923076923077
1126,4.156902135599793,0.8076923076923077
1127,4.347893595838383,0.7692307692307693
1128,3.8850514006269137,0.8461538461538461
1129,3.8795012008937526,0.8461538461538461
1130,4.259244135856189,0.7692307692307693
1131,3.971484538802188,0.8076923076923077
1132,3.8244260934533982,0.8461538461538461
1133,3.446665820559564,0.9230769230769231
1134,4.885879001871649,0.7307692307692307
1135,4.6110172018196005,0.8846153846153846
1136,4.436061845254585,0.7692307692307693
1137,4.257937980980024,0.8461538461538461
1138,3.905074715514231,0.8076923076923077
1139,4.085007650321462,0.8461538461538461
1140,4.396704651627604,0.7692307692307693
1141,3.3945769329755295,0.8461538461538461
1142,3.834979070597015,0.8461538461538461
1143,3.6900985321257176,0.8076923076923077
1144,2.8748433972737626,0.6923076923076923
1145,3.3597060087934065,0.6538461538461539
1146,3.2892142686432866,0.7307692307692307
1147,3.3529775575327867,0.8076923076923077
1148,3.106649633617605,0.7692307692307693
1149,3.4197350986836335,0.7307692307692307
1150,3.811501503729528,0.7692307692307693
1151,3.557480930541831,0.7307692307692307
1152,3.161103404434125,0.7307692307692307
1153,3.447952336024053,0.7692307692307693
1154,3.5608675366384714,0.6538461538461539
1155,3.7084044297308076,0.7307692307692307
1156,4.290391965573245,0.8846153846153846
1157,3.8608058734810977,0.8076923076923077
1158,4.13507668261515,0.8461538461538461
1159,4.242862285810283,0.7692307692307693
1160,3.474387605378014,0.8461538461538461
1161,3.925487321796892,0.8076923076923077
1162,4.139180219430363,0.8461538461538461
1163,4.513757615601563,0.9230769230769231
1164,5.048421040855596,0.8846153846153846
1165,4.124944839819274,0.7692307692307693
1166,4.536354828287837,0.8846153846153846
1167,4.160267841539704,0.8076923076923077
1168,4.705711693951073,0.8076923076923077
1169,3.9587703224790043,0.8846153846153846
1170,4.1704632314355266,0.9615384615384616
1171,4.84921140803079,0.9615384615384616
1172,4.113833307846926,0.8846153846153846
1173,4.424778938374425,0.8076923076923077
1174,4.215780668823307,0.8846153846153846
1175,3.393623887800026,0.8076923076923077
1176,4.142500992157727,0.9230769230769231
1177,3.7828433988962304,0.8846153846153846
1178,4.353960139658171,0.9615384615384616
1179,4.018455541267334,0.8846153846153846
1180,5.575587085616815,0.9230769230769231
1181,5.496257832112702,0.8846153846153846
1182,3.984042216179102,0.9230769230769231
1183,4.258961130900346,0.8846153846153846
1184,4.360394513871324,0.8846153846153846
1185,3.875302827791872,0.8846153846153846
1186,3.884048563141614,0.8846153846153846
1187,3.938287740477663,0.9230769230769231
1188,4.075939836809669,0.8846153846153846
1189,5.066730225542573,0.8461538461538461
1190,4.141894300609978,0.8846153846153846
1191,3.5707899579693767,0.8846153846153846
1192,4.006160462622297,0.8461538461538461
1193,3.834785051406746,0.8461538461538461
1194,4.102006253185793,0.8846153846153846
1195,5.260617603971707,0.9230769230769231
1196,5.053204053581341,0.9230769230769231
1197,3.6752787112879277,0.7307692307692307
1198,4.075002751429541,0.8076923076923077
1199,4.2536700974866735,0.8461538461538461
1200,3.6946053412213478,0.8076923076923077
1201,3.4586231402503094,0.7692307692307693
1202,3.879953917003376,0.8076923076923077
1203,5.315862880142489,0.8461538461538461
1204,3.8350953741062526,0.6923076923076923
1205,4.980231344843999,0.8846153846153846
1206,4.46709997601963,0.6923076923076923
1207,3.3329610986956184,0.7307692307692307
1208,3.3030604270411024,0.8076923076923077
1209,3.5690367511618835,0.8076923076923077
1210,3.933341943047327,0.8461538461538461
1211,6.372369098260781,0.7692307692307693
1212,3.734279284082752,0.8461538461538461
1213,4.521264429555004,0.8461538461538461
1214,3.541727640220905,0.8076923076923077
1215,3.757488614139822,0.8461538461538461
1216,3.901583264115188,0.9615384615384616
1217,4.629161005179715,0.9230769230769231
1218,3.9546901572996984,0.9615384615384616
1219,4.38305204834946,0.9615384615384616
1220,3.716606442533262,0.8846153846153846
1221,3.5801159243609773,0.8076923076923077
1222,4.06112802114005,0.9615384615384616
1223,3.7015306787423863,0.8076923076923077
1224,3.581402563461142,0.9230769230769231
1225,4.994473955561253,0.8076923076923077
1226,4.165072187101194,0.8461538461538461
1227,4.096938501106209,0.9230769230769231
1228,3.97197728326008,0.8461538461538461
1229,5.692563985692676,0.9615384615384616
1230,4.387520261760585,0.8461538461538461
1231,3.6252412277374173,0.9230769230769231
1232,4.022791224694018,0.9230769230769231
1233,3.498293063753199,0.8461538461538461
1234,3.365729987954058,0.9230769230769231
1235,3.7848390667154277,0.9615384615384616
1236,3.202193734257917,0.8461538461538461
1237,3.1779398187568146,0.9615384615384616
1238,3.5436103905791283,0.9230769230769231
1239,3.5768118681386074,0.8461538461538461
1240,3.6617324118343975,0.9230769230769231
1241,3.66711778454292,0.8461538461538461
1242,4.6838827327274375,0.8846153846153846
1243,3.7930633516938825,0.8846153846153846
1244,3.3769209473015045,0.8461538461538461
1245,4.201321668655593,0.8461538461538461
1246,3.654980094402041,0.9230769230769231
1247,3.8313138079671942,0.8076923076923077
1248,3.589082491014101,0.8076923076923077
1249,3.55366287880048,0.7307692307692307
1250,3.42785259224435,0.8461538461538461
1251,3.2509474837349783,0.8846153846153846
1252,3.5495304482077357,0.8076923076923077
1253,3.2810099468989677,0.7307692307692307
1254,3.2155793545283267,0.6153846153846154
1255,3.784844605324728,0.7307692307692307
1256,3.444411939784178,0.6538461538461539
1257,3.6716460942801494,0.7307692307692307
1258,3.3079522160931805,0.8846153846153846
1259,3.9712687959356043,0.8076923076923077
1260,3.951198477929046,0.9230769230769231
1261,3.7495910870447657,0.8846153846153846
1262,3.6884334048313008,0.8461538461538461
1263,4.623945795274916,0.9230769230769231
1264,5.107456116480342,0.8846153846153846
1265,3.0714454813959198,0.7692307692307693
1266,3.5897703619000647,0.8076923076923077
1267,3.3861611850042106,0.8461538461538461
1268,3.9287794003221825,0.9230769230769231
1269,3.965028946064829,0.8846153846153846
1270,3.7508331994140174,0.8461538461538461
1271,3.7841195743449987,0.7307692307692307
1272,5.458265663583182,0.8461538461538461
1273,3.7392952335151213,0.6923076923076923
1274,3.7601221180149156,0.8846153846153846
1275,3.941588300034545,0.8846153846153846
1276,4.722047586638557,0.8076923076923077
1277,3.995061498628333,0.9230769230769231
1278,5.086179135544368,0.8461538461538461
1279,4.084914390643396,0.8461538461538461
1280,3.575489265368194,0.8461538461538461
1281,4.066269509072734,0.8846153846153846
1282,3.6925554919303782,0.8846153846153846
1283,3.946865865491513,0.8461538461538461
1284,4.210354758100999,0.9230769230769231
1285,4.903309371763159,0.7692307692307693
1286,4.317906619025016,0.8846153846153846
1287,4.670912399102567,0.9230769230769231
1288,4.858013942870455,1.0
1289,5.158540439729316,0.9615384615384616
1290,5.22228967508147,0.8461538461538461
1291,4.78648022170668,0.8846153846153846
1292,5.117236250651282,0.8846153846153846
1293,4.181170021243357,0.8076923076923077
1294,4.556501187270433,0.8846153846153846
1295,4.989914091385744,0.8461538461538461
1296,4.758251996591372,0.9230769230769231
1297,4.686256219911304,0.8076923076923077
1298,4.245060225929518,0.8076923076923077
1299,4.157542069745358,0.8846153846153846
1300,4.251979991471767,0.8846153846153846
1301,3.6496519497137694,0.8846153846153846
1302,4.473845939778714,0.8461538461538461
1303,3.8005686371689436,0.9230769230769231
1304,3.836488599422276,0.9230769230769231
1305,3.59502735885803,1.0
1306,4.144783406433078,0.9230769230769231
1307,4.0002019461179765,0.8461538461538461
1308,3.5404728381744306,0.9230769230769231
1309,4.23644649678784,0.9615384615384616
1310,3.5495391196137094,0.8461538461538461
1311,4.889168910665414,0.8076923076923077
1312,3.363699664151114,0.7692307692307693
1313,3.4018864353742324,0.8076923076923077
1314,3.2722745352069937,0.7692307692307693
1315,3.9473945791429568,0.8846153846153846
1316,3.7386132610818628,0.8461538461538461
1317,3.9243327468397466,0.7692307692307693
1318,3.2168512976341153,0.8461538461538461
1319,3.240323209237405,0.8461538461538461
1320,4.392579171593581,0.8846153846153846
1321,3.397010500824211,0.7692307692307693
1322,3.556565847895859,0.7307692307692307
1323,3.82408143472457,0.9615384615384616
1324,4.780852064960805,0.8846153846153846
1325,3.9986535510940673,0.8846153846153846
1326,3.7985467635553047,0.9615384615384616
1327,4.677228737318274,0.9230769230769231
1328,3.6748248517921724,0.9230769230769231
1329,4.208826718323068,0.9230769230769231
1330,4.452204252306213,0.8846153846153846
1331,3.935318097482951,0.8846153846153846
1332,4.200038913094098,0.8846153846153846
1333,4.080794301366465,0.8846153846153846
1334,5.036536657720187,0.8846153846153846
1335,4.205075905619388,0.8461538461538461
1336,4.163640815014378,0.8846153846153846
1337,4.012309233210507,0.8461538461538461
1338,4.083867901671256,0.8846153846153846
1339,4.269525510100639,0.8461538461538461
1340,3.864535964519146,0.8461538461538461
1341,4.430072710687689,0.8846153846153846
1342,4.226259458005016,0.8076923076923077
1343,4.401207974658453,0.8461538461538461
1344,4.3007508406376695,0.8461538461538461
1345,4.501791906450536,0.8461538461538461
1346,4.599951522700831,0.8461538461538461
1347,4.506062885572488,0.7692307692307693
1348,4.4822871370540645,0.8461538461538461
1349,4.571845955728769,0.8461538461538461
1350,4.412810096156666,0.8846153846153846
1351,3.7272851814687327,0.8846153846153846
1352,4.625162277077939,0.9230769230769231
1353,3.2090055200268592,0.8076923076923077
1354,3.707511746534565,0.8076923076923077
1355,2.9666086014215702,0.8846153846153846
1356,3.8714932083139004,0.8846153846153846
1357,3.264942883123389,0.8076923076923077
1358,3.8071202560969337,0.8461538461538461
1359,3.522637059082185,0.8076923076923077
1360,4.282071817273823,0.8076923076923077
1361,3.3587238873136687,0.8076923076923077
1362,4.1788005537570285,0.7307692307692307
1363,3.4850422870978335,0.8461538461538461
1364,2.969259162874547,0.8846153846153846
1365,4.214607173736769,0.7692307692307693
1366,2.8432814728640023,0.8846153846153846
1367,4.189816483207442,0.9615384615384616
1368,3.115430988647944,0.7307692307692307
1369,4.491079760944223,0.9230769230769231
1370,3.4321021597713375,0.7692307692307693
1371,2.9200063882743805,0.7692307692307693
1372,4.194726906640817,0.8846153846153846
1373,3.872469872066496,0.8076923076923077
1374,3.726082025677543,0.6538461538461539
1375,3.4404302540889944,0.7692307692307693
1376,3.177276611262604,0.7692307692307693
1377,3.1528129338749498,0.7307692307692307
1378,3.616747820351375,0.8461538461538461
1379,3.332439229238944,0.6923076923076923
1380,3.7804686956731093,0.8076923076923077
1381,4.154951112337807,0.8461538461538461
1382,4.699945965557423,0.9615384615384616
1383,3.2089771019205613,0.8076923076923077
1384,3.78435085671565,0.7692307692307693
1385,3.151862257165147,0.6923076923076923
1386,2.9707629659404136,0.7692307692307693
1387,3.736075441133598,0.7307692307692307
1388,4.209113011306731,0.7692307692307693
1389,3.4356986874878452,0.7307692307692307
1390,3.901131766499385,0.7692307692307693
1391,3.3746511921070383,0.7692307692307693
1392,3.5045373037725405,0.6923076923076923
1393,3.436599978065595,0.8076923076923077
1394,3.8668426537460383,0.8461538461538461
1395,3.160272446825303,0.8076923076923077
1396,3.903827385540488,0.8461538461538461
1397,4.047473514012377,0.8846153846153846
1398,3.0939931322913483,0.8076923076923077
1399,3.3241859333884416,0.7692307692307693
1400,3.410706598344266,0.7692307692307693
1401,3.614751663947599,0.7692307692307693
1402,3.9409218539568664,0.9615384615384616
1403,3.758772274065701,0.9615384615384616
1404,3.4253138493427007,0.9230769230769231
1405,3.3882744192272725,0.9230769230769231
1406,3.457936428380295,0.9615384615384616
1407,3.8658339630239893,0.8846153846153846
1408,3.917275031785786,0.8846153846153846
1409,4.193326319562888,0.9230769230769231
1410,3.463813688983159,0.9230769230769231
1411,3.0978177896224515,0.9230769230769231
1412,3.543370133810746,0.9230769230769231
1413,3.700552403223719,0.8846153846153846
1414,3.5568189733715316,0.9615384615384616
1415,3.431475169360468,0.9230769230769231
1416,3.9736916164211746,0.8846153846153846
1417,5.192856913783595,0.8076923076923077
1418,3.5439306433282622,0.9615384615384616
1419,4.890556131466531,0.9230769230769231
1420,3.321024659715233,0.8846153846153846
1421,3.4249179980392412,0.9230769230769231
1422,4.2177203310604865,0.8076923076923077
1423,6.675214609611503,0.8076923076923077
1424,3.8164417195599056,0.8461538461538461
1425,3.588014504868036,0.8461538461538461
1426,3.8373829338802508,0.7692307692307693
1427,3.7473839924408665,0.6923076923076923
1428,4.2788132096360485,0.8076923076923077
1429,4.487723135064249,1.0
1430,3.8360076434092174,0.8076923076923077
1431,4.18765658404986,0.7692307692307693
1432,3.6147166028027575,0.8076923076923077
1433,3.757689281370968,0.8076923076923077
1434,3.6244419596286845,0.6923076923076923
1435,3.7066834304142553,0.7692307692307693
1436,3.705336010776533,0.7307692307692307
1437,3.8808075410495633,0.8076923076923077
1438,3.7061118343878987,0.8076923076923077
1439,4.349370776069271,0.9230769230769231
1440,3.54652109735746,0.7307692307692307
1441,3.6891390920043294,0.7307692307692307
1442,3.9017337347416707,0.8461538461538461
1443,3.580208182126606,0.8076923076923077
1444,3.8864092822098297,0.8076923076923077
1445,4.141977205924392,0.8846153846153846
1446,4.789069074827845,0.9230769230769231
1447,3.973974876835601,0.8846153846153846
1448,4.294113035537834,0.7692307692307693
1449,3.8474891720689812,0.8461538461538461
1450,3.7302600324923207,0.9615384615384616
1451,4.447198184410153,0.8076923076923077
1452,4.271316230707058,1.0
1453,4.038732329246824,0.8461538461538461
1454,3.407884818568726,0.7692307692307693
1455,4.109824373014759,0.8461538461538461
1456,3.8409806505341395,0.8076923076923077
1457,4.22656842541765,0.8076923076923077
1458,3.9243139442746964,0.8076923076923077
1459,3.6720597354444506,0.7307692307692307
1460,3.8048539384889413,0.8076923076923077
1461,3.841462714549621,0.7307692307692307
1462,4.561406228754469,0.6923076923076923
1463,4.463348572994839,0.8461538461538461
1464,3.702130614217795,0.6923076923076923
1465,4.442549649906008,0.7307692307692307
1466,4.644425812222181,0.7692307692307693
1467,3.359549478232116,0.7307692307692307
1468,4.4989469657336,0.8846153846153846
1469,5.9218198058958205,0.8076923076923077
1470,4.106813121787162,0.8076923076923077
1471,4.269184508892713,0.7307692307692307
1472,4.052992138317211,0.7307692307692307
1473,3.9526086080368006,0.7307692307692307
1474,4.318771649234021,0.8461538461538461
1475,4.260593472528155,0.8846153846153846
1476,3.634478449352258,0.7307692307692307
1477,3.4061376896734283,0.6923076923076923
1478,4.383424198988866,0.8461538461538461
1479,3.397922737825686,0.7307692307692307
1480,4.024170076361563,0.6923076923076923
1481,3.7658754490140103,0.7692307692307693
1482,4.241416575811526,0.6923076923076923
1483,3.7120376503503847,0.8076923076923077
1484,5.418418528755548,0.9615384615384616
1485,3.6584434373093107,0.7692307692307693
1486,3.653737938726394,0.8846153846153846
1487,3.6202260010371328,0.8846153846153846
1488,6.298278166426734,0.9230769230769231
1489,3.5440850542751647,0.7692307692307693
1490,4.887958026641391,0.9230769230769231
1491,3.8571118591425813,0.8076923076923077
1492,3.8251203905048063,0.8076923076923077
1493,3.416169694201861,0.8076923076923077
1494,4.9219549422958115,0.8846153846153846
1495,5.009382676340062,0.9615384615384616
1496,4.321380121227807,0.9615384615384616
1497,3.8718674061821794,0.7307692307692307
1498,4.863164913850878,0.8076923076923077
1499,4.52378431388455,0.8461538461538461
1500,4.230734097584284,0.8076923076923077
