# Trial 2: ath=0.0200  hd=300  reg=1.00e-02  a=0.3000  c=0.1000  L=11  best_er=0.2308
iter,loss,error_rate
1,3.5819294230955228,0.9230769230769231
2,3.740739409712524,0.9230769230769231
3,3.775829817243286,0.9230769230769231
4,3.772345131831659,0.9230769230769231
5,4.052675324023189,0.8846153846153846
6,3.7968906310088597,0.9230769230769231
7,3.350832820507774,0.8076923076923077
8,3.395508061007858,0.8076923076923077
9,3.1821449176389542,0.7692307692307693
10,3.5756956883745756,0.8846153846153846
11,3.8780057317761125,0.8461538461538461
12,3.5746052988864583,0.7692307692307693
13,3.7538370530720875,0.8461538461538461
14,3.3492795671166675,0.8076923076923077
15,3.209451902382447,0.8461538461538461
16,3.202180583238528,0.8076923076923077
17,3.0603824656287753,0.8846153846153846
18,3.1113908367476837,0.8461538461538461
19,2.9450312206536147,0.7692307692307693
20,2.8534897842155873,0.7692307692307693
21,2.989533554010664,0.7692307692307693
22,2.7248429047541,0.7307692307692307
23,3.001862719608437,0.8076923076923077
24,2.617285999171342,0.6923076923076923
25,3.003906110025987,0.7692307692307693
26,2.7980837843935573,0.6923076923076923
27,2.9149455904774078,0.7692307692307693
28,2.65993471063719,0.7692307692307693
29,3.3451905552032892,0.7692307692307693
30,3.1368935160265536,0.6923076923076923
31,2.91304105511825,0.7692307692307693
32,2.682031869592404,0.6923076923076923
33,2.734633628937401,0.7307692307692307
34,2.7355060522786894,0.6538461538461539
35,2.6103982703148003,0.6538461538461539
36,2.411630390441908,0.6538461538461539
37,2.770177180606873,0.6923076923076923
38,2.352328230288207,0.7307692307692307
39,2.7768961404090575,0.6153846153846154
40,2.6337225663870854,0.5769230769230769
41,2.4164368040983213,0.6923076923076923
42,3.2007037168569354,0.6153846153846154
43,2.9491217946186987,0.6538461538461539
44,3.241660442537487,0.7307692307692307
45,2.5653958289008254,0.6153846153846154
46,2.3985101670316205,0.6538461538461539
47,2.9831390502750317,0.6538461538461539
48,2.4423721143845145,0.6538461538461539
49,2.348261275595764,0.6538461538461539
50,2.458126736959477,0.6153846153846154
51,2.603855017170332,0.6153846153846154
52,2.5562870832375486,0.5769230769230769
53,2.252981235606049,0.6538461538461539
54,2.252930231720334,0.5769230769230769
55,2.4148812000931996,0.6923076923076923
56,2.2641597037379313,0.6538461538461539
57,2.096708670742254,0.6923076923076923
58,2.39602320440212,0.7307692307692307
59,2.1521055543743426,0.6538461538461539
60,2.2954505096142093,0.6538461538461539
61,2.1781193224354016,0.5384615384615384
62,2.4313290486608645,0.6153846153846154
63,2.2300092346289464,0.5384615384615384
64,2.318052372220121,0.5384615384615384
65,2.071435786541007,0.5769230769230769
66,2.470588598459063,0.5384615384615384
67,2.175436713807726,0.5384615384615384
68,2.373222895338055,0.5384615384615384
69,2.4290561314157806,0.6153846153846154
70,2.4401106146843663,0.6923076923076923
71,2.170537195915199,0.6153846153846154
72,2.323567950332804,0.5769230769230769
73,2.1255520789805527,0.6923076923076923
74,2.4362916296182098,0.5769230769230769
75,2.234834995518227,0.6153846153846154
76,2.2554818920713284,0.6153846153846154
77,2.199154853010145,0.6923076923076923
78,1.9298102985266552,0.6538461538461539
79,1.6731258492736687,0.6538461538461539
80,1.6269489992689774,0.6153846153846154
81,1.509209557984117,0.5769230769230769
82,1.3615943232274357,0.5
83,1.8934425413128602,0.5769230769230769
84,1.5479307764950914,0.5769230769230769
85,1.718574918898827,0.5
86,1.6581489593781162,0.5769230769230769
87,1.6368931385629861,0.5384615384615384
88,1.653963373400012,0.5384615384615384
89,1.4746095918784379,0.5
90,1.502852904532837,0.5769230769230769
91,1.6993448662363848,0.5769230769230769
92,1.5630920076937258,0.6538461538461539
93,1.6463140140121157,0.5384615384615384
94,1.8644415207589655,0.5384615384615384
95,1.7117943034931606,0.5769230769230769
96,1.6428552148247793,0.5384615384615384
97,1.7610173292681808,0.6153846153846154
98,1.6832314274784868,0.5769230769230769
99,1.6739933464894605,0.5384615384615384
100,1.9704333007014707,0.6153846153846154
101,1.624212359231075,0.5384615384615384
102,1.7414221046068685,0.5769230769230769
103,1.593960147352408,0.5769230769230769
104,1.680738490214234,0.5769230769230769
105,1.6079380663996505,0.6153846153846154
106,1.5091833944929869,0.5769230769230769
107,1.6417678960190583,0.5
108,1.5360764494204653,0.5769230769230769
109,1.4443070735883645,0.6153846153846154
110,1.5808789041704234,0.5769230769230769
111,1.4309230253591374,0.5769230769230769
112,1.5126877011678594,0.5384615384615384
113,1.4947507191928366,0.5384615384615384
114,1.6317520216415313,0.5769230769230769
115,1.6708007027782343,0.5
116,1.6321503707450866,0.5769230769230769
117,1.5506736057736457,0.5384615384615384
118,1.495473997407449,0.5
119,1.6318162916645094,0.5384615384615384
120,1.5312821524137172,0.5384615384615384
121,1.4355910530900562,0.5
122,1.684134537671005,0.5769230769230769
123,1.7796112689902568,0.5
124,1.4294704874853115,0.5384615384615384
125,1.283936389347124,0.5
126,1.4107862668990712,0.46153846153846156
127,1.6061842711504273,0.5
128,1.3327756349218438,0.6153846153846154
129,1.3326069364605533,0.5769230769230769
130,1.4835881791220276,0.5769230769230769
131,1.3615430471862089,0.5384615384615384
132,1.4197944644031086,0.46153846153846156
133,1.3861783300885073,0.5
134,1.2967727352615435,0.4230769230769231
135,1.3224691379634614,0.5
136,1.315897524219635,0.5
137,1.3492523768844795,0.46153846153846156
138,1.1986470730657799,0.46153846153846156
139,1.3300959231887206,0.5384615384615384
140,1.3385559404515561,0.5
141,1.0898508473259754,0.4230769230769231
142,1.1325323833211485,0.5384615384615384
143,1.1764409801832274,0.5769230769230769
144,1.022526654873901,0.5
145,1.1888685326633228,0.5384615384615384
146,1.303274629302813,0.46153846153846156
147,1.2058396237775433,0.4230769230769231
148,0.9470519656170997,0.4230769230769231
149,0.8217997060984064,0.5
150,0.9780852864323903,0.5
151,1.0864262673228695,0.46153846153846156
152,1.011148581760907,0.5
153,0.9516834268770102,0.4230769230769231
154,0.9172813717904331,0.38461538461538464
155,0.8503365177657058,0.5
156,0.9241033997125565,0.38461538461538464
157,0.9116841159288414,0.4230769230769231
158,0.8583793332728185,0.46153846153846156
159,0.926233787751531,0.46153846153846156
160,0.9247161299359745,0.4230769230769231
161,0.8163026298715206,0.4230769230769231
162,0.9268073598850202,0.4230769230769231
163,0.8780030538348722,0.46153846153846156
164,0.9080344960254436,0.38461538461538464
165,0.9514521768489064,0.46153846153846156
166,0.8422413436608727,0.4230769230769231
167,0.8080196911663045,0.4230769230769231
168,0.8246630026127271,0.38461538461538464
169,1.0288717322436272,0.5
170,0.8242117989137858,0.4230769230769231
171,0.7709255392384229,0.46153846153846156
172,0.8681786417123871,0.4230769230769231
173,0.8860074615896463,0.4230769230769231
174,0.8550731410301897,0.46153846153846156
175,0.8102439161588162,0.5
176,0.918798992433767,0.46153846153846156
177,0.8914981821186192,0.5384615384615384
178,0.7976323117211077,0.5384615384615384
179,0.9326171116470858,0.5
180,0.6550796354580894,0.38461538461538464
181,0.69983886126436,0.4230769230769231
182,0.6697460981255379,0.46153846153846156
183,0.645479485691038,0.5
184,0.6616395082113042,0.4230769230769231
185,0.5612496287761646,0.2692307692307692
186,0.678361583512403,0.38461538461538464
187,0.6557273373960215,0.4230769230769231
188,0.8272406378999682,0.46153846153846156
189,0.7456850473298555,0.4230769230769231
190,0.9733358573182254,0.34615384615384615
191,0.8128037888387816,0.38461538461538464
192,0.7051702753661724,0.4230769230769231
193,0.7244232096853249,0.3076923076923077
194,0.7926969880914441,0.4230769230769231
195,0.8663188688435484,0.5
196,0.94647953007919,0.38461538461538464
197,0.6748778633637076,0.38461538461538464
198,0.7621040975216178,0.34615384615384615
199,0.7543134268292779,0.4230769230769231
200,0.7478456929999577,0.46153846153846156
201,0.6495318750341226,0.4230769230769231
202,0.6198603171362365,0.5
203,0.531396304859165,0.38461538461538464
204,0.5820478475780897,0.4230769230769231
205,0.8551177245168597,0.46153846153846156
206,0.6847173100526951,0.34615384615384615
207,0.6780528832727066,0.4230769230769231
208,0.6857438890891681,0.34615384615384615
209,0.749742271747746,0.4230769230769231
210,0.7611779509553416,0.46153846153846156
211,0.8016488487030218,0.5
212,0.7720915401414246,0.38461538461538464
213,0.7095507817098383,0.5
214,0.7985892316099461,0.5384615384615384
215,0.6662432559896638,0.38461538461538464
216,0.7128296951629207,0.46153846153846156
217,0.678058370105389,0.46153846153846156
218,0.7650460765455342,0.5
219,0.723892587927518,0.46153846153846156
220,0.6975997930325786,0.46153846153846156
221,0.671190487422467,0.4230769230769231
222,0.7196859237777291,0.4230769230769231
223,0.6861153003715326,0.46153846153846156
224,0.7673824523999162,0.4230769230769231
225,0.7447590610875965,0.46153846153846156
226,0.8739839641866105,0.46153846153846156
227,0.7384182767615779,0.38461538461538464
228,0.7497562486376173,0.4230769230769231
229,0.7396699716936923,0.4230769230769231
230,0.6039385392716241,0.46153846153846156
231,0.571624591370365,0.4230769230769231
232,0.6216424080105569,0.4230769230769231
233,0.7338701631990627,0.4230769230769231
234,0.5772947095864036,0.38461538461538464
235,0.5999818196536952,0.5
236,0.6514973289130683,0.5
237,0.608461439843206,0.46153846153846156
238,0.5712972440934152,0.4230769230769231
239,0.5744153143760502,0.34615384615384615
240,0.6206108683376041,0.38461538461538464
241,0.6178483610239844,0.38461538461538464
242,0.5894560375261451,0.34615384615384615
243,0.5996607206871727,0.38461538461538464
244,0.5275456672591701,0.3076923076923077
245,0.5127975082687422,0.38461538461538464
246,0.40402112306343607,0.38461538461538464
247,0.4486386592816247,0.4230769230769231
248,0.46611490714920123,0.4230769230769231
249,0.5016198435610182,0.38461538461538464
250,0.44101801031020393,0.46153846153846156
251,0.36272251146200674,0.34615384615384615
252,0.5315744574240697,0.38461538461538464
253,0.38101347682293385,0.34615384615384615
254,0.36215080130566735,0.4230769230769231
255,0.5338477014761445,0.38461538461538464
256,0.3628012738241302,0.3076923076923077
257,0.3133415316269961,0.38461538461538464
258,0.35493009762918915,0.38461538461538464
259,0.5487994915153811,0.38461538461538464
260,0.45836587695128683,0.38461538461538464
261,0.3402785032401052,0.38461538461538464
262,0.35681943691760454,0.34615384615384615
263,0.3490377056625551,0.38461538461538464
264,0.3791112549802853,0.38461538461538464
265,0.33541286156323924,0.34615384615384615
266,0.3444977983957873,0.34615384615384615
267,0.3345610341300742,0.34615384615384615
268,0.4401317980922088,0.4230769230769231
269,0.389830303481431,0.2692307692307692
270,0.2569876725066442,0.38461538461538464
271,0.2983240290552005,0.4230769230769231
272,0.41142318799231603,0.38461538461538464
273,0.27489428857797327,0.38461538461538464
274,0.4127628778451333,0.34615384615384615
275,0.29812343791220375,0.34615384615384615
276,0.33511481360290585,0.34615384615384615
277,0.2563781500649567,0.34615384615384615
278,0.2961654925899091,0.3076923076923077
279,0.28057893653493515,0.2692307692307692
280,0.15255790607155006,0.34615384615384615
281,0.3142678408523185,0.34615384615384615
282,0.25854604926612623,0.3076923076923077
283,0.32460497441511826,0.3076923076923077
284,0.2394426291422489,0.34615384615384615
285,0.1892754223075257,0.34615384615384615
286,0.24316703437546394,0.34615384615384615
287,0.25687792732899695,0.34615384615384615
288,0.23361017305289122,0.2692307692307692
289,0.30984994338105265,0.3076923076923077
290,0.28092337117053034,0.3076923076923077
291,0.24879163738864518,0.3076923076923077
292,0.22235315014257395,0.3076923076923077
293,0.30944047269191444,0.34615384615384615
294,0.30974467848767473,0.34615384615384615
295,0.24323314189436251,0.34615384615384615
296,0.21645356025722418,0.3076923076923077
297,0.207632565224396,0.2692307692307692
298,0.23483248783079214,0.3076923076923077
299,0.21223292402059224,0.34615384615384615
300,0.20359748828837487,0.34615384615384615
301,0.41794219912363806,0.3076923076923077
302,0.3792237527060238,0.34615384615384615
303,2.340439737660116,0.46153846153846156
304,0.4163072717349796,0.23076923076923078
305,0.7913170727136114,0.3076923076923077
306,1.025570103715962,0.38461538461538464
307,1.1667937595771418,0.4230769230769231
308,0.4158641170355044,0.3076923076923077
309,0.4776420841475111,0.3076923076923077
310,0.950071797027098,0.4230769230769231
311,0.590467443850069,0.2692307692307692
312,1.0554768922968694,0.46153846153846156
313,1.1550128543179268,0.38461538461538464
314,0.9213078806291817,0.38461538461538464
315,0.9642182050771533,0.4230769230769231
316,1.1571202009674297,0.4230769230769231
317,2.1878454578284696,0.6153846153846154
318,2.425191063419267,0.6538461538461539
319,1.1744498853160734,0.38461538461538464
320,3.0683368715211476,0.8461538461538461
321,1.4989736132613567,0.4230769230769231
322,0.5095703899943267,0.34615384615384615
323,1.6598205916897737,0.6153846153846154
324,0.7465545531928806,0.34615384615384615
325,0.955198933063307,0.34615384615384615
326,1.1976424281919358,0.34615384615384615
327,0.972996811202139,0.38461538461538464
328,1.7070919647663414,0.6153846153846154
329,3.475980518617995,0.8076923076923077
330,3.1656213226343883,0.6923076923076923
331,2.1264852812345394,0.46153846153846156
332,1.8912448532486033,0.6153846153846154
333,1.152649638593024,0.3076923076923077
334,2.8088217602422056,0.6538461538461539
335,1.830650800207939,0.6538461538461539
336,2.3019350041930586,0.6153846153846154
337,2.859778424805996,0.6538461538461539
338,1.7252225773416874,0.6153846153846154
339,1.4849245945359155,0.5
340,3.570237438854904,0.6923076923076923
341,2.3704346794604327,0.5384615384615384
342,2.439228202216606,0.6153846153846154
343,1.4758368314607968,0.46153846153846156
344,1.471025498262717,0.4230769230769231
345,2.2636734099699436,0.6538461538461539
346,2.868156285872092,0.6923076923076923
347,1.8181141298013321,0.4230769230769231
348,2.92022030025018,0.7307692307692307
349,2.447814412965288,0.6923076923076923
350,2.7850559291224197,0.8076923076923077
351,1.9096943354087905,0.6923076923076923
352,0.9377382828778376,0.5
353,1.6399333377758678,0.5
354,1.2027463389826467,0.5769230769230769
355,0.9575285136182323,0.46153846153846156
356,1.2774888130749154,0.38461538461538464
357,1.5724938109508737,0.5
358,2.1694741478270627,0.6538461538461539
359,3.2967122896328913,0.8076923076923077
360,1.7062783765715044,0.46153846153846156
361,1.7451594180324368,0.5769230769230769
362,1.0844013574172182,0.4230769230769231
363,1.7827284439033095,0.5
364,1.1431863133189495,0.5
365,1.3396787582848653,0.5769230769230769
366,3.3011690794464403,0.7307692307692307
367,1.955932729384187,0.6538461538461539
368,2.5299642983328163,0.5384615384615384
369,1.5635126182119177,0.5384615384615384
370,2.6678699425722416,0.5
371,2.2777777827261065,0.4230769230769231
372,1.4589965249327357,0.5
373,1.7305362803995046,0.5769230769230769
374,1.6096402169728319,0.5
375,1.9220570845710914,0.5769230769230769
376,1.7487183401096678,0.5384615384615384
377,2.865355963194383,0.6153846153846154
378,1.8188364166591442,0.5384615384615384
379,2.8459822670257973,0.6538461538461539
380,2.346307748599541,0.6923076923076923
381,2.3954237336543875,0.6538461538461539
382,3.551875640415451,0.6538461538461539
383,3.5219569246948645,0.6923076923076923
384,2.439993516945534,0.6153846153846154
385,2.003138577515719,0.5
386,1.8393406938609418,0.5384615384615384
387,2.0778872446142307,0.5384615384615384
388,2.297349034737323,0.5384615384615384
389,2.6018003892462493,0.6153846153846154
390,2.9362307026678085,0.7307692307692307
391,2.2858124544669853,0.6923076923076923
392,2.3018011241969654,0.6153846153846154
393,2.7769375365311655,0.8076923076923077
394,2.8126650358009235,0.6923076923076923
395,3.350911934703062,0.7307692307692307
396,3.3988275307004705,0.7692307692307693
397,4.4624979363925785,0.6923076923076923
398,3.5348365046108308,0.8076923076923077
399,2.8531456818069283,0.8076923076923077
400,2.5956249372759865,0.6153846153846154
401,2.7693537287405707,0.6923076923076923
402,2.8279957678720233,0.7307692307692307
403,2.194606369501614,0.6923076923076923
404,3.3932801791507448,0.8076923076923077
405,2.584365599806731,0.6923076923076923
406,4.021904143388371,0.8461538461538461
407,1.9941801929315512,0.6538461538461539
408,3.0121347083784533,0.6923076923076923
409,4.242587875869921,0.6923076923076923
410,2.292596073004305,0.6538461538461539
411,3.702842850768095,0.8461538461538461
412,2.241956902280913,0.6538461538461539
413,3.0705143051786523,0.7692307692307693
414,4.053058468665735,0.8076923076923077
415,2.5912931993147788,0.7692307692307693
416,4.213306026252884,0.8076923076923077
417,2.3576494181903183,0.5769230769230769
418,3.5111000375416275,0.7307692307692307
419,2.445541571261083,0.6923076923076923
420,3.0472156763233436,0.6538461538461539
421,3.57352819891955,0.8461538461538461
422,3.276641214424255,0.9615384615384616
423,2.517446710390333,0.6923076923076923
424,4.276150322232202,0.8461538461538461
425,2.9109679321549073,0.7307692307692307
426,3.5676356200257797,0.7307692307692307
427,3.371985378869283,0.6923076923076923
428,2.824727609989143,0.6538461538461539
429,2.9572152917779917,0.8076923076923077
430,2.229498403628443,0.6538461538461539
431,4.642634663221741,0.9230769230769231
432,2.8351565008243336,0.7692307692307693
433,3.01188920774599,0.6923076923076923
434,3.7740669003202907,0.8461538461538461
435,2.384799356049896,0.6538461538461539
436,4.204844990238332,0.8076923076923077
437,2.969532499083523,0.7692307692307693
438,3.4590654421154015,0.8846153846153846
439,3.45441847019913,0.7692307692307693
440,3.0689343525158934,0.6923076923076923
441,2.606796780071192,0.7692307692307693
442,3.548404939559336,0.8846153846153846
443,3.024955968877601,0.7307692307692307
444,3.3595862254161064,0.9615384615384616
445,2.7772204986827904,0.7692307692307693
446,3.0455495050698564,0.8461538461538461
447,4.337845704683928,0.6538461538461539
448,4.1161838455272965,0.8846153846153846
449,2.6386432784017084,0.8076923076923077
450,4.308744920919271,0.8846153846153846
451,3.354544935295263,0.8846153846153846
452,3.977982489691586,0.8846153846153846
453,2.99950418309665,0.7307692307692307
454,4.123170556589669,0.7692307692307693
455,3.4010695545568916,0.7692307692307693
456,3.1050871498688806,0.7307692307692307
457,2.9876468366323445,0.7692307692307693
458,3.2802844465823715,0.8461538461538461
459,3.239971484190816,0.7692307692307693
460,3.1422413233835975,0.8461538461538461
461,2.6157005145955603,0.7307692307692307
462,4.51700853801763,0.8846153846153846
463,2.5098096388787132,0.7692307692307693
464,3.20308343476048,0.7307692307692307
465,3.12879598324322,0.8076923076923077
466,2.8615512260835567,0.7307692307692307
467,2.5236174173714536,0.7307692307692307
468,2.6345916696442204,0.7692307692307693
469,3.044036482339709,0.7307692307692307
470,2.5324391065681127,0.6538461538461539
471,2.780127342017827,0.6538461538461539
472,3.050945278887765,0.6923076923076923
473,4.153471597770888,0.8461538461538461
474,3.3990629664487853,0.8076923076923077
475,4.304465495661526,0.8461538461538461
476,4.5412805527117985,0.8076923076923077
477,2.9743632728872784,0.6538461538461539
478,3.5699027665984584,0.8461538461538461
479,4.445833781100991,0.8076923076923077
480,2.8861772476028533,0.7307692307692307
481,3.6876354282117774,0.9230769230769231
482,3.2827789045763867,0.7307692307692307
483,3.9106847198368486,0.7692307692307693
484,2.7946118196080127,0.7307692307692307
485,3.014895215047881,0.8461538461538461
486,3.842438129147663,0.8846153846153846
487,3.289502016497263,0.7692307692307693
488,3.581570383511366,0.8846153846153846
489,3.21805763508282,0.7307692307692307
490,3.9811016489439974,0.8846153846153846
491,3.751524891492227,0.8076923076923077
492,3.4887492754548237,0.8076923076923077
493,3.9348675946085483,0.7692307692307693
494,3.0297794036583188,0.7307692307692307
495,3.0004024633427986,0.6923076923076923
496,4.029825933936015,0.7307692307692307
497,4.035583246841751,0.8461538461538461
498,3.0324021830056194,0.7692307692307693
499,3.5558354915741797,0.8076923076923077
500,3.542844271415783,0.7692307692307693
501,4.084013400382089,0.8076923076923077
502,4.203450483465809,0.9230769230769231
503,3.1628639654314687,0.7307692307692307
504,3.0133260877324926,0.6538461538461539
505,3.4109036523849965,0.5769230769230769
506,4.000669570288507,0.8076923076923077
507,3.9748888433719514,0.8846153846153846
508,3.783773519336741,0.7307692307692307
509,4.49680041713235,0.9230769230769231
510,3.2313733115260708,0.8846153846153846
511,4.260970498247641,0.8461538461538461
512,3.8997511000567413,0.8076923076923077
513,4.7893859458023424,0.7692307692307693
514,3.1337755867527024,0.8846153846153846
515,3.3504030851965236,0.7307692307692307
516,4.37229767133419,0.6538461538461539
517,3.9439437004751707,0.7692307692307693
518,4.233256734561959,0.7307692307692307
519,3.9377604638188415,0.7692307692307693
520,3.656041166917506,0.8846153846153846
521,3.705239972910894,0.8076923076923077
522,3.471960442653307,0.8076923076923077
523,3.161583575943004,0.7307692307692307
524,3.2326799049739243,0.7307692307692307
525,2.8041121879014272,0.7692307692307693
526,3.974129519008277,0.9615384615384616
527,3.7383278266341553,0.7307692307692307
528,2.9942041707020475,0.8076923076923077
529,2.8871026964940256,0.6923076923076923
530,3.4278139056146757,0.7307692307692307
531,4.038443900719702,0.7692307692307693
532,2.9288540111887538,0.6923076923076923
533,3.6851008256159785,0.8461538461538461
534,3.69515257103279,0.8846153846153846
535,3.344545247460807,0.8076923076923077
536,4.013189432834421,0.8846153846153846
537,3.1353734292053437,0.6923076923076923
538,3.512295176056427,0.7307692307692307
539,2.910116209618926,0.6923076923076923
540,3.6419044851263527,0.7692307692307693
541,3.6077028796410877,0.8076923076923077
542,3.9315449590622915,0.7307692307692307
543,4.023241203152662,0.8461538461538461
544,3.386426282457117,0.8461538461538461
545,3.4746546062127246,0.6923076923076923
546,3.292134446303848,0.7307692307692307
547,2.2696933751599038,0.6153846153846154
548,2.169166823047749,0.5
549,3.141034709762982,0.7307692307692307
550,2.4496965044665284,0.5
551,3.4924503254133836,0.8461538461538461
552,2.0668890026491247,0.5
553,3.1350069767248256,0.7307692307692307
554,3.2131368218856977,0.7692307692307693
555,2.7802941401108154,0.6923076923076923
556,2.2112277627733605,0.6538461538461539
557,2.906502273767712,0.6538461538461539
558,2.9578562834153344,0.8461538461538461
559,3.990326338943546,0.7692307692307693
560,2.122660998704581,0.6923076923076923
561,3.700920457241006,0.6923076923076923
562,2.684727492790329,0.6923076923076923
563,1.9046323773625866,0.5384615384615384
564,2.0391359019032698,0.5769230769230769
565,1.8721719656854003,0.6153846153846154
566,2.5015964233961707,0.7307692307692307
567,1.9586531251633625,0.5769230769230769
568,4.359438281871339,0.8076923076923077
569,2.6432770739028477,0.6923076923076923
570,3.8156890499689418,0.8461538461538461
571,3.2855134904492926,0.6538461538461539
572,3.817336074465687,0.7307692307692307
573,2.1853395368934136,0.6538461538461539
574,4.160382046526032,0.7307692307692307
575,2.4600983762433692,0.6538461538461539
576,3.144526747520368,0.6923076923076923
577,2.083756247323266,0.6153846153846154
578,3.4261499118648673,0.8076923076923077
579,3.1755346874486094,0.5
580,3.1331341586115404,0.6923076923076923
581,2.3353395253884432,0.7307692307692307
582,4.182059864042924,0.7307692307692307
583,1.9357244464055055,0.5769230769230769
584,2.2508019115102593,0.5384615384615384
585,2.4764598325129983,0.5
586,2.595398380712945,0.6538461538461539
587,2.5402981655185335,0.6923076923076923
588,3.2745731629036734,0.6923076923076923
589,2.177414314173724,0.6153846153846154
590,2.360354237612237,0.5769230769230769
591,2.7066770457002822,0.6153846153846154
592,4.625979248894595,0.8461538461538461
593,4.143689856070458,0.8076923076923077
594,2.959878757148966,0.7307692307692307
595,2.9104764788547586,0.5384615384615384
596,3.806508411721718,0.8846153846153846
597,2.902357504181718,0.6923076923076923
598,4.578793252357054,0.8461538461538461
599,3.754811769017858,0.8076923076923077
600,2.160016526235656,0.6153846153846154
601,2.9627363231626234,0.6153846153846154
602,2.4162979806432743,0.6923076923076923
603,2.98960175028773,0.6153846153846154
604,2.230043893917344,0.6923076923076923
605,2.83514133082024,0.7692307692307693
606,2.303458294627685,0.5769230769230769
607,3.0756061336141847,0.5769230769230769
608,2.4167826474479703,0.6538461538461539
609,2.5910177848918314,0.7307692307692307
610,2.608223447780463,0.7307692307692307
611,2.797336542655813,0.6923076923076923
612,3.221953049509793,0.7307692307692307
613,2.9897950814412884,0.7307692307692307
614,3.0731303895905544,0.7692307692307693
615,3.9279324978042696,0.6538461538461539
616,3.2922945126738754,0.8076923076923077
617,3.2702493788782054,0.7692307692307693
618,4.671544904772386,0.8461538461538461
619,3.1255210960048436,0.7692307692307693
620,3.247817218142427,0.7307692307692307
621,3.256458947205506,0.6538461538461539
622,3.096369164375319,0.7307692307692307
623,3.146588398623152,0.6923076923076923
624,3.3977127024143887,0.7307692307692307
625,2.995482179055425,0.6538461538461539
626,2.7423403280432037,0.7692307692307693
627,2.9039232146934486,0.7692307692307693
628,2.6957180714604183,0.7307692307692307
629,2.9802178904340466,0.7307692307692307
630,3.9963784179461554,0.8076923076923077
631,2.882447980505285,0.6923076923076923
632,3.149163795723232,0.7307692307692307
633,3.0057001519231745,0.7307692307692307
634,4.005179448984245,0.7692307692307693
635,4.241024323683138,0.8076923076923077
636,2.5765682492208204,0.6923076923076923
637,3.3243512209079444,0.7307692307692307
638,2.8399751934677164,0.6538461538461539
639,3.788333751174916,0.8076923076923077
640,2.7345151537054972,0.7692307692307693
641,2.646469197458064,0.7307692307692307
642,3.2268071585240587,0.7692307692307693
643,4.770891302448966,0.8846153846153846
644,2.585196985345763,0.6923076923076923
645,3.2510710883703737,0.8461538461538461
646,3.088096006659096,0.8076923076923077
647,3.1085626374471795,0.7692307692307693
648,2.703852657551734,0.6923076923076923
649,2.5369480956049775,0.6153846153846154
650,2.550984282638027,0.6538461538461539
651,2.8697329538689553,0.7307692307692307
652,2.959464038294964,0.6923076923076923
653,3.497356640762434,0.6923076923076923
654,2.882416764787756,0.6923076923076923
655,2.8961814561870187,0.7692307692307693
656,3.045274709246252,0.7307692307692307
657,2.5175128891497978,0.6538461538461539
658,2.503023373219936,0.7307692307692307
659,3.4331660021459465,0.6923076923076923
660,2.7205751352804635,0.7307692307692307
661,2.9528038832881727,0.7307692307692307
662,2.575201532899037,0.7307692307692307
663,3.563248115272045,0.7692307692307693
664,2.81088921815772,0.6153846153846154
665,3.2746029599702156,0.6923076923076923
666,3.0210183821864467,0.6538461538461539
667,3.211191364331832,0.6538461538461539
668,3.7053016455502688,0.6923076923076923
669,3.3739300052876926,0.6923076923076923
670,3.174423409651151,0.6923076923076923
671,3.1374479652718437,0.7307692307692307
672,2.6410815583964142,0.7692307692307693
673,2.8107967289514946,0.6923076923076923
674,3.982190164855883,0.6538461538461539
675,3.1478842257652992,0.7307692307692307
676,3.391586962192112,0.7692307692307693
677,2.773793026528735,0.6538461538461539
678,2.5116951327442902,0.5769230769230769
679,2.8264566764844536,0.6538461538461539
680,3.1952319675389647,0.7692307692307693
681,3.7669615750882315,0.7692307692307693
682,3.205988585669434,0.8846153846153846
683,3.501366588722325,0.8846153846153846
684,2.6219167547521485,0.6538461538461539
685,2.8221433602558927,0.7307692307692307
686,2.5299988803167426,0.5769230769230769
687,3.901922504151155,0.7307692307692307
688,2.4658250542863507,0.46153846153846156
689,2.390222773844613,0.6538461538461539
690,2.832306137849874,0.6923076923076923
691,3.6132688554097427,0.8461538461538461
692,3.945931089612659,0.7692307692307693
693,4.294985213116878,0.6923076923076923
694,3.334731538809673,0.8076923076923077
695,2.4792254600610915,0.6923076923076923
696,2.14880529897638,0.5384615384615384
697,4.135545714339575,0.6153846153846154
698,2.24525434710861,0.6923076923076923
699,3.773350888934598,0.7692307692307693
700,3.023396987239627,0.7692307692307693
701,3.4848972967006455,0.6538461538461539
702,2.3536115325438267,0.6538461538461539
703,2.757438097413069,0.6923076923076923
704,2.315144800159401,0.6153846153846154
705,4.928283369476731,0.9230769230769231
706,2.8940453024821093,0.6923076923076923
707,2.9184112549764483,0.6153846153846154
708,2.1161812280955377,0.6153846153846154
709,3.0348326406137085,0.5769230769230769
710,2.9939872148514004,0.6923076923076923
711,2.594124796703663,0.6153846153846154
712,4.4960682059894115,0.8846153846153846
713,3.3802965511215324,0.6923076923076923
714,4.3614369084207345,0.7307692307692307
715,3.198558760765971,0.6923076923076923
716,2.562132534655086,0.6153846153846154
717,2.370164620490593,0.6153846153846154
718,2.6606120624090495,0.6153846153846154
719,2.0597578140882975,0.6153846153846154
720,2.092382791757891,0.5769230769230769
721,2.1703681269024404,0.6153846153846154
722,2.419717871063031,0.6923076923076923
723,2.2792571719472443,0.6153846153846154
724,2.631167252696825,0.7307692307692307
725,2.479986493951315,0.6153846153846154
726,3.930415719262522,0.8076923076923077
727,2.212230328311377,0.6153846153846154
728,1.8268226291019336,0.6153846153846154
729,4.257989392721668,0.7692307692307693
730,2.525401639705257,0.6923076923076923
731,2.4184496978756833,0.5769230769230769
732,2.9594499972371455,0.7307692307692307
733,2.4897555190882388,0.6538461538461539
734,2.251211409449142,0.5769230769230769
735,2.137301179891724,0.5769230769230769
736,3.581339450576343,0.8461538461538461
737,3.0403303648960067,0.7692307692307693
738,2.0799195980084644,0.5769230769230769
739,1.9276854752528105,0.6153846153846154
740,2.4271790610294546,0.6923076923076923
741,2.6638628811626335,0.6538461538461539
742,2.51025903694084,0.6923076923076923
743,4.076751031841605,0.8076923076923077
744,2.712063756001965,0.6923076923076923
745,2.0556763932893634,0.5
746,1.9536098721555564,0.6153846153846154
747,2.138152909240497,0.6153846153846154
748,2.4995433234503004,0.6538461538461539
749,2.374455867070829,0.6538461538461539
750,3.2970378800580376,0.6923076923076923
751,2.1122842861492197,0.5
752,3.4569886720348926,0.8076923076923077
753,2.0060904427813915,0.5384615384615384
754,2.1861612043573935,0.6923076923076923
755,2.171579324444706,0.5769230769230769
756,2.7191110002277563,0.6538461538461539
757,2.6763757737716443,0.6153846153846154
758,2.454494706572715,0.6153846153846154
759,3.7999224734184063,0.8076923076923077
760,2.7665274496311367,0.5769230769230769
761,3.1964162988985345,0.6923076923076923
762,1.8770963013001025,0.5769230769230769
763,2.6031986649172394,0.6923076923076923
764,2.4942117325602453,0.6923076923076923
765,2.0054687939396025,0.6153846153846154
766,2.020446908241202,0.5384615384615384
767,2.0691568744348308,0.5384615384615384
768,2.4225797443993358,0.6153846153846154
769,2.094773845587217,0.6153846153846154
770,2.184540054284539,0.5384615384615384
771,2.2170046435273387,0.5384615384615384
772,2.7127521205185134,0.6153846153846154
773,3.057965370980975,0.6153846153846154
774,2.2175289355264702,0.5384615384615384
775,2.6954770058223136,0.7692307692307693
776,2.2392464729189805,0.5769230769230769
777,2.3176835963175817,0.6153846153846154
778,2.7220745834689106,0.5769230769230769
779,2.4587338811561543,0.5769230769230769
780,2.5087499476274857,0.5769230769230769
781,3.257734734450646,0.6923076923076923
782,2.783962017601829,0.6923076923076923
783,2.3618651277991365,0.6538461538461539
784,3.1796779175414045,0.6538461538461539
785,2.3380086940358087,0.6153846153846154
786,2.3487944928704287,0.5769230769230769
787,2.347203341693654,0.6538461538461539
788,3.545989325691303,0.8076923076923077
789,2.1509407703639507,0.5769230769230769
790,2.599094792227283,0.7307692307692307
791,2.7148165432206284,0.5384615384615384
792,2.5686943960496005,0.6538461538461539
793,2.967491341560286,0.7692307692307693
794,2.9177725370508507,0.6923076923076923
795,2.576450726087494,0.6923076923076923
796,2.937987509706603,0.6538461538461539
797,2.8838077101935204,0.7307692307692307
798,2.845616090441202,0.7692307692307693
799,3.8439863241724384,0.8461538461538461
800,2.0976215980330224,0.7307692307692307
