# Trial 7: ath=0.0153  hd=400  reg=3.14e-02  a=0.0266  c=0.0760  L=14  best_er=0.1923
iter,loss,error_rate
1,4.1831720310408675,0.9615384615384616
2,3.903817980499331,0.9230769230769231
3,3.8532475342897863,0.8846153846153846
4,3.8003174517623153,0.9230769230769231
5,3.9276931613792487,0.9230769230769231
6,4.0385309269092255,0.8846153846153846
7,3.931595140266958,0.8846153846153846
8,3.9370092550240425,0.9615384615384616
9,3.858837051111507,1.0
10,3.767544729185164,0.8846153846153846
11,3.6021568988135524,0.9230769230769231
12,4.021249797420831,0.8846153846153846
13,3.9397352897584677,0.9615384615384616
14,3.7404407047104575,0.8461538461538461
15,3.4074128094500984,0.8846153846153846
16,3.8959697730317515,0.8461538461538461
17,3.3072997886880326,0.9230769230769231
18,3.270813123617514,0.8846153846153846
19,3.369325271567998,0.9230769230769231
20,3.5277341362908055,0.9230769230769231
21,3.4994837333849524,0.8461538461538461
22,3.0736570510102563,0.8461538461538461
23,3.2412503628719467,0.9230769230769231
24,2.9364568732632788,0.8461538461538461
25,3.430332597982139,0.8846153846153846
26,2.8761686437050837,0.9230769230769231
27,3.039194953342148,0.8846153846153846
28,2.9185300944895793,0.9230769230769231
29,2.995593926482885,0.8846153846153846
30,2.8747251294560794,0.8846153846153846
31,3.0685236957909914,0.8846153846153846
32,2.953832803312818,0.8846153846153846
33,2.7204685293013657,0.8846153846153846
34,2.4134779436818667,0.8461538461538461
35,2.865256108102027,0.9230769230769231
36,2.785977795778153,0.9230769230769231
37,2.8611550270972286,0.8846153846153846
38,2.9642892114142274,0.8846153846153846
39,2.8643546387375745,0.8461538461538461
40,3.1747236452541423,0.8846153846153846
41,2.711754725822295,0.8461538461538461
42,2.8541851870700135,0.8846153846153846
43,2.7600350240351688,0.8076923076923077
44,2.688510562531786,0.8846153846153846
45,2.7980975182737717,0.8846153846153846
46,2.4475504162109685,0.8846153846153846
47,2.4302304849546648,0.8076923076923077
48,2.3312454695917277,0.8846153846153846
49,2.6575163735163416,0.9230769230769231
50,2.8477872194016083,0.7307692307692307
51,2.694515000863785,0.9230769230769231
52,2.5630280765905415,0.8461538461538461
53,2.4396221594576275,1.0
54,2.4573284438052267,0.8461538461538461
55,2.998146457108577,0.8846153846153846
56,2.62948373303728,0.8846153846153846
57,2.764597042038335,0.8461538461538461
58,2.286712706408042,0.8461538461538461
59,2.6549758394355485,0.9230769230769231
60,2.621875885516869,0.8846153846153846
61,2.812133312535434,0.9615384615384616
62,2.391210101558967,0.8461538461538461
63,2.7536339163630688,0.8846153846153846
64,2.5815365466180715,0.8846153846153846
65,2.423583121550201,0.8461538461538461
66,2.566553640034567,0.8461538461538461
67,2.3933528375311157,0.8076923076923077
68,2.3613630993697603,0.8846153846153846
69,2.3925477343251877,0.8461538461538461
70,2.4221608242571495,0.8846153846153846
71,2.3530072344930058,0.9230769230769231
72,2.3534983791813735,0.7692307692307693
73,2.3761617295731665,0.8846153846153846
74,2.057362046630299,0.8846153846153846
75,2.1949619520369485,0.8846153846153846
76,2.4573059785009512,0.9230769230769231
77,2.3663788771598133,0.8076923076923077
78,2.4675774046405934,0.8461538461538461
79,2.217515661667044,0.8846153846153846
80,2.014194070251956,0.8461538461538461
81,2.3255028330139114,0.8461538461538461
82,2.4440070810483494,0.8846153846153846
83,2.24480583364181,0.8076923076923077
84,2.1388291901179093,0.8461538461538461
85,1.8931215531004528,0.8076923076923077
86,1.9134194695669038,0.8846153846153846
87,2.218846290468581,0.8461538461538461
88,2.3298764077184204,0.8846153846153846
89,2.1558403848217225,0.8076923076923077
90,2.0410183090129554,0.8076923076923077
91,1.9865269088740116,0.8846153846153846
92,2.039193940609208,0.8461538461538461
93,1.7550172991182498,0.8461538461538461
94,2.0248224422365952,0.8461538461538461
95,2.092010266387245,0.8846153846153846
96,2.301101347803657,0.8846153846153846
97,1.7721593936226476,0.8076923076923077
98,1.9737014533114539,0.7692307692307693
99,1.9245931771572033,0.8461538461538461
100,1.9820898856140379,0.8076923076923077
101,2.0482294803711136,0.8846153846153846
102,2.023392961741364,0.8461538461538461
103,1.8471413791971267,0.8461538461538461
104,2.0697553415748997,0.8461538461538461
105,1.7897856418069797,0.9230769230769231
106,2.059198270304349,0.8076923076923077
107,1.7384611708563575,0.8846153846153846
108,1.946561714636653,0.8076923076923077
109,1.9493640368584764,0.8461538461538461
110,1.8403011035719272,0.8461538461538461
111,1.8375611234791598,0.8461538461538461
112,1.774965884694713,0.8846153846153846
113,2.24726341383995,0.8846153846153846
114,1.6609449520138826,0.8846153846153846
115,1.8271588534938012,0.8461538461538461
116,1.8644985167778048,0.8846153846153846
117,1.6444066334213434,0.8846153846153846
118,1.789444034379239,0.8846153846153846
119,1.8017477418534624,0.8076923076923077
120,1.6733860157591742,0.8846153846153846
121,1.812230248945332,0.8076923076923077
122,1.598806285402035,0.8076923076923077
123,1.6695998777877619,0.8846153846153846
124,1.4715073513903336,0.8076923076923077
125,1.6830862888736662,0.8461538461538461
126,1.8288463796515644,0.8076923076923077
127,1.6816898427662883,0.8461538461538461
128,1.5472755807542895,0.8076923076923077
129,1.6440941536354585,0.8846153846153846
130,1.7668256918780192,0.8076923076923077
131,1.6223333397357376,0.8846153846153846
132,1.597343352143696,0.8461538461538461
133,1.5057050368688527,0.8846153846153846
134,1.6946783987570568,0.8461538461538461
135,1.653106021744371,0.8076923076923077
136,1.7966758621453938,0.8076923076923077
137,1.509307417312828,0.8076923076923077
138,1.5001803505570854,0.8076923076923077
139,1.507942007193924,0.7692307692307693
140,1.5092779350433996,0.7692307692307693
141,1.4467240545996676,0.8461538461538461
142,1.513742230245064,0.8076923076923077
143,1.505347301929329,0.7692307692307693
144,1.5125178417675733,0.8076923076923077
145,1.748880330957558,0.8461538461538461
146,1.6112873389792397,0.8846153846153846
147,1.537075316917175,0.9230769230769231
148,1.3036906774288055,0.8461538461538461
149,1.4508210425478412,0.9230769230769231
150,1.4331701372832621,0.8076923076923077
151,1.6271236261118571,0.8076923076923077
152,1.3744830262019718,0.8846153846153846
153,1.354634683153411,0.7307692307692307
154,1.5386798410405889,0.8076923076923077
155,1.4343713668803573,0.8846153846153846
156,1.525941051147922,0.7307692307692307
157,1.2672518460330782,0.8461538461538461
158,1.3400420868319847,0.8461538461538461
159,1.3436045179156473,0.8076923076923077
160,1.323624071997782,0.7692307692307693
161,1.1836479905787138,0.8076923076923077
162,1.1976796989989404,0.7307692307692307
163,1.362927499173836,0.8076923076923077
164,1.2299622561773362,0.8461538461538461
165,1.6307550181785788,0.7692307692307693
166,1.1576117676062383,0.7692307692307693
167,1.3634589704184874,0.7692307692307693
168,1.4806331236650552,0.8846153846153846
169,1.2127766499197876,0.8846153846153846
170,1.6119236228103255,0.7692307692307693
171,1.2052850067353944,0.9615384615384616
172,1.2119489542034851,0.7692307692307693
173,1.446093674512909,0.7692307692307693
174,1.1551770627760418,0.8461538461538461
175,1.329307167066942,0.8076923076923077
176,1.4067822521490578,0.7692307692307693
177,1.1522683088932144,0.8076923076923077
178,1.0926486754779643,0.7692307692307693
179,1.2145202202278682,0.7692307692307693
180,1.1850920923426695,0.8076923076923077
181,1.2425293003670959,0.7692307692307693
182,1.1559586703720095,0.8076923076923077
183,1.1927385769325518,0.7307692307692307
184,1.22224452765954,0.6923076923076923
185,1.3125694405838222,0.8076923076923077
186,1.2762297471397268,0.8461538461538461
187,1.1692925366522386,0.7307692307692307
188,1.1686394324997176,0.7692307692307693
189,1.2288499247897398,0.8461538461538461
190,1.2734436837226144,0.8076923076923077
191,1.1538122532367279,0.7307692307692307
192,1.1561502517099647,0.8461538461538461
193,1.3091222139304635,0.8461538461538461
194,1.100660855085613,0.7692307692307693
195,1.0631492905954576,0.7307692307692307
196,1.2391255126892973,0.7307692307692307
197,1.111642632114366,0.7692307692307693
198,1.127378691926896,0.6153846153846154
199,1.195765973839654,0.8076923076923077
200,1.134206294505966,0.8076923076923077
201,1.1097070615213882,0.8461538461538461
202,1.0816890589290158,0.6923076923076923
203,1.065438168811033,0.7307692307692307
204,0.9579191589909528,0.8461538461538461
205,1.251604482026082,0.7307692307692307
206,1.2521491838069232,0.8076923076923077
207,0.9626642935075385,0.8846153846153846
208,1.1019207251887546,0.8461538461538461
209,1.1044848215459497,0.7692307692307693
210,1.0457975390929972,0.7307692307692307
211,1.046725924350894,0.8076923076923077
212,1.075734147932946,0.6538461538461539
213,1.0916762892643255,0.7692307692307693
214,1.0875139015549946,0.6923076923076923
215,1.1558165986913327,0.7307692307692307
216,1.1588188386533473,0.7692307692307693
217,1.3328460546301732,0.6538461538461539
218,1.0712147062181958,0.6923076923076923
219,0.9664907560350202,0.7692307692307693
220,0.9980517477086974,0.8461538461538461
221,0.9029347561772463,0.6923076923076923
222,1.0464646002326905,0.7307692307692307
223,1.0050336353505513,0.7692307692307693
224,0.9997172360090043,0.7307692307692307
225,0.8725608177418605,0.6923076923076923
226,1.0547736268418513,0.7307692307692307
227,0.9898901408037912,0.7692307692307693
228,1.1471611716860601,0.6538461538461539
229,0.8852681225738142,0.7692307692307693
230,0.9407612622493362,0.7307692307692307
231,0.8797489975058506,0.8461538461538461
232,1.0922242329001062,0.6538461538461539
233,0.862789826586082,0.7692307692307693
234,0.9868330111502441,0.7692307692307693
235,0.8893883610326694,0.7307692307692307
236,0.9368163971047401,0.8076923076923077
237,0.9104244942898956,0.7692307692307693
238,0.7845714228632312,0.8076923076923077
239,1.1219267359852623,0.8076923076923077
240,0.989733225204493,0.8076923076923077
241,1.0248071811523904,0.6923076923076923
242,0.8360923771903805,0.7692307692307693
243,0.8772451562315009,0.7307692307692307
244,1.0871736566370211,0.6923076923076923
245,0.9529713633168284,0.6923076923076923
246,0.9484695559264673,0.8076923076923077
247,0.888121958002178,0.7692307692307693
248,0.9629330487652368,0.7692307692307693
249,0.7405879608826633,0.6923076923076923
250,0.9347994843424852,0.7307692307692307
251,0.9130757343071365,0.7692307692307693
252,1.0076571242595498,0.8461538461538461
253,0.8582071232945347,0.7692307692307693
254,0.8249683399053245,0.6923076923076923
255,0.8193029579209119,0.7307692307692307
256,0.8682815021358987,0.6923076923076923
257,0.8940413607303599,0.7307692307692307
258,1.0901567612972345,0.6923076923076923
259,1.0615611018959994,0.7307692307692307
260,0.9283386296984499,0.6538461538461539
261,0.7920170201711243,0.6538461538461539
262,0.9328051142596516,0.6153846153846154
263,1.0292725965950424,0.7692307692307693
264,0.9549394627858829,0.7692307692307693
265,0.8033456127981999,0.7307692307692307
266,0.8703773494263234,0.6538461538461539
267,0.9856821820937696,0.7307692307692307
268,0.8956670334133507,0.7307692307692307
269,0.8857240108819155,0.7692307692307693
270,0.8835832591435038,0.6923076923076923
271,0.9286679320151303,0.6923076923076923
272,0.7624949845774367,0.8461538461538461
273,0.8796698081274559,0.7692307692307693
274,0.8741655475914438,0.8076923076923077
275,0.9042213935622461,0.7307692307692307
276,0.8535831871412496,0.6923076923076923
277,0.8097321483354158,0.7692307692307693
278,0.8188113921582394,0.6923076923076923
279,0.8076123689905437,0.7307692307692307
280,0.8717163583679799,0.7692307692307693
281,0.7952768635690095,0.6153846153846154
282,0.7551478126900615,0.6538461538461539
283,0.8408109126679832,0.7692307692307693
284,0.7976815014331224,0.6153846153846154
285,0.7935767593492633,0.6153846153846154
286,0.7459455162383364,0.6923076923076923
287,0.8730686597308557,0.7307692307692307
288,0.7123464646970095,0.7307692307692307
289,0.7317671185535168,0.6153846153846154
290,0.8801203050522037,0.6923076923076923
291,0.8229518640847169,0.6923076923076923
292,0.7633747606270846,0.5384615384615384
293,0.7544529606735155,0.5384615384615384
294,0.737406949806044,0.6923076923076923
295,0.7731847721153113,0.7307692307692307
296,0.7164705784490288,0.6153846153846154
297,0.8328799641966027,0.6153846153846154
298,0.7100286472980013,0.6538461538461539
299,0.8027858557977559,0.6538461538461539
300,0.7619156594933232,0.6538461538461539
301,0.7902925831245562,0.6923076923076923
302,0.7007872718589163,0.6153846153846154
303,0.7977118424052332,0.6153846153846154
304,0.7317402688782946,0.6538461538461539
305,0.7563769779634275,0.6538461538461539
306,0.7908769458768581,0.7307692307692307
307,0.7776771030096379,0.6923076923076923
308,0.7431513321453211,0.6153846153846154
309,0.8130579102355115,0.6923076923076923
310,0.7365033069775979,0.6923076923076923
311,0.7824325492579782,0.6923076923076923
312,0.701100426444333,0.6923076923076923
313,0.8454023867142935,0.6538461538461539
314,0.7872691761137292,0.6923076923076923
315,0.7207376232761988,0.6923076923076923
316,0.6742045614252627,0.7307692307692307
317,0.6431590133929155,0.7307692307692307
318,0.6488214007463804,0.6923076923076923
319,0.6731400429870877,0.6923076923076923
320,0.6468353941018847,0.7307692307692307
321,0.7723631790789822,0.6153846153846154
322,0.6858206679066705,0.6538461538461539
323,0.7063982385477927,0.7307692307692307
324,0.7736483090544475,0.6538461538461539
325,0.7844392045712572,0.6923076923076923
326,0.7506755389716351,0.6923076923076923
327,0.7932711696272925,0.6538461538461539
328,0.73820664831779,0.7307692307692307
329,0.725948746062218,0.6153846153846154
330,0.7677613734927751,0.6923076923076923
331,0.8228446841550974,0.5769230769230769
332,0.6012833067017924,0.6538461538461539
333,0.8487114709795787,0.6538461538461539
334,0.7517669753451064,0.6923076923076923
335,0.7550902668751998,0.5
336,0.722098307331597,0.6538461538461539
337,0.6500252860892881,0.6538461538461539
338,0.7036729218043298,0.6153846153846154
339,0.585682337355089,0.6923076923076923
340,0.7612876169055371,0.6153846153846154
341,0.8208587392293518,0.6538461538461539
342,0.7634190547372448,0.6538461538461539
343,0.7477805199247349,0.6923076923076923
344,0.7725998907444516,0.5769230769230769
345,0.691630741853198,0.7307692307692307
346,0.7759764523805783,0.6923076923076923
347,0.7664271389541759,0.7307692307692307
348,0.6656356233233951,0.6538461538461539
349,0.7124865961293416,0.6153846153846154
350,0.6355513124706316,0.6538461538461539
351,0.656599768344607,0.5769230769230769
352,0.7494640653086733,0.5769230769230769
353,0.7321567951561705,0.6538461538461539
354,0.6330039455869723,0.5769230769230769
355,0.6548480414049846,0.7307692307692307
356,0.6521637788679122,0.6538461538461539
357,0.6919750354716574,0.5769230769230769
358,0.6499636548272116,0.7307692307692307
359,0.5570384622939359,0.6923076923076923
360,0.736567841799376,0.6538461538461539
361,0.5743658918821906,0.7307692307692307
362,0.5661056056324099,0.5384615384615384
363,0.5594594092475904,0.6153846153846154
364,0.6140931033712187,0.5769230769230769
365,0.5706987614021033,0.6153846153846154
366,0.5838969961187699,0.6538461538461539
367,0.5078911313170944,0.6153846153846154
368,0.6507994010661804,0.6153846153846154
369,0.5279237519882516,0.5769230769230769
370,0.6547152985141227,0.6923076923076923
371,0.5823568333082125,0.5769230769230769
372,0.5939332793184429,0.5384615384615384
373,0.6364706348722105,0.6153846153846154
374,0.5748979448820575,0.5
375,0.5398533426770471,0.5
376,0.5925485817871836,0.4230769230769231
377,0.6664172309119154,0.5769230769230769
378,0.6069559396397652,0.5384615384615384
379,0.6200073638491239,0.5769230769230769
380,0.46827735608311105,0.6153846153846154
381,0.5939592560170657,0.6153846153846154
382,0.5319391317516757,0.5384615384615384
383,0.6422301551394916,0.5384615384615384
384,0.4693974219864008,0.6923076923076923
385,0.5589718737060583,0.5769230769230769
386,0.6628567900226243,0.5
387,0.6069256453526815,0.6153846153846154
388,0.530265158624375,0.5769230769230769
389,0.5307823624879515,0.6538461538461539
390,0.6482302512773588,0.46153846153846156
391,0.6062363179078774,0.5384615384615384
392,0.5146757030279296,0.6153846153846154
393,0.5608638428276871,0.5384615384615384
394,0.5158159819941668,0.5769230769230769
395,0.6275452782728208,0.5384615384615384
396,0.6097955366959478,0.6153846153846154
397,0.5873776901206624,0.6153846153846154
398,0.5034192051324871,0.6153846153846154
399,0.5007793245931085,0.5384615384615384
400,0.4938665849500534,0.6153846153846154
401,0.5894859490680102,0.5384615384615384
402,0.4913499590069601,0.5384615384615384
403,0.5355125103475378,0.5
404,0.6884513531627041,0.5769230769230769
405,0.5379136895616177,0.34615384615384615
406,0.5555216722418583,0.46153846153846156
407,0.5239686730188122,0.5384615384615384
408,0.5475061592664754,0.5
409,0.6205058176310789,0.5
410,0.6693478911247492,0.5
411,0.5688542205893117,0.6538461538461539
412,0.5383967048587439,0.5384615384615384
413,0.48233692811242435,0.46153846153846156
414,0.6403740255447521,0.6923076923076923
415,0.47589500525261785,0.5769230769230769
416,0.47973942851367113,0.5769230769230769
417,0.611691283800238,0.5384615384615384
418,0.5572439716792688,0.5384615384615384
419,0.4356921000362508,0.5384615384615384
420,0.5546010796353462,0.46153846153846156
421,0.3649315526962513,0.6153846153846154
422,0.5427127903746789,0.5769230769230769
423,0.686606070417918,0.46153846153846156
424,0.5789175205543806,0.6153846153846154
425,0.5833813907956951,0.46153846153846156
426,0.6497949942142216,0.46153846153846156
427,0.5906644400162522,0.5769230769230769
428,0.48147382351591306,0.4230769230769231
429,0.5663800526788463,0.46153846153846156
430,0.48019769221159514,0.5
431,0.5052759482289768,0.5384615384615384
432,0.6097222570303722,0.38461538461538464
433,0.4645543151220082,0.46153846153846156
434,0.49960421328046456,0.5
435,0.5191660670518061,0.5
436,0.47004371135978573,0.5384615384615384
437,0.47206325682733263,0.38461538461538464
438,0.5774874931791056,0.4230769230769231
439,0.5124003113805506,0.3076923076923077
440,0.502142240348411,0.4230769230769231
441,0.3787435585121961,0.4230769230769231
442,0.48185834559203533,0.4230769230769231
443,0.5141506882856546,0.5
444,0.5803449016994335,0.34615384615384615
445,0.41394268409304935,0.4230769230769231
446,0.5943040022526236,0.4230769230769231
447,0.480501834550942,0.5384615384615384
448,0.5003061958445802,0.5384615384615384
449,0.5841559316383416,0.5384615384615384
450,0.6352454711776492,0.46153846153846156
451,0.4089786168752614,0.5
452,0.7233665369770095,0.5
453,0.4989160503845862,0.5
454,0.33865802115542953,0.4230769230769231
455,0.4441177394735756,0.46153846153846156
456,0.43373035169767205,0.46153846153846156
457,0.5089378387625749,0.5
458,0.5555096156826593,0.4230769230769231
459,0.46250791995367013,0.5384615384615384
460,0.6018803795697645,0.46153846153846156
461,0.7333962441703781,0.5
462,0.60232515998766,0.46153846153846156
463,0.4405809189703418,0.46153846153846156
464,0.4168465431852697,0.4230769230769231
465,0.51255497777953,0.38461538461538464
466,0.4323056284034861,0.46153846153846156
467,0.5029565543136463,0.38461538461538464
468,0.5807730556459783,0.5384615384615384
469,0.4473174741714523,0.5
470,0.5212205603154905,0.5
471,0.43040612225360597,0.38461538461538464
472,0.38712256613006923,0.4230769230769231
473,0.5490039715176236,0.5
474,0.5000896837222251,0.38461538461538464
475,0.3980536949775959,0.38461538461538464
476,0.40079135865476534,0.5
477,0.5477715263967982,0.4230769230769231
478,0.3746544562077987,0.4230769230769231
479,0.3041790968489533,0.4230769230769231
480,0.48976911170753423,0.4230769230769231
481,0.41188068000978095,0.5
482,0.4045636641279544,0.46153846153846156
483,0.4694990263502632,0.4230769230769231
484,0.43152890970298774,0.5
485,0.4471365122389055,0.38461538461538464
486,0.30823961655882126,0.38461538461538464
487,0.37396290540556043,0.3076923076923077
488,0.36267315535872724,0.5
489,0.37514134007139255,0.5384615384615384
490,0.4154927157588153,0.46153846153846156
491,0.5340717976376435,0.4230769230769231
492,0.391805469927351,0.34615384615384615
493,0.39374917670564047,0.38461538461538464
494,0.4032803959169833,0.46153846153846156
495,0.33845434262740737,0.38461538461538464
496,0.5087511461547227,0.3076923076923077
497,0.4403728474391295,0.38461538461538464
498,0.39191650703267955,0.38461538461538464
499,0.6141752504041693,0.46153846153846156
500,0.38512827597193944,0.34615384615384615
501,0.2932658574245215,0.34615384615384615
502,0.43734802009258855,0.4230769230769231
503,0.39224238007824486,0.46153846153846156
504,0.4612868065811959,0.38461538461538464
505,0.40186577132192847,0.34615384615384615
506,0.4163140548347921,0.5769230769230769
507,0.37003528501172633,0.4230769230769231
508,0.4165634321639664,0.38461538461538464
509,0.3987075617943834,0.46153846153846156
510,0.39985260838853476,0.5
511,0.3926010970179128,0.3076923076923077
512,0.3768765033373107,0.34615384615384615
513,0.34205470991219844,0.46153846153846156
514,0.3494904928368672,0.46153846153846156
515,0.31714781378124,0.34615384615384615
516,0.31954134922678223,0.46153846153846156
517,0.39071252894982456,0.38461538461538464
518,0.27965613314783644,0.46153846153846156
519,0.35357869824100563,0.38461538461538464
520,0.4795082635950241,0.46153846153846156
521,0.2660957090697367,0.4230769230769231
522,0.31595289852372144,0.38461538461538464
523,0.36497155042258456,0.38461538461538464
524,0.3222670159739902,0.38461538461538464
525,0.44185597147575884,0.34615384615384615
526,0.3711163136182276,0.4230769230769231
527,0.35363044819997125,0.5
528,0.4558782190557036,0.46153846153846156
529,0.3585361436243679,0.4230769230769231
530,0.4018648049100175,0.4230769230769231
531,0.3510924158071642,0.34615384615384615
532,0.3297135277876646,0.34615384615384615
533,0.3675106294399213,0.46153846153846156
534,0.2990873606427922,0.34615384615384615
535,0.3980037134496799,0.4230769230769231
536,0.27878574554494984,0.19230769230769232
537,0.43173692701984834,0.34615384615384615
538,0.36368381359713453,0.34615384615384615
539,0.31284110219357153,0.38461538461538464
540,0.3428218356464652,0.38461538461538464
541,0.3211236050100643,0.34615384615384615
542,0.4001759422668223,0.3076923076923077
543,0.39634514845598856,0.34615384615384615
544,0.4189824211366129,0.38461538461538464
545,0.2115111142871502,0.4230769230769231
546,0.49295377742004476,0.46153846153846156
547,0.20208475477467402,0.5
548,0.4208110495518165,0.38461538461538464
549,0.4460402400227368,0.5
550,0.30918928053876105,0.4230769230769231
551,0.30988366943017276,0.4230769230769231
552,0.3879832564237331,0.3076923076923077
553,0.3319862526589059,0.2692307692307692
554,0.5320605961498543,0.3076923076923077
555,0.37638038871710044,0.34615384615384615
556,0.2954820970736618,0.38461538461538464
557,0.2774545468290852,0.3076923076923077
558,0.24128175589057532,0.3076923076923077
559,0.4050060656016341,0.38461538461538464
560,0.39236307189718467,0.4230769230769231
561,0.2758880106963786,0.38461538461538464
562,0.279733589155021,0.2692307692307692
563,0.259621920273855,0.38461538461538464
564,0.27052924364990183,0.38461538461538464
565,0.2824197473561618,0.46153846153846156
566,0.31371933046114897,0.34615384615384615
567,0.3163812109627484,0.34615384615384615
568,0.30727053450544517,0.3076923076923077
569,0.2555506985483764,0.38461538461538464
570,0.15570771436425268,0.34615384615384615
571,0.24236296032826976,0.34615384615384615
572,0.27240312491690544,0.38461538461538464
573,0.30352436650287196,0.38461538461538464
574,0.26687163642409484,0.3076923076923077
575,0.19545678654334164,0.23076923076923078
576,0.21320274483316526,0.38461538461538464
577,0.32561172374414005,0.4230769230769231
578,0.316109360210167,0.38461538461538464
579,0.30357285123387445,0.34615384615384615
580,0.220656011195695,0.34615384615384615
581,0.2880124582601571,0.38461538461538464
582,0.3238909119808735,0.38461538461538464
583,0.21088061716472684,0.38461538461538464
584,0.37794355636819166,0.38461538461538464
585,0.30120502450339703,0.38461538461538464
586,0.3642909262995442,0.34615384615384615
587,0.26231276839888595,0.3076923076923077
588,0.26299206163317157,0.34615384615384615
589,0.2834534888304252,0.38461538461538464
590,0.26021671908297206,0.3076923076923077
591,0.4063797482826974,0.2692307692307692
592,0.20929381000507252,0.34615384615384615
593,0.2845730012630927,0.3076923076923077
594,0.2597891426883754,0.2692307692307692
595,0.243032729968935,0.34615384615384615
596,0.3606470970835489,0.2692307692307692
597,0.39838326920259837,0.38461538461538464
598,0.25867187833998617,0.2692307692307692
599,0.3010297105066573,0.38461538461538464
600,0.265804114741544,0.34615384615384615
601,0.28267039344303324,0.3076923076923077
602,0.25141682999346004,0.3076923076923077
603,0.3294168713334442,0.3076923076923077
604,0.2787700538988185,0.3076923076923077
605,0.1426549613063881,0.3076923076923077
606,0.24761798929851686,0.38461538461538464
607,0.29077057625145564,0.38461538461538464
608,0.3193350295384696,0.3076923076923077
609,0.3316637809481424,0.38461538461538464
610,0.3652226140386938,0.3076923076923077
611,0.3019581945590013,0.2692307692307692
612,0.21221665219776042,0.38461538461538464
613,0.2571324782273754,0.38461538461538464
614,0.3046473011598603,0.3076923076923077
615,0.2743280011108875,0.3076923076923077
616,0.14467768670419634,0.34615384615384615
617,0.35287370749087765,0.38461538461538464
618,0.22893633529117396,0.38461538461538464
619,0.13787161472952825,0.2692307692307692
620,0.25847177723811665,0.34615384615384615
621,0.34867010487286487,0.3076923076923077
622,0.33045969043293644,0.3076923076923077
623,0.1679313592432301,0.4230769230769231
624,0.22966761359132137,0.4230769230769231
625,0.09287436736919918,0.23076923076923078
626,0.19673782328571843,0.3076923076923077
627,0.41107922920719675,0.34615384615384615
628,0.31033946747052177,0.4230769230769231
629,0.1852047767812821,0.3076923076923077
630,0.19077314679615265,0.34615384615384615
631,0.2964578986579709,0.2692307692307692
632,0.397344690319017,0.4230769230769231
633,0.11094751119631097,0.3076923076923077
634,0.3492148881201671,0.46153846153846156
635,0.131311549851318,0.34615384615384615
636,0.2371121332136128,0.3076923076923077
637,0.23003822363117843,0.34615384615384615
638,0.13779544100895302,0.23076923076923078
639,0.1787322662098214,0.34615384615384615
640,0.20719505604953659,0.34615384615384615
641,0.26737447230794187,0.3076923076923077
642,0.1638986479897686,0.3076923076923077
643,0.16819296700720665,0.34615384615384615
644,0.20945654353320942,0.46153846153846156
645,0.3000564478171097,0.2692307692307692
646,0.2760853447688967,0.3076923076923077
647,0.19176027495638825,0.3076923076923077
648,0.20481884356326185,0.2692307692307692
649,0.3026775852480048,0.38461538461538464
650,0.21310456921318455,0.2692307692307692
651,0.2288982534956796,0.3076923076923077
652,0.2621410837541971,0.2692307692307692
653,0.23657538471774098,0.2692307692307692
654,0.29026174594188525,0.23076923076923078
655,0.19128437883278027,0.2692307692307692
656,0.16868325600449596,0.3076923076923077
657,0.2535652425542958,0.3076923076923077
658,0.22646096595040843,0.38461538461538464
659,0.24640168163405995,0.3076923076923077
660,0.19605989194514217,0.2692307692307692
661,0.32806762297182024,0.2692307692307692
662,0.215807606199669,0.23076923076923078
663,0.15187334117713291,0.23076923076923078
664,0.27943264355819464,0.3076923076923077
665,0.17017996473003505,0.3076923076923077
666,0.24734118903691904,0.3076923076923077
667,0.38188833097627395,0.34615384615384615
668,0.25928083527954504,0.34615384615384615
669,0.3058287027977866,0.3076923076923077
670,0.1946104653635845,0.3076923076923077
671,0.289015340119696,0.2692307692307692
672,0.22012470536589657,0.2692307692307692
673,0.22399862058593634,0.3076923076923077
674,0.2053646139266414,0.3076923076923077
675,0.2621071312640493,0.2692307692307692
676,0.19349766536984303,0.2692307692307692
677,0.13989519834808073,0.2692307692307692
678,0.20529494086794253,0.3076923076923077
679,0.18142386772130115,0.3076923076923077
680,0.23755404297477023,0.34615384615384615
681,0.20703258335693908,0.3076923076923077
682,0.2624842785099588,0.2692307692307692
683,0.2016995231801122,0.38461538461538464
684,0.1303340715341026,0.2692307692307692
685,0.08681008751971042,0.2692307692307692
686,0.09846474395116545,0.3076923076923077
687,0.2699256279714035,0.3076923076923077
688,0.2549817565825947,0.23076923076923078
689,0.15819133375329653,0.38461538461538464
690,0.2309509581373037,0.2692307692307692
691,0.11616526729062304,0.23076923076923078
692,0.20193551507396634,0.3076923076923077
693,0.2639141047538889,0.3076923076923077
694,0.22502144276909153,0.34615384615384615
695,0.18738426379719098,0.3076923076923077
696,0.19714311691768893,0.19230769230769232
697,0.15888698137301693,0.3076923076923077
698,0.05465043691059179,0.2692307692307692
699,0.1655143875797198,0.34615384615384615
700,0.1162014579952313,0.2692307692307692
701,0.1323773860750337,0.19230769230769232
702,0.21716601785945322,0.2692307692307692
703,0.14949707380770594,0.3076923076923077
704,0.21323976514202725,0.2692307692307692
705,0.11459200000835601,0.3076923076923077
706,0.203658052408779,0.3076923076923077
707,0.10765963108826293,0.2692307692307692
708,0.18332415591987994,0.23076923076923078
709,0.07663986775885245,0.23076923076923078
710,0.09528906204756282,0.23076923076923078
711,0.1099141224520026,0.2692307692307692
712,0.17346987055824004,0.23076923076923078
713,0.13203797587814492,0.34615384615384615
714,0.1524461792096199,0.23076923076923078
715,0.15975858427238698,0.2692307692307692
716,0.11526450866703009,0.3076923076923077
717,0.050600000060193384,0.34615384615384615
718,0.047602935993305895,0.23076923076923078
719,0.13332956669940943,0.2692307692307692
720,0.1550864097854996,0.3076923076923077
721,0.25923083872516317,0.2692307692307692
722,0.15642416817094595,0.3076923076923077
723,0.17056127837210422,0.3076923076923077
724,0.1408877805612314,0.3076923076923077
725,0.15982619399283005,0.2692307692307692
726,0.13430036791125488,0.3076923076923077
727,0.07529132036779007,0.3076923076923077
728,0.12814777910028052,0.2692307692307692
729,0.1254541023325788,0.23076923076923078
730,0.16079586349692176,0.34615384615384615
731,0.11555012308727441,0.2692307692307692
732,0.11899586284909436,0.23076923076923078
733,0.17662996634119876,0.2692307692307692
734,0.1473612094945742,0.2692307692307692
735,0.2974425603033186,0.2692307692307692
736,0.06915109406680342,0.2692307692307692
737,0.19624527075443066,0.2692307692307692
738,0.12341121241217934,0.34615384615384615
739,0.18671071063494882,0.23076923076923078
740,0.13189895966859622,0.2692307692307692
741,0.15005690574194608,0.23076923076923078
742,0.20591342148119107,0.2692307692307692
743,0.15667526620929761,0.23076923076923078
744,0.04045311187441847,0.2692307692307692
745,0.07462338304035132,0.23076923076923078
746,0.0981081590286661,0.23076923076923078
747,0.087819169617108,0.3076923076923077
748,0.15483943098511554,0.2692307692307692
749,0.07261495111933902,0.2692307692307692
750,0.07367812965774201,0.23076923076923078
751,0.13806832260999613,0.2692307692307692
752,0.11046598878447655,0.2692307692307692
753,0.13922821895891824,0.23076923076923078
754,0.12763050271289478,0.2692307692307692
755,0.134458213389975,0.2692307692307692
756,0.17849895892005696,0.19230769230769232
757,-0.017355062449192715,0.3076923076923077
758,0.16821029996617787,0.2692307692307692
759,0.23841338866185513,0.2692307692307692
760,0.09657813643600521,0.34615384615384615
761,0.20133405028995277,0.2692307692307692
762,0.2663715927407124,0.2692307692307692
763,0.08692998481300096,0.23076923076923078
764,0.15274119843112244,0.2692307692307692
765,0.05843178519250891,0.34615384615384615
766,0.06689666434434294,0.2692307692307692
767,0.10095249983900789,0.2692307692307692
768,0.08052520102163108,0.2692307692307692
769,0.0823360711693093,0.23076923076923078
770,0.12127319493068178,0.3076923076923077
771,0.10940175223263715,0.2692307692307692
772,0.05186138887090186,0.3076923076923077
773,0.12551949435812038,0.3076923076923077
774,0.12059532872405798,0.3076923076923077
775,0.076788143821366,0.2692307692307692
776,0.04890551529898124,0.34615384615384615
777,0.11553938010021358,0.23076923076923078
778,0.08920061248946487,0.2692307692307692
779,-0.03310322819543554,0.23076923076923078
780,0.21897218452877532,0.34615384615384615
781,0.06565141879676784,0.2692307692307692
782,0.04830984526399407,0.23076923076923078
783,0.12739331346982707,0.2692307692307692
784,0.09689246008199648,0.3076923076923077
785,0.13725348811424487,0.34615384615384615
786,0.05096257226604628,0.34615384615384615
787,0.1613271621916086,0.19230769230769232
788,0.1101847394177593,0.34615384615384615
789,0.0789511464925865,0.23076923076923078
790,0.08900937142572207,0.3076923076923077
791,0.02812758160756479,0.2692307692307692
792,0.03952498336494559,0.3076923076923077
793,0.022127244201785246,0.23076923076923078
794,0.15959494636814453,0.2692307692307692
795,0.12463890835702429,0.2692307692307692
796,0.110811030374935,0.3076923076923077
797,0.1371949960430796,0.2692307692307692
798,0.06464229746643024,0.2692307692307692
799,0.13896965658931348,0.3076923076923077
800,0.016895685673655958,0.3076923076923077
