# word  d0  d1  d2  d3  d4  # vector_size=5
animal  0.24221876  -0.51723039  -0.51324630  0.34673175  0.72980738
dog  0.46235213  -1.35958683  -0.09957586  0.78035378  0.08044883
cat  -0.17094271  -0.13327540  0.12002676  0.46942702  0.52362144
music  1.20313883  0.53754163  -0.77929121  1.54740000  0.54144973
book  0.59480780  0.95092541  -0.52960110  1.65394354  0.44912052
milk  -0.27518693  -1.00686026  -0.10176183  0.06501488  1.58232224
fish  0.18566325  -0.97249359  -0.74084282  0.18805552  1.55804217
food  -0.39750975  -0.23373504  -0.14355370  0.02348174  1.64288735
movie  -1.24497366  -0.08169025  0.43215761  2.05838060  0.96309185
read  1.28088379  0.28121495  -0.25773722  1.54296112  0.75427312
wild  0.35210046  -0.78522009  -0.36456880  0.25100276  0.58027232
screen  -1.74130607  -0.32055384  0.19486019  1.53908050  0.92950475
song  1.05398309  0.79149294  -0.40966475  1.54201019  0.42533553
art  1.20079684  0.70749664  -0.56496751  1.33667207  0.51493734
apple  0.23913074  -0.71148366  -0.53737468  -0.02471508  1.46625078
water  0.18140475  -1.05003107  -0.48910621  -0.07410360  1.23946631
eyes  0.19313656  -0.44897670  -0.39114937  0.23695022  0.55246490
pet  0.28809488  -1.18993914  -0.41806439  0.28059697  0.24924114
hate  -1.22473955  -0.24701865  0.74074483  1.40846586  1.12240279
watch  -0.86839211  -0.77257168  0.37603948  1.67885077  0.97547102
bad  -0.70204604  -0.47554648  0.56731635  1.33767629  0.97854978
