Grid Search QNSPSA — 500 iter/combo, 256 shots
=======================================================
Rank     reg     hd  A_pct   best_er
-------------------------------------------------------
   1   1e-03    500     5%    0.3462
   2   1e-01    500    20%    0.3462
   3   1e-02    500     5%    0.3846
   4   1e-02    500    20%    0.3846
   5   1e-01    200     5%    0.3846
   6   1e-01    500     5%    0.3846
   7   1e-03    200    20%    0.4231
   8   1e-02    200    20%    0.4231
   9   1e-01      0     5%    0.4231
  10   1e-01    200    20%    0.4231
  11   1e-03    500    20%    0.4615
  12   1e-02    200     5%    0.4615
  13   1e-01      0    20%    0.4615
  14   1e-01    200    10%    0.4615
  15   1e-01    500    10%    0.4615
  16   1e-03    200    10%    0.5000
  17   1e-03    500    10%    0.5000
  18   1e-02      0     5%    0.5000
  19   1e-02    200    10%    0.5385
  20   1e-02    500    10%    0.5385
  21   1e-01      0    10%    0.5385
  22   1e-03      0     5%    0.5769
  23   1e-03      0    10%    0.5769
  24   1e-03    200     5%    0.5769
  25   1e-02      0    10%    0.5769
  26   1e-02      0    20%    0.5769
  27   1e-03      0    20%    0.6154

=== MEJOR COMBINACIÓN ===
  regularization: 0.001
  hessian_delay: 500
  spsa_A_pct: 0.05
  best_er: 0.34615384615384615
