Grid Search QNSPSA — 1000 iter/combo, 256 shots
=================================================================
Rank    ath    L     reg     hd   best_er
-------------------------------------------------------
   1   0.03    8   5e-04    700    0.2308
   2   0.05    5   5e-04    700    0.2308
   3   0.03    8   1e-04    700    0.2692
   4   0.03    8   3e-03    700    0.3077
   5   0.04    6   5e-04    500    0.3077
   6   0.03    8   5e-04    500    0.3846
   7   0.04    6   1e-04    500    0.3846
   8   0.04    6   3e-03    200    0.4231
   9   0.04    6   3e-03    300    0.4231
  10   0.04    6   3e-03    700    0.4231
  11   0.05    5   1e-04    700    0.4231
  12   0.03    8   5e-04    200    0.4615
  13   0.05    5   1e-04    300    0.4615
  14   0.05    5   5e-04    300    0.4615
  15   0.05    5   5e-04    500    0.4615
  16   0.03    8   1e-04    200    0.5000
  17   0.03    8   1e-04    500    0.5000
  18   0.03    8   3e-03    200    0.5000
  19   0.03    8   3e-03    500    0.5000
  20   0.04    6   1e-04    300    0.5000
  21   0.04    6   1e-04    700    0.5000
  22   0.04    6   5e-04    700    0.5000
  23   0.04    6   3e-03    500    0.5000
  24   0.05    5   1e-04    500    0.5000
  25   0.05    5   3e-03    200    0.5000
  26   0.03    8   5e-04    300    0.5385
  27   0.04    6   5e-04    200    0.5385
  28   0.04    6   5e-04    300    0.5385
  29   0.05    5   1e-04    200    0.5385
  30   0.05    5   3e-03    300    0.5385
  31   0.05    5   3e-03    700    0.5385
  32   0.03    8   3e-03    300    0.5769
  33   0.05    5   5e-04    200    0.5769
  34   0.05    5   3e-03    500    0.5769
  35   0.03    8   1e-04    300    0.6154
  36   0.04    6   1e-04    200    0.6154

=== MEJOR COMBINACIÓN ===
  ath: 0.03
  regularization: 0.0005
  hessian_delay: 700
  L: 8
  best_er: 0.23076923076923078
