# Trial 2: ath=0.0300  reg=5.00e-04  hd=700  L=8  best_er=0.1538
iter,loss,error_rate
1,3.9760851683463794,0.7307692307692307
2,3.6928144370954223,0.6923076923076923
3,3.8314457352694773,0.6923076923076923
4,3.1699863594446063,0.7307692307692307
5,3.883585445248286,0.7692307692307693
6,4.182477493824905,0.7307692307692307
7,3.6958742225854415,0.6538461538461539
8,3.15654190354873,0.6153846153846154
9,4.120878832011756,0.6538461538461539
10,3.8576374926602424,0.7307692307692307
11,3.7223539881081216,0.5769230769230769
12,3.5991185432563655,0.6153846153846154
13,3.4786868704197462,0.6538461538461539
14,3.6994454981289127,0.5769230769230769
15,3.3542983513240325,0.6538461538461539
16,3.497863965182335,0.6923076923076923
17,3.7037538186035244,0.6153846153846154
18,3.629507038961833,0.6538461538461539
19,3.5272091200558107,0.6153846153846154
20,3.316542918938606,0.6153846153846154
21,3.4173149565798058,0.6153846153846154
22,3.2956012004495037,0.6153846153846154
23,2.8725654881041653,0.6538461538461539
24,3.3622489193292777,0.6538461538461539
25,3.300305047149077,0.6538461538461539
26,3.165054124382508,0.5769230769230769
27,3.212288187658501,0.6923076923076923
28,3.4036493237318504,0.5769230769230769
29,2.7390705130221793,0.6538461538461539
30,3.0794457037792218,0.6153846153846154
31,3.4581682274620498,0.6153846153846154
32,3.2464476885760623,0.6153846153846154
33,2.9434234518445113,0.5769230769230769
34,2.952498688254495,0.7307692307692307
35,3.3810250839943317,0.5769230769230769
36,3.2009376805862564,0.6923076923076923
37,3.394978813956989,0.6538461538461539
38,3.4751722556472973,0.6153846153846154
39,3.456562132314827,0.5769230769230769
40,3.468107384688598,0.6538461538461539
41,3.234267615093411,0.6153846153846154
42,2.8980866820651947,0.6538461538461539
43,2.7910724039022408,0.5384615384615384
44,2.7796996677080372,0.5769230769230769
45,3.057972894402425,0.6538461538461539
46,2.783817469863135,0.5769230769230769
47,3.3887149626372146,0.6153846153846154
48,3.1731270585540496,0.6153846153846154
49,2.7111960174395797,0.5769230769230769
50,2.9326977671289933,0.6153846153846154
51,2.590281212436606,0.6153846153846154
52,2.7134521247964503,0.5769230769230769
53,3.177164032369996,0.6153846153846154
54,2.4941583412082142,0.5384615384615384
55,3.0203853006217516,0.6923076923076923
56,2.8807102222848955,0.5769230769230769
57,2.7509792987355137,0.6538461538461539
58,2.4558645757937168,0.6538461538461539
59,3.0627546570951445,0.6153846153846154
60,2.900530228441746,0.5
61,2.5559198270516035,0.6153846153846154
62,2.9404338848244826,0.5384615384615384
63,3.1060512992495912,0.6538461538461539
64,2.6226344417632736,0.6153846153846154
65,2.5350924913105946,0.6153846153846154
66,2.5557738107914183,0.5
67,2.5226756823956897,0.6153846153846154
68,2.371217367132416,0.6538461538461539
69,2.2447160103227466,0.5769230769230769
70,2.6652383425374784,0.6153846153846154
71,2.109413792631363,0.6538461538461539
72,2.8942339892164037,0.6153846153846154
73,2.2277874624745264,0.6153846153846154
74,2.2642116068614606,0.6538461538461539
75,2.57010796016831,0.6153846153846154
76,2.60154442786277,0.6153846153846154
77,2.270663221343481,0.5769230769230769
78,2.697467429098201,0.6153846153846154
79,2.3503767273933103,0.6153846153846154
80,2.6416281691790315,0.6153846153846154
81,2.7426153517231278,0.5769230769230769
82,2.7943871160660216,0.6923076923076923
83,2.729176618894456,0.7307692307692307
84,1.9214032450064584,0.6923076923076923
85,3.59641144568636,0.6153846153846154
86,2.678620047161586,0.6153846153846154
87,2.442584648394667,0.6153846153846154
88,2.317948356720189,0.6153846153846154
89,2.2255131479524914,0.6153846153846154
90,1.8632929795978028,0.6538461538461539
91,2.3777745918053315,0.6538461538461539
92,2.5729449565886635,0.6538461538461539
93,2.519365980410946,0.6153846153846154
94,2.4778281002453815,0.5769230769230769
95,2.1844030994420436,0.6153846153846154
96,2.3263750492293216,0.6153846153846154
97,2.659038989906018,0.5769230769230769
98,3.418674760736471,0.6538461538461539
99,2.387315356873312,0.6538461538461539
100,2.8986374146280696,0.5769230769230769
101,2.67994675470964,0.6538461538461539
102,2.7965540912972906,0.6538461538461539
103,2.4737899390665334,0.5
104,3.3248176113843564,0.5769230769230769
105,2.63583033687648,0.5769230769230769
106,2.54503564923631,0.5384615384615384
107,2.5340321056945943,0.6153846153846154
108,2.410902377145749,0.6153846153846154
109,2.5981234291672566,0.6153846153846154
110,2.6554514461438288,0.7307692307692307
111,2.610567584052887,0.6923076923076923
112,2.290963470643077,0.6923076923076923
113,2.2767712518687637,0.6538461538461539
114,2.3764679847511636,0.6153846153846154
115,2.3708376043264616,0.6923076923076923
116,2.3280805356172345,0.6153846153846154
117,2.337931609389771,0.6538461538461539
118,2.737492089290501,0.7692307692307693
119,2.2969170345380285,0.5769230769230769
120,2.3422328321503265,0.5769230769230769
121,2.574323866985247,0.6153846153846154
122,2.6558837553849024,0.6538461538461539
123,2.6682995435006363,0.5384615384615384
124,2.5082025188474475,0.6153846153846154
125,2.2023183900040593,0.5769230769230769
126,2.680827796773701,0.5384615384615384
127,2.28413892905791,0.5384615384615384
128,2.9534396532587737,0.6923076923076923
129,2.5684547465747922,0.6923076923076923
130,2.730866829228985,0.5769230769230769
131,2.213716237158561,0.5384615384615384
132,2.989315802835842,0.6538461538461539
133,2.4407723760908673,0.5769230769230769
134,2.141522919993541,0.5769230769230769
135,2.447727372088761,0.5384615384615384
136,3.3269575584345965,0.6153846153846154
137,2.2987757677395146,0.5769230769230769
138,2.5799035448146332,0.5769230769230769
139,2.1415207290180565,0.6153846153846154
140,2.032134085492193,0.5384615384615384
141,2.0352983808833427,0.6153846153846154
142,2.088754641990265,0.5384615384615384
143,2.1607708954051152,0.5769230769230769
144,2.142864403399999,0.5769230769230769
145,2.1623725691767834,0.5769230769230769
146,2.2723126342207256,0.5384615384615384
147,2.033789540728133,0.5
148,3.1927706827719704,0.5384615384615384
149,2.1288941715973606,0.6538461538461539
150,1.94196217366681,0.5769230769230769
151,2.2726381747573425,0.5769230769230769
152,1.7768991834938639,0.5
153,2.920159041388955,0.5384615384615384
154,2.05694084296885,0.5384615384615384
155,1.9839409985561316,0.6538461538461539
156,2.0663853211486254,0.5
157,1.9667719196117361,0.5384615384615384
158,1.9706818663077852,0.5769230769230769
159,1.9861603998538349,0.6153846153846154
160,1.8860344975085592,0.5384615384615384
161,1.8952603578615013,0.5384615384615384
162,2.1481636177465013,0.5
163,2.1073394480468037,0.6153846153846154
164,2.158648096662757,0.5
165,2.090052146008958,0.5769230769230769
166,1.8942320669526886,0.5769230769230769
167,1.7704045844355893,0.5769230769230769
168,1.8891684875853865,0.5384615384615384
169,1.9906699982064928,0.5
170,1.781082918638424,0.6538461538461539
171,1.5613222764039594,0.5384615384615384
172,1.467134947265302,0.6153846153846154
173,1.5223298059970272,0.5769230769230769
174,2.0162114520123575,0.5769230769230769
175,1.702202413402806,0.5384615384615384
176,1.617773338720104,0.5769230769230769
177,1.8915694736860877,0.5769230769230769
178,1.916414287528359,0.5384615384615384
179,1.818994989793348,0.46153846153846156
180,1.5081821319517894,0.5384615384615384
181,1.6461667633394048,0.6153846153846154
182,1.9647756170403863,0.46153846153846156
183,1.657514248263969,0.5769230769230769
184,1.5323579787441326,0.4230769230769231
185,1.464305966829209,0.5384615384615384
186,1.7915566303136876,0.5384615384615384
187,1.738539700940499,0.5
188,1.8716789067992754,0.5
189,1.5328217916415894,0.5384615384615384
190,1.7425868288226363,0.5
191,1.778941424169851,0.5
192,1.6133735008629708,0.5384615384615384
193,1.4117474362361495,0.5
194,1.5622568420568679,0.5
195,1.3404490188479374,0.4230769230769231
196,1.3510274700609926,0.46153846153846156
197,1.3700944440855332,0.4230769230769231
198,1.1931360077794069,0.5
199,1.2707258374074142,0.5
200,1.4700518898854045,0.5384615384615384
201,1.1328771074443598,0.5769230769230769
202,1.022809481259901,0.5
203,1.2353391148601789,0.46153846153846156
204,1.2286144410423123,0.5
205,1.1873681816104236,0.5
206,1.2539298923344835,0.46153846153846156
207,1.267417335325976,0.5384615384615384
208,1.4097402591356174,0.4230769230769231
209,1.053621792732633,0.38461538461538464
210,1.2044318515188857,0.46153846153846156
211,0.9967483447918934,0.46153846153846156
212,1.2952777308872714,0.5
213,1.419087823963034,0.5
214,1.227641711805052,0.5
215,1.3314883631309387,0.46153846153846156
216,1.2560200334064224,0.4230769230769231
217,1.4356163094224375,0.5
218,1.2797531442902805,0.46153846153846156
219,1.057678594151826,0.38461538461538464
220,1.1195206963403095,0.5
221,1.1278927869096118,0.5
222,1.2585818914003855,0.46153846153846156
223,1.0662574388061166,0.46153846153846156
224,1.3164369819519113,0.5
225,1.2297366161790335,0.5
226,1.3009648724259462,0.46153846153846156
227,1.2172498886437881,0.4230769230769231
228,1.2540316085820231,0.38461538461538464
229,1.3715369790156735,0.46153846153846156
230,1.2610213863562691,0.46153846153846156
231,1.2604147885533836,0.4230769230769231
232,1.4442150635471618,0.5
233,1.2420976879911894,0.4230769230769231
234,1.0458965399613178,0.5
235,1.2389385788592813,0.38461538461538464
236,1.26897464657986,0.5
237,1.084837843759777,0.46153846153846156
238,1.369478115116733,0.38461538461538464
239,1.4152588400692103,0.4230769230769231
240,1.1673504744046515,0.34615384615384615
241,1.2951652958703073,0.4230769230769231
242,1.2209292664622278,0.4230769230769231
243,1.3562449050641519,0.46153846153846156
244,1.0429408855958773,0.38461538461538464
245,1.1370632781203716,0.46153846153846156
246,1.0141292252087353,0.4230769230769231
247,1.4535188005799156,0.4230769230769231
248,1.012888071770576,0.46153846153846156
249,1.363673203569931,0.38461538461538464
250,1.395629389337615,0.46153846153846156
251,1.296905141172024,0.34615384615384615
252,1.24481791131729,0.38461538461538464
253,1.3004925164654093,0.5
254,1.2982399026627296,0.4230769230769231
255,1.1161783719181355,0.4230769230769231
256,1.162899500539424,0.4230769230769231
257,1.332624122957577,0.4230769230769231
258,1.1665841373865917,0.46153846153846156
259,1.5102684272340077,0.46153846153846156
260,0.9711449778424921,0.46153846153846156
261,1.3680956166054519,0.46153846153846156
262,1.4123098669962757,0.5384615384615384
263,1.336569993602101,0.5
264,0.9569272969962275,0.5
265,1.3508625589876098,0.46153846153846156
266,1.5080097729114614,0.46153846153846156
267,1.028283957101443,0.34615384615384615
268,1.3518001622048026,0.5
269,1.1595795758898613,0.38461538461538464
270,0.9585015239758157,0.38461538461538464
271,1.353684400160022,0.5
272,1.2574984968342107,0.5
273,0.9848995393154536,0.5
274,1.3327504698198402,0.46153846153846156
275,1.190590542192294,0.38461538461538464
276,1.104856226839773,0.46153846153846156
277,1.0146523267632133,0.38461538461538464
278,0.9683627039860689,0.38461538461538464
279,1.0638032960501214,0.4230769230769231
280,1.1003429594987937,0.4230769230769231
281,1.4504439310707986,0.4230769230769231
282,1.025740264468662,0.4230769230769231
283,1.1627850259918588,0.38461538461538464
284,1.4121406469970097,0.46153846153846156
285,1.082228485050784,0.38461538461538464
286,0.9150948109139319,0.5384615384615384
287,1.1826787826370309,0.46153846153846156
288,1.0132601138101265,0.4230769230769231
289,1.0665757191087413,0.4230769230769231
290,0.9294453209981732,0.34615384615384615
291,1.254031248590076,0.38461538461538464
292,1.0875397973837069,0.4230769230769231
293,1.068243385332591,0.38461538461538464
294,1.062844095616441,0.4230769230769231
295,0.9340799301508733,0.38461538461538464
296,1.0904391816649759,0.38461538461538464
297,1.2425638386291218,0.4230769230769231
298,0.9242351024533639,0.38461538461538464
299,1.2725413122481033,0.34615384615384615
300,1.103978785658357,0.38461538461538464
301,0.9841252617506302,0.4230769230769231
302,1.0941088208279606,0.46153846153846156
303,0.9562214922496826,0.4230769230769231
304,1.0887887418218787,0.46153846153846156
305,0.9988571107084181,0.38461538461538464
306,0.9446246313341544,0.46153846153846156
307,1.2740831644160244,0.4230769230769231
308,0.866037168468266,0.34615384615384615
309,0.9800343062079779,0.4230769230769231
310,0.8670949293671959,0.46153846153846156
311,1.0893978052921511,0.34615384615384615
312,1.0111466383614243,0.38461538461538464
313,1.089922345380986,0.34615384615384615
314,1.1174739652041759,0.3076923076923077
315,1.2150487623020387,0.38461538461538464
316,0.797635167924811,0.38461538461538464
317,1.0436464080292815,0.46153846153846156
318,0.967874155568694,0.38461538461538464
319,0.8954621200403068,0.46153846153846156
320,1.063606502076477,0.5
321,0.8387426098444801,0.38461538461538464
322,1.0314319886719314,0.4230769230769231
323,0.9691034845658519,0.34615384615384615
324,0.9585174603026347,0.4230769230769231
325,0.9082206953418948,0.38461538461538464
326,0.9761526464558217,0.38461538461538464
327,0.92652749869419,0.46153846153846156
328,1.1309067087040696,0.38461538461538464
329,0.9589986431243509,0.46153846153846156
330,1.083520101633106,0.4230769230769231
331,0.9371810768244351,0.4230769230769231
332,0.9386439244031024,0.46153846153846156
333,0.8273223365471081,0.5
334,0.8560441944610777,0.4230769230769231
335,1.2592529173309415,0.4230769230769231
336,0.9719421441623832,0.46153846153846156
337,0.8800428890534038,0.34615384615384615
338,0.897296349812974,0.38461538461538464
339,0.9474086747120671,0.4230769230769231
340,0.838894540785089,0.46153846153846156
341,0.9405191898648009,0.38461538461538464
342,0.9275294676976213,0.46153846153846156
343,0.8559597914987398,0.38461538461538464
344,1.1169606767897395,0.3076923076923077
345,0.9849729747277325,0.4230769230769231
346,1.055850104608587,0.46153846153846156
347,1.0375259760923061,0.34615384615384615
348,1.0820732093919847,0.4230769230769231
349,0.8938291217618877,0.4230769230769231
350,1.084451636701628,0.38461538461538464
351,1.0726208422021242,0.4230769230769231
352,0.9343019462830289,0.38461538461538464
353,1.230657062340163,0.46153846153846156
354,0.9529225137997273,0.4230769230769231
355,1.1243790994212994,0.4230769230769231
356,1.0004480750459093,0.4230769230769231
357,1.0082622558539929,0.4230769230769231
358,1.1749274837692478,0.46153846153846156
359,1.005957020876008,0.4230769230769231
360,1.022749798948189,0.38461538461538464
361,0.7228842504001447,0.46153846153846156
362,0.7971709448869997,0.46153846153846156
363,0.8638205780480868,0.3076923076923077
364,1.0249360637095455,0.5
365,0.9669371379276797,0.4230769230769231
366,1.0782778385793423,0.4230769230769231
367,0.8776765621171005,0.4230769230769231
368,0.8516584615156848,0.4230769230769231
369,1.0891323068043288,0.34615384615384615
370,0.791249355683417,0.38461538461538464
371,0.9194160857954263,0.34615384615384615
372,1.0304834515954038,0.4230769230769231
373,0.8719413419761228,0.5
374,0.9917838324833794,0.4230769230769231
375,1.0236843915740903,0.38461538461538464
376,0.9117734914019433,0.38461538461538464
377,1.0418897068226136,0.38461538461538464
378,0.8398368274839663,0.4230769230769231
379,0.9735057853928715,0.4230769230769231
380,0.8465166295584119,0.38461538461538464
381,0.8548874343991826,0.4230769230769231
382,0.7969096211215594,0.38461538461538464
383,0.9892369009785289,0.34615384615384615
384,1.094491950061973,0.34615384615384615
385,0.832288355922882,0.38461538461538464
386,1.132063424897531,0.46153846153846156
387,0.9246903907158859,0.4230769230769231
388,1.0210062620122422,0.34615384615384615
389,0.8710833823961384,0.3076923076923077
390,0.9249048490325333,0.34615384615384615
391,0.7790601450274308,0.38461538461538464
392,1.0399386368888819,0.4230769230769231
393,1.1391006775009114,0.34615384615384615
394,1.0606332409625954,0.34615384615384615
395,0.8862354747493799,0.34615384615384615
396,0.8620163564328394,0.38461538461538464
397,0.972658344498504,0.38461538461538464
398,0.8806935318361369,0.3076923076923077
399,1.0204822906509228,0.38461538461538464
400,0.9421883476072406,0.34615384615384615
401,0.8751732539430801,0.3076923076923077
402,0.7618395261583673,0.38461538461538464
403,0.7482670490095193,0.3076923076923077
404,0.7810907214548175,0.34615384615384615
405,0.8604686166479119,0.46153846153846156
406,0.7159169173420832,0.3076923076923077
407,0.8362102421415569,0.34615384615384615
408,0.7063074769388944,0.4230769230769231
409,0.7468768931640852,0.38461538461538464
410,0.809907068522699,0.34615384615384615
411,0.8161500190508462,0.46153846153846156
412,0.923887486058796,0.38461538461538464
413,0.7091059221738942,0.2692307692307692
414,0.9790699487169814,0.46153846153846156
415,0.7589939839449733,0.46153846153846156
416,0.9050460541358305,0.4230769230769231
417,0.6242867470771571,0.34615384615384615
418,0.8988667838300133,0.38461538461538464
419,0.9147775834826068,0.5
420,0.7232233432402513,0.46153846153846156
421,0.810758100750187,0.34615384615384615
422,0.6330503538676684,0.46153846153846156
423,0.9086769830613477,0.38461538461538464
424,0.9336784212355234,0.38461538461538464
425,0.6657393152692768,0.4230769230769231
426,0.8993101902822063,0.38461538461538464
427,0.6244857251163767,0.4230769230769231
428,0.8420010126023012,0.34615384615384615
429,0.9949243442261642,0.34615384615384615
430,0.7506256295435034,0.4230769230769231
431,0.8802987086017264,0.46153846153846156
432,0.7266330119368916,0.34615384615384615
433,0.7339514587726921,0.38461538461538464
434,0.861638785386404,0.34615384615384615
435,0.7798318712481143,0.23076923076923078
436,0.7229996604910816,0.5
437,1.0234020990631147,0.4230769230769231
438,0.7483882676821754,0.4230769230769231
439,0.9753442376701615,0.4230769230769231
440,0.9402664697745786,0.46153846153846156
441,0.7943337990840629,0.4230769230769231
442,0.9037182259756211,0.38461538461538464
443,0.7036531438340283,0.34615384615384615
444,0.6817449462769356,0.46153846153846156
445,0.8950268262629528,0.4230769230769231
446,0.7249309322479713,0.4230769230769231
447,0.7468158444551678,0.4230769230769231
448,0.7547235289637766,0.38461538461538464
449,0.7724915312871716,0.38461538461538464
450,0.8048470217052945,0.4230769230769231
451,0.7032001901685256,0.4230769230769231
452,0.7875077874897958,0.38461538461538464
453,0.6976037731555151,0.5
454,0.822925621663197,0.38461538461538464
455,0.6963317260132835,0.4230769230769231
456,0.620430481577309,0.34615384615384615
457,0.6400743568118088,0.4230769230769231
458,0.5770728137712187,0.4230769230769231
459,0.6434041306295759,0.34615384615384615
460,0.7388368823850104,0.4230769230769231
461,0.7637922658796126,0.46153846153846156
462,0.7639074753395216,0.34615384615384615
463,0.7110750171273503,0.38461538461538464
464,0.8672728663178026,0.46153846153846156
465,0.7648728379330407,0.34615384615384615
466,0.7834867091081275,0.46153846153846156
467,0.7610645931625415,0.4230769230769231
468,0.946060869296677,0.34615384615384615
469,0.8628028886969399,0.4230769230769231
470,0.8284674724944483,0.46153846153846156
471,0.6727676953239428,0.4230769230769231
472,0.8430166082833064,0.4230769230769231
473,0.7025330898087154,0.34615384615384615
474,0.7830732318428615,0.34615384615384615
475,0.8787698588816839,0.38461538461538464
476,0.7938522160236097,0.46153846153846156
477,0.6658166457212848,0.3076923076923077
478,1.036921766742391,0.4230769230769231
479,0.7701739473359108,0.34615384615384615
480,0.73278002451451,0.34615384615384615
481,0.6554634616041026,0.4230769230769231
482,0.7404575153841884,0.3076923076923077
483,0.7768513978844007,0.4230769230769231
484,0.7458260520683306,0.38461538461538464
485,0.6624679345105591,0.2692307692307692
486,0.5616026514241277,0.4230769230769231
487,0.8853548944456997,0.34615384615384615
488,0.678868837768408,0.38461538461538464
489,0.7001484892360188,0.34615384615384615
490,0.7870958482417798,0.34615384615384615
491,0.5985118217214822,0.34615384615384615
492,0.8355761019793764,0.3076923076923077
493,0.8117224008818065,0.34615384615384615
494,0.7037951481809444,0.2692307692307692
495,0.836674468411069,0.3076923076923077
496,0.8165811549770343,0.2692307692307692
497,0.8817775241789145,0.2692307692307692
498,0.6180713897867878,0.34615384615384615
499,0.7264294268244496,0.34615384615384615
500,0.783079584581978,0.34615384615384615
501,0.8822396393272585,0.3076923076923077
502,0.7336508949070084,0.2692307692307692
503,0.688822438554181,0.3076923076923077
504,0.7929963291960287,0.2692307692307692
505,0.6644135366237078,0.3076923076923077
506,0.7499607822593173,0.2692307692307692
507,0.804963257778692,0.34615384615384615
508,0.7018537564430947,0.34615384615384615
509,0.678290776050579,0.2692307692307692
510,0.7998147986932937,0.3076923076923077
511,0.7469965939028169,0.38461538461538464
512,0.8081154972726661,0.2692307692307692
513,0.7768668122930622,0.34615384615384615
514,0.7883236027535974,0.3076923076923077
515,0.7141958933119352,0.38461538461538464
516,0.7386270282275023,0.3076923076923077
517,0.6667606462671474,0.2692307692307692
518,0.7861846503420784,0.3076923076923077
519,0.9057517354450928,0.3076923076923077
520,0.7393120326689502,0.3076923076923077
521,0.6703849839902012,0.2692307692307692
522,0.8523766428235862,0.3076923076923077
523,0.8474319390328966,0.3076923076923077
524,0.8106698120371831,0.2692307692307692
525,0.6374255247184655,0.2692307692307692
526,0.8063367954565446,0.2692307692307692
527,0.7997831363263792,0.23076923076923078
528,0.6600568494515242,0.2692307692307692
529,0.6892063098723025,0.34615384615384615
530,0.8252554699529897,0.34615384615384615
531,0.7589348417272888,0.3076923076923077
532,0.7499079606457362,0.3076923076923077
533,0.7488840747270871,0.2692307692307692
534,0.6845156586559522,0.2692307692307692
535,0.8190992180014987,0.2692307692307692
536,0.8113531660284226,0.3076923076923077
537,0.7884411337498074,0.34615384615384615
538,0.6451489316101378,0.3076923076923077
539,0.7839963496794344,0.3076923076923077
540,0.6589182592844915,0.2692307692307692
541,0.8006136726117574,0.3076923076923077
542,0.7228125316590672,0.34615384615384615
543,0.5913630840713173,0.2692307692307692
544,0.7809143811701391,0.23076923076923078
545,0.8494009320231917,0.23076923076923078
546,0.6519886150859562,0.23076923076923078
547,0.6133138166073393,0.2692307692307692
548,0.668060090916966,0.3076923076923077
549,0.5820809863752174,0.2692307692307692
550,0.7069480017909173,0.3076923076923077
551,0.6642872524561829,0.2692307692307692
552,0.7005266111452513,0.23076923076923078
553,0.7132661977347139,0.23076923076923078
554,0.6118145183157631,0.23076923076923078
555,0.512460743826908,0.3076923076923077
556,0.8800556244318707,0.23076923076923078
557,0.5500344423512109,0.2692307692307692
558,0.5586216988713137,0.23076923076923078
559,0.780150293990792,0.2692307692307692
560,0.7252424402933153,0.2692307692307692
561,0.746806846750319,0.3076923076923077
562,0.5493393598423539,0.23076923076923078
563,0.5404616713992243,0.23076923076923078
564,0.6344040917153944,0.2692307692307692
565,0.6174099565421023,0.34615384615384615
566,0.5386639138212703,0.2692307692307692
567,0.5467326780978152,0.23076923076923078
568,0.6100769542956868,0.3076923076923077
569,0.6310286882522433,0.2692307692307692
570,0.7511921705146678,0.3076923076923077
571,0.5739636473880259,0.2692307692307692
572,0.794899108892317,0.23076923076923078
573,0.7741630762399261,0.2692307692307692
574,0.5789103878590312,0.2692307692307692
575,0.5546868627438881,0.23076923076923078
576,0.6277822439125451,0.3076923076923077
577,0.6093656022208584,0.3076923076923077
578,0.7975198014055827,0.3076923076923077
579,0.7551451985857645,0.23076923076923078
580,0.6802778137529812,0.23076923076923078
581,0.6222649803599638,0.2692307692307692
582,0.7387845454409927,0.2692307692307692
583,0.6926076287698928,0.2692307692307692
584,0.69968341441432,0.23076923076923078
585,0.6189465678479982,0.2692307692307692
586,0.6049193581618999,0.2692307692307692
587,0.5915181076020857,0.3076923076923077
588,0.5984865411153324,0.23076923076923078
589,0.7501003012154608,0.23076923076923078
590,0.6132526562315421,0.3076923076923077
591,0.5055503378459449,0.2692307692307692
592,0.5322904667183006,0.3076923076923077
593,0.5374768363664608,0.19230769230769232
594,0.5685314747063828,0.2692307692307692
595,0.7053118634109188,0.3076923076923077
596,0.6452603780907333,0.3076923076923077
597,0.543389872653822,0.3076923076923077
598,0.6363482032426919,0.3076923076923077
599,0.8502220665094113,0.3076923076923077
600,0.632443186435117,0.23076923076923078
601,0.6263331485475132,0.23076923076923078
602,0.6084760257197162,0.23076923076923078
603,0.6157735122623538,0.2692307692307692
604,0.6534340396469842,0.3076923076923077
605,0.6720665500688243,0.3076923076923077
606,0.5420404205090272,0.34615384615384615
607,0.8401336853465522,0.3076923076923077
608,0.605592226749367,0.23076923076923078
609,0.6358693507897293,0.3076923076923077
610,0.7808974747550776,0.23076923076923078
611,0.6236324344635431,0.23076923076923078
612,0.45887867395931314,0.2692307692307692
613,0.6381053182637881,0.3076923076923077
614,0.5517485270412177,0.23076923076923078
615,0.6272866118534859,0.2692307692307692
616,0.641670482774082,0.2692307692307692
617,0.5915196113275702,0.2692307692307692
618,0.5513704989153911,0.3076923076923077
619,0.6468933850482093,0.34615384615384615
620,0.6607607592065752,0.2692307692307692
621,0.5520794416380679,0.19230769230769232
622,0.658288547176515,0.2692307692307692
623,0.6981859658971072,0.4230769230769231
624,0.6083680158551172,0.19230769230769232
625,0.5610009945395036,0.38461538461538464
626,0.6608110809914916,0.3076923076923077
627,0.6598032571118311,0.3076923076923077
628,0.6573285954058457,0.2692307692307692
629,0.5831448240693136,0.23076923076923078
630,0.7266681675446034,0.3076923076923077
631,0.8101547372659259,0.2692307692307692
632,0.6092051914728507,0.23076923076923078
633,0.5156519461056561,0.23076923076923078
634,0.6458612713641094,0.23076923076923078
635,0.785315713949601,0.23076923076923078
636,0.6931826944992165,0.3076923076923077
637,0.4773728420109551,0.2692307692307692
638,0.7346368220733908,0.3076923076923077
639,0.6492158900849812,0.23076923076923078
640,0.6473067514601323,0.2692307692307692
641,0.6467368339113428,0.23076923076923078
642,0.5034010536726132,0.23076923076923078
643,0.5667581457512947,0.19230769230769232
644,0.5447542240099437,0.23076923076923078
645,0.5295616985272513,0.34615384615384615
646,0.6444875051105039,0.23076923076923078
647,0.639217424451775,0.23076923076923078
648,0.5435724560436737,0.2692307692307692
649,0.4491938051531026,0.2692307692307692
650,0.6182931457378631,0.2692307692307692
651,0.5552833307341025,0.3076923076923077
652,0.4727902577000447,0.2692307692307692
653,0.6098020587356356,0.23076923076923078
654,0.4339124753318804,0.3076923076923077
655,0.49239294818026247,0.23076923076923078
656,0.597354885739815,0.2692307692307692
657,0.6375330358783495,0.23076923076923078
658,0.6277655168242906,0.23076923076923078
659,0.6884606659602768,0.2692307692307692
660,0.618228687598394,0.3076923076923077
661,0.5289177900136623,0.15384615384615385
662,0.6310277796554962,0.23076923076923078
663,0.4933106882901823,0.34615384615384615
664,0.4218592329234707,0.2692307692307692
665,0.5386493671350951,0.3076923076923077
666,0.606804956090977,0.19230769230769232
667,0.5242845433791046,0.34615384615384615
668,0.6025173444241712,0.3076923076923077
669,0.5201311703947518,0.34615384615384615
670,0.6859502103669128,0.23076923076923078
671,0.5790785051087806,0.23076923076923078
672,0.5970304708001906,0.34615384615384615
673,0.5198195267078263,0.2692307692307692
674,0.6090800708785635,0.3076923076923077
675,0.5349702302923376,0.23076923076923078
676,0.6349164301040213,0.19230769230769232
677,0.5981290353386002,0.34615384615384615
678,0.5670654452220609,0.2692307692307692
679,0.5093168217680359,0.2692307692307692
680,0.6430175237129068,0.34615384615384615
681,0.49402002118321064,0.34615384615384615
682,0.4645565580908646,0.23076923076923078
683,0.3564669143608725,0.2692307692307692
684,0.5173276974725969,0.34615384615384615
685,0.5051855186338958,0.2692307692307692
686,0.6245462709222434,0.3076923076923077
687,0.4947914994860323,0.2692307692307692
688,0.4745925698872,0.3076923076923077
689,0.3312786674769108,0.23076923076923078
690,0.7262223891416002,0.3076923076923077
691,0.46372440257388314,0.3076923076923077
692,0.539760878883758,0.23076923076923078
693,0.6087985358868133,0.2692307692307692
694,0.5519799832185344,0.23076923076923078
695,0.5352314463876833,0.3076923076923077
696,0.39932145975087163,0.2692307692307692
697,0.43071385398697526,0.34615384615384615
698,0.330804191834154,0.3076923076923077
699,0.41398332892308787,0.2692307692307692
700,0.48607149568294883,0.2692307692307692
701,0.32733902384865976,0.3076923076923077
702,2.2749199385477445,0.5
703,0.7304110605037679,0.3076923076923077
704,0.8007025375354462,0.38461538461538464
705,0.6173193331117064,0.3076923076923077
706,0.6191979464024246,0.34615384615384615
707,0.6759562165942228,0.34615384615384615
708,0.6269685747021412,0.34615384615384615
709,0.6694726752277034,0.2692307692307692
710,0.8731413339384466,0.38461538461538464
711,1.0408729647622899,0.4230769230769231
712,1.031362411935459,0.38461538461538464
713,1.2513449729447284,0.38461538461538464
714,3.0078773510868224,0.6538461538461539
715,4.3285921881010045,0.8846153846153846
716,3.468073359474863,0.6923076923076923
717,1.325816735580748,0.4230769230769231
718,3.234501638580274,0.6538461538461539
719,4.372073803610903,0.9615384615384616
720,4.126396291109975,0.9230769230769231
721,0.9707617679343237,0.46153846153846156
722,2.0520083680486385,0.5769230769230769
723,0.9430887308383964,0.34615384615384615
724,1.3826341002117488,0.46153846153846156
725,1.0325492603584632,0.4230769230769231
726,0.9567990750533206,0.38461538461538464
727,1.1180224189060195,0.38461538461538464
728,1.128942696675966,0.34615384615384615
729,1.0364594532671485,0.4230769230769231
730,2.3073677095183376,0.5384615384615384
731,1.5996301141010765,0.5769230769230769
732,1.0978690990768967,0.34615384615384615
733,2.907461173313832,0.6153846153846154
734,2.090496069827312,0.5769230769230769
735,4.095281110180459,0.7692307692307693
736,1.272616284130338,0.38461538461538464
737,2.4389850594787923,0.5769230769230769
738,3.4332590534908745,0.5
739,1.7293030861143543,0.5384615384615384
740,1.4086641137141296,0.5
741,1.1805172454402117,0.46153846153846156
742,1.1628773569204556,0.46153846153846156
743,5.082839792935053,0.9230769230769231
744,4.05587781053491,0.7692307692307693
745,2.3670193130865496,0.6153846153846154
746,3.4837301007140637,0.6923076923076923
747,4.76674518147784,0.8461538461538461
748,1.8379797161143876,0.38461538461538464
749,4.511114301049181,0.8076923076923077
750,1.4368209425969583,0.5384615384615384
751,2.83385353211332,0.5769230769230769
752,1.856034573844541,0.38461538461538464
753,4.816893075911648,0.8076923076923077
754,3.3188362286815747,0.46153846153846156
755,2.2370536988475362,0.5
756,1.4300565978695878,0.5769230769230769
757,1.6877840604845922,0.5
758,2.201674138574627,0.5
759,4.392559171348103,0.8076923076923077
760,3.4838203682236015,0.5769230769230769
761,3.6322150984806636,0.6153846153846154
762,3.260375520234478,0.8076923076923077
763,2.707305048724615,0.5384615384615384
764,2.4211216208908057,0.5
765,4.325865780355913,0.9615384615384616
766,1.846344535468997,0.5769230769230769
767,1.5551731343386992,0.5769230769230769
768,5.259471186799435,0.8846153846153846
769,1.501731040312106,0.5384615384615384
770,2.3737610301109036,0.5769230769230769
771,1.5473714636612839,0.46153846153846156
772,1.424503412302834,0.4230769230769231
773,4.98975313022291,0.9230769230769231
774,1.3675569688318285,0.46153846153846156
775,4.377860184185491,0.8076923076923077
776,2.964785318219167,0.6153846153846154
777,1.3622594216540638,0.5384615384615384
778,3.018048672583122,0.6538461538461539
779,1.465998952263482,0.5
780,5.778820302851612,0.7692307692307693
781,1.7810651013077599,0.5384615384615384
782,1.7895497136053171,0.5
783,3.794728045527053,0.9230769230769231
784,3.194513345495726,0.7692307692307693
785,3.0486288774267014,0.5384615384615384
786,1.9916655077785212,0.5
787,2.832127944740895,0.6538461538461539
788,1.6897520234722503,0.5384615384615384
789,3.938081860950369,0.7307692307692307
790,1.6447189507969768,0.5384615384615384
791,4.205477914702022,0.9230769230769231
792,4.355603229208757,0.8076923076923077
793,1.5107139760916752,0.6153846153846154
794,2.333974553527563,0.5769230769230769
795,3.944183809219042,0.7692307692307693
796,2.618136275809624,0.6923076923076923
797,1.8989911286902992,0.5384615384615384
798,2.134072171521405,0.5384615384615384
799,1.8551603376259296,0.6153846153846154
800,2.1460427025429705,0.6153846153846154
801,2.2923609289819646,0.5769230769230769
802,2.3865538385584752,0.6153846153846154
803,1.9163018711123057,0.5769230769230769
804,3.1300375690949016,0.7307692307692307
805,3.843431176876366,0.7692307692307693
806,1.6897218214198322,0.6538461538461539
807,3.982746327740212,0.8461538461538461
808,4.106028740323975,0.8846153846153846
809,3.6142684089134103,0.8846153846153846
810,3.3449779135086644,0.6923076923076923
811,2.0949112979685705,0.6923076923076923
812,2.1729762909231094,0.5384615384615384
813,3.335847020182775,0.8846153846153846
814,2.631439595017511,0.7307692307692307
815,4.627514153693695,0.8076923076923077
816,4.02269162161712,0.8076923076923077
817,2.718766751843683,0.6153846153846154
818,3.6214020698895735,0.7307692307692307
819,2.4634104467246862,0.7307692307692307
820,4.093908089828533,0.8076923076923077
821,2.8670318773056933,0.6923076923076923
822,2.638313706578052,0.6923076923076923
823,2.714727820214346,0.6538461538461539
824,2.1245258167107823,0.7307692307692307
825,2.5378251010927357,0.6538461538461539
826,2.2235101107376276,0.6538461538461539
827,3.5586474435892446,0.9230769230769231
828,2.216461470516836,0.6538461538461539
829,3.370927955708559,0.8076923076923077
830,2.3470462028316024,0.6153846153846154
831,2.6842057393963623,0.6538461538461539
832,2.8883920510764893,0.6923076923076923
833,3.900692894486258,0.7692307692307693
834,3.3769854101251338,0.6923076923076923
835,3.585249221500699,0.7307692307692307
836,3.461572129085636,0.8076923076923077
837,2.0955264190432645,0.5769230769230769
838,4.059809397341027,0.8461538461538461
839,4.146688835310284,0.6538461538461539
840,3.365198004504579,0.7692307692307693
841,2.9343142230574237,0.6538461538461539
842,3.1561756403790935,0.6923076923076923
843,2.2625543981787475,0.6153846153846154
844,2.4171659417387104,0.6153846153846154
845,2.461865698210998,0.6538461538461539
846,2.224129645592665,0.6923076923076923
847,1.843363049348306,0.6538461538461539
848,5.355888214243321,0.8846153846153846
849,3.764581121320251,0.7692307692307693
850,3.1109875005637098,0.6153846153846154
851,4.709504230264062,0.8461538461538461
852,3.289626643295565,0.7692307692307693
853,1.874475153588337,0.6923076923076923
854,3.3699981176830653,0.7692307692307693
855,2.7679430958737368,0.6923076923076923
856,2.1671952089138378,0.6153846153846154
857,2.287016059231145,0.6538461538461539
858,2.0337082986782553,0.6153846153846154
859,3.2289659744198076,0.6153846153846154
860,2.3386760507659865,0.6538461538461539
861,3.7303991014847084,0.6538461538461539
862,2.4429569810544356,0.6538461538461539
863,2.5570998119530874,0.5769230769230769
864,5.251894296202871,0.8846153846153846
865,4.968411469031681,0.7692307692307693
866,3.0139676175968333,0.7692307692307693
867,2.2883886906899424,0.6538461538461539
868,2.8546380060600436,0.6153846153846154
869,2.7898059270281825,0.6153846153846154
870,2.6834208968929065,0.6538461538461539
871,2.4780317929750515,0.6538461538461539
872,2.370984436630552,0.6538461538461539
873,2.168119423365182,0.6538461538461539
874,2.474370274760517,0.5769230769230769
875,3.9132986866738197,0.8846153846153846
876,2.5528247282088836,0.6538461538461539
877,2.6571488037529445,0.6538461538461539
878,4.387386162867627,0.9615384615384616
879,3.0088612297921835,0.7307692307692307
880,3.0518171817519093,0.6538461538461539
881,3.198165452322732,0.7692307692307693
882,2.2818199124764442,0.5384615384615384
883,3.143217329640924,0.6923076923076923
884,2.1892883648868513,0.5384615384615384
885,2.4687316599609668,0.7692307692307693
886,2.539470804851488,0.7307692307692307
887,5.458689413505674,0.9230769230769231
888,2.482785305933045,0.6538461538461539
889,2.3054200943646124,0.7307692307692307
890,2.186951938916251,0.6538461538461539
891,2.241406845136628,0.6538461538461539
892,2.6426943854775296,0.6538461538461539
893,4.6928554117629275,0.8846153846153846
894,2.6584220571392962,0.6923076923076923
895,3.453875033313215,0.6923076923076923
896,3.5719181828660784,0.8461538461538461
897,3.497919122160853,0.7307692307692307
898,2.4687350984208,0.6538461538461539
899,2.4482210492138954,0.6538461538461539
900,3.9642611064168154,0.8846153846153846
901,3.5442025037142977,0.6923076923076923
902,2.6092891100297884,0.6538461538461539
903,3.716830729463561,0.8076923076923077
904,3.1993561657655176,0.8461538461538461
905,3.3886751106470663,0.6923076923076923
906,3.0516599083901306,0.7692307692307693
907,2.947370098999203,0.7692307692307693
908,3.195189582518707,0.6538461538461539
909,2.7658939676991228,0.6538461538461539
910,4.240729242299878,0.9230769230769231
911,2.6701017378006937,0.5769230769230769
912,2.729074739665387,0.6153846153846154
913,3.283713252379938,0.7307692307692307
914,2.7731199964375124,0.5769230769230769
915,4.674420491918571,0.9230769230769231
916,4.5024750258985655,0.8076923076923077
917,3.1497741849186096,0.6538461538461539
918,3.672050305491921,0.6923076923076923
919,3.3904573261719513,0.7692307692307693
920,2.9553994419597607,0.6538461538461539
921,3.1278999918897226,0.5769230769230769
922,2.9628465077471304,0.6923076923076923
923,3.224023661657754,0.6538461538461539
924,4.279201504812169,0.8076923076923077
925,3.618583530083199,0.6923076923076923
926,3.4904124898892555,0.6538461538461539
927,4.035684924569759,0.6153846153846154
928,3.5606098970739457,0.6153846153846154
929,3.6164177585367745,0.7307692307692307
930,3.2253659776131167,0.8846153846153846
931,3.2403038421370476,0.8461538461538461
932,4.006337741900271,0.8461538461538461
933,3.3289380171547194,0.8846153846153846
934,4.3220728158032715,0.7692307692307693
935,3.2969114665064745,0.8076923076923077
936,4.271151787370299,0.8076923076923077
937,3.2720189590109783,0.7692307692307693
938,4.440201963694944,0.7692307692307693
939,3.408096727625021,0.8461538461538461
940,3.6444801127352147,0.8846153846153846
941,4.354812951728282,0.8076923076923077
942,4.703677604426517,0.9230769230769231
943,3.8475707316487022,0.8461538461538461
944,4.150993989489831,0.8076923076923077
945,4.757562520819579,0.8076923076923077
946,4.494358146223729,0.8461538461538461
947,4.076648663216346,0.8461538461538461
948,4.016793981928759,0.8461538461538461
949,3.9203112964529097,0.8846153846153846
950,4.227516323427088,0.8076923076923077
951,4.288554131056199,0.9230769230769231
952,4.253834630551558,0.8846153846153846
953,5.829740810261632,0.8076923076923077
954,4.190478358007187,0.9230769230769231
955,7.274566514134594,0.8846153846153846
956,5.081264805057332,0.8846153846153846
957,4.63169808305398,1.0
958,5.674125872718365,0.8846153846153846
959,3.9948066127067,0.8846153846153846
960,3.914089715320713,0.9230769230769231
961,5.028937500468824,1.0
962,3.987309477369423,0.8846153846153846
963,3.829175826625923,0.8076923076923077
964,3.857228936419093,0.7307692307692307
965,3.6186197918319216,0.7307692307692307
966,3.861344346869779,0.6538461538461539
967,4.179077669110102,0.7692307692307693
968,4.316831117923668,0.9230769230769231
969,4.407116819030512,0.8076923076923077
970,4.49467609739066,0.9230769230769231
971,4.4338849512117156,0.8846153846153846
972,4.2698080956558195,0.9230769230769231
973,5.128335258282429,0.9615384615384616
974,4.912331550620428,0.8846153846153846
975,3.383539576403945,0.8846153846153846
976,4.073201573557784,0.8846153846153846
977,3.5853143009878066,0.8461538461538461
978,3.9904513549522074,0.8461538461538461
979,3.7939882531482287,0.8846153846153846
980,4.985684244061646,0.8076923076923077
981,4.044269766902614,0.8461538461538461
982,4.007700697742427,0.8461538461538461
983,4.162912485675498,0.9230769230769231
984,3.5843035259215643,0.8846153846153846
985,3.933624294593281,0.8076923076923077
986,4.309747576284435,0.8461538461538461
987,5.94659668529952,0.8461538461538461
988,4.216326696675604,0.8846153846153846
989,3.7566072827132677,0.8461538461538461
990,4.2377075742561,0.8461538461538461
991,4.238188435858917,0.8076923076923077
992,3.8459172856168053,0.8846153846153846
993,4.489762938644571,0.8846153846153846
994,5.137436427731754,0.9615384615384616
995,4.31815752725739,0.8461538461538461
996,4.795208479590695,0.9230769230769231
997,4.826364042005116,0.9615384615384616
998,4.534384849567977,0.8076923076923077
999,4.237583668871434,0.8846153846153846
1000,4.184532896423858,0.9230769230769231
1001,4.468166294562635,0.7692307692307693
1002,3.913869835989728,0.8846153846153846
1003,3.936535837139733,0.7692307692307693
1004,4.6268272799171495,0.8846153846153846
1005,4.349884340806962,0.6923076923076923
1006,4.25896980200177,0.7692307692307693
1007,4.385660819222278,0.8461538461538461
1008,4.383592505585762,0.8846153846153846
1009,4.087574206236784,0.8461538461538461
1010,3.8311979251781247,0.8846153846153846
1011,3.6860766876979967,0.8461538461538461
1012,3.7329171314084104,1.0
1013,3.8655069926293533,0.8461538461538461
1014,4.157053004104199,1.0
1015,3.7825067296359562,0.9230769230769231
1016,3.578592989539515,0.9230769230769231
1017,3.5085686452552696,0.8846153846153846
1018,4.170566940337485,0.9230769230769231
1019,3.864939798438674,0.8846153846153846
1020,3.7508556144018232,0.9230769230769231
1021,3.850258840267075,0.9615384615384616
1022,3.7815401992182065,0.8846153846153846
1023,3.979594993234817,0.8846153846153846
1024,3.3679682884173348,0.8846153846153846
1025,3.404191309632955,0.8461538461538461
1026,3.3244452994325036,0.8076923076923077
1027,3.252400067851532,0.8076923076923077
1028,3.5287755499622486,0.7692307692307693
1029,3.757398598060754,0.7307692307692307
1030,2.922154800351398,0.7307692307692307
1031,3.710842617484964,0.7692307692307693
1032,3.087971112793762,0.6538461538461539
1033,3.5941219211145947,0.7692307692307693
1034,2.9402095259818024,0.8076923076923077
1035,3.9230284631305428,0.8076923076923077
1036,4.07650332203385,0.7307692307692307
1037,4.307346080026177,0.7307692307692307
1038,3.8387360410362965,0.8076923076923077
1039,3.864691827364388,0.6923076923076923
1040,3.5287293810809706,0.8076923076923077
1041,3.1775648844051454,0.8076923076923077
1042,3.86336057244835,0.7692307692307693
1043,3.2205639214140223,0.8461538461538461
1044,3.5399033336914534,0.8076923076923077
1045,3.9642790333367617,0.8076923076923077
1046,3.369721398362527,0.7692307692307693
1047,3.400869198425158,0.8076923076923077
1048,3.6527308231731563,0.8076923076923077
1049,3.5130285014480047,0.8461538461538461
1050,3.5391064389123823,0.9230769230769231
1051,6.462892176917923,0.9230769230769231
1052,3.6304238337973875,0.9615384615384616
1053,4.028428445584925,0.9615384615384616
1054,3.5194061671649033,0.8076923076923077
1055,3.9842671921976653,0.8846153846153846
1056,4.719122827372649,0.8461538461538461
1057,4.507468995697043,0.8461538461538461
1058,3.4030164247965664,0.7307692307692307
1059,4.868450937272434,0.8846153846153846
1060,5.068494108161983,0.7307692307692307
1061,3.5853948866347665,0.8076923076923077
1062,3.428302983550634,0.8076923076923077
1063,4.473135276278748,0.8846153846153846
1064,4.143101643265922,0.8461538461538461
1065,3.583508523389537,0.8076923076923077
1066,4.786560028160396,0.8846153846153846
1067,3.168403113913438,0.8076923076923077
1068,4.304637125444049,0.9230769230769231
1069,3.4324103293643264,0.7307692307692307
1070,4.607041213168133,0.6923076923076923
1071,4.397398803169592,0.9615384615384616
1072,3.693524988728828,0.8076923076923077
1073,3.6665617851728216,0.7692307692307693
1074,3.438039435106777,0.8076923076923077
1075,3.1462443210293465,0.8076923076923077
1076,3.8583027920721897,0.7307692307692307
1077,3.596421279227834,0.7692307692307693
1078,3.3295051923164625,0.8461538461538461
1079,3.610692891586215,0.8846153846153846
1080,3.975655478546389,0.9230769230769231
1081,3.837035868131394,0.9230769230769231
1082,4.110480014251845,0.8461538461538461
1083,4.083562237781908,0.8846153846153846
1084,3.820632126475061,0.8846153846153846
1085,3.8564828293900053,0.6923076923076923
1086,4.1079756185168534,0.7692307692307693
1087,3.797029423039769,0.7692307692307693
1088,4.051724523904989,0.7307692307692307
1089,4.607479517612768,0.7692307692307693
1090,4.0152112316926925,0.7307692307692307
1091,3.6633723399488973,0.7307692307692307
1092,4.085540262991779,0.6923076923076923
1093,3.1555552530054105,0.8461538461538461
1094,4.036254984105825,0.9230769230769231
1095,4.533850264266819,0.8461538461538461
1096,4.990581293722318,0.8846153846153846
1097,4.001301913617552,0.9615384615384616
1098,3.9819826806649465,0.8846153846153846
1099,3.426704980105044,0.9230769230769231
1100,3.8915860117332985,0.7692307692307693
1101,3.8488680890256224,0.9230769230769231
1102,3.870746910878633,0.9230769230769231
1103,3.9656348383953963,0.9615384615384616
1104,5.0043484422074735,1.0
1105,4.068023074238561,0.8846153846153846
1106,3.6985707696344488,0.8846153846153846
1107,4.231044593938228,0.9230769230769231
1108,3.4349710752928373,0.7692307692307693
1109,4.065751160940468,0.9230769230769231
1110,3.8997199918170318,0.8076923076923077
1111,3.3519012473474232,0.7692307692307693
1112,3.579129276606579,0.8461538461538461
1113,3.154065220366454,0.6923076923076923
1114,4.540300124519963,0.9615384615384616
1115,3.0869323679921514,0.8461538461538461
1116,3.5557421573523675,0.8461538461538461
1117,3.4662751015532924,0.8076923076923077
1118,4.192014830082956,0.8076923076923077
1119,3.334181385371075,0.7307692307692307
1120,3.2364107049578945,0.8076923076923077
1121,3.294763708233452,0.7307692307692307
1122,3.6373891115100783,0.7307692307692307
1123,4.289956052955986,0.7692307692307693
1124,3.195569343334337,0.6923076923076923
1125,3.2893819521310705,0.8461538461538461
1126,3.2222799229626746,0.6538461538461539
1127,2.626488453157032,0.7307692307692307
1128,3.3784271247372595,0.7692307692307693
1129,2.7768247183263854,0.7307692307692307
1130,3.1569461005601878,0.8076923076923077
1131,2.6506738230219193,0.7307692307692307
1132,3.0064886971224594,0.7692307692307693
1133,3.3370462561921475,0.7307692307692307
1134,2.431109863501208,0.6923076923076923
1135,2.416035820014798,0.6538461538461539
1136,2.6163470712660737,0.6923076923076923
1137,2.4770686465756824,0.7307692307692307
1138,3.321090835632501,0.7692307692307693
1139,3.0568540834976163,0.8076923076923077
1140,2.6669057629962922,0.6923076923076923
1141,2.948321059955973,0.8846153846153846
1142,2.9313716122207794,0.7307692307692307
1143,2.732909754633587,0.7307692307692307
1144,4.124477051230385,0.7307692307692307
1145,2.965583599002832,0.8076923076923077
1146,2.997421303994199,0.6923076923076923
1147,3.175286039463458,0.8076923076923077
1148,2.907390875511198,0.6923076923076923
1149,2.886505307620993,0.6923076923076923
1150,3.2199747674821633,0.7692307692307693
1151,3.0184169273208945,0.6923076923076923
1152,3.165038586909165,0.7307692307692307
1153,2.7577371212310973,0.7307692307692307
1154,3.0713631803798,0.6923076923076923
1155,3.3437284941621623,0.7307692307692307
1156,3.521516199789087,0.7692307692307693
1157,2.8567720234141385,0.6538461538461539
1158,2.718733286835714,0.6923076923076923
1159,2.7798194033994568,0.6538461538461539
1160,2.573900219607677,0.7307692307692307
1161,3.0144237867375274,0.6153846153846154
1162,3.4645998407621508,0.7692307692307693
1163,3.7528022135021297,0.7692307692307693
1164,2.6825823554480066,0.6923076923076923
1165,3.423690384480212,0.7692307692307693
1166,3.3700458446162953,0.8076923076923077
1167,3.0202509528801413,0.6538461538461539
1168,2.612844449769497,0.7307692307692307
1169,3.243679822382517,0.7692307692307693
1170,2.616644752652862,0.6538461538461539
1171,2.899343698877348,0.6923076923076923
1172,3.3439987920543714,0.6923076923076923
1173,3.942809552191594,0.9615384615384616
1174,2.7322646444233794,0.7692307692307693
1175,3.9420581231825547,0.8846153846153846
1176,2.737008191211234,0.7307692307692307
1177,3.15795753747594,0.7307692307692307
1178,2.862354784406939,0.6538461538461539
1179,2.6963823877113846,0.7307692307692307
1180,2.963941952640141,0.6538461538461539
1181,2.662956538592142,0.7307692307692307
1182,5.091002839965588,0.7307692307692307
1183,3.2315268838411364,0.8461538461538461
1184,2.384742282463524,0.6538461538461539
1185,2.7049720470686616,0.6538461538461539
1186,3.101705433196117,0.6538461538461539
1187,3.344028205703397,0.8076923076923077
1188,2.8101217214573104,0.6923076923076923
1189,2.829690901280292,0.6923076923076923
1190,3.092128426967905,0.7307692307692307
1191,3.143402689502442,0.7307692307692307
1192,3.576487010092199,0.8461538461538461
1193,3.3656603609424116,0.8076923076923077
1194,3.4584658979333,0.7692307692307693
1195,4.074348368454098,0.7692307692307693
1196,3.636535865789866,0.7692307692307693
1197,3.490019431623815,0.7307692307692307
1198,3.8863734577603855,0.7307692307692307
1199,3.7313453885473398,0.7692307692307693
1200,3.6215390031453296,0.7692307692307693
1201,3.5875788105300757,0.6923076923076923
1202,4.145913348820175,0.8846153846153846
1203,3.53625680398912,0.7692307692307693
1204,3.285988604152913,0.8076923076923077
1205,3.520216488155805,0.8076923076923077
1206,3.6717999982766965,0.7692307692307693
1207,3.532692670951897,0.7692307692307693
1208,3.5669061668515,0.8461538461538461
1209,3.1484787981338958,0.8076923076923077
1210,3.380660715583436,0.7692307692307693
1211,6.312363028831471,0.8461538461538461
1212,3.1473529911541718,0.8076923076923077
1213,3.22053776878651,0.8461538461538461
1214,3.3128680475103347,0.8076923076923077
1215,3.5972418120536647,0.7307692307692307
1216,3.7162814870007264,0.7307692307692307
1217,3.809217967002802,0.8846153846153846
1218,3.5392612668698336,0.8461538461538461
1219,3.6913269881487065,0.7692307692307693
1220,3.5341998197763376,0.8461538461538461
1221,3.4889057924013693,0.8461538461538461
1222,3.676745485949157,0.8846153846153846
1223,3.092612395449412,0.8846153846153846
1224,4.394679722993386,0.8076923076923077
1225,3.4482700985312693,0.8461538461538461
1226,4.438031778575173,0.8846153846153846
1227,3.5868147233014276,0.8461538461538461
1228,3.3009045843873546,0.8461538461538461
1229,5.939804000347479,0.8461538461538461
1230,3.1372159890265516,0.8076923076923077
1231,3.3864675013461225,0.8076923076923077
1232,3.671233666240843,0.8846153846153846
1233,3.590562614497834,0.8461538461538461
1234,4.409096586670368,0.8461538461538461
1235,3.6730433194127756,0.7307692307692307
1236,5.445287004303929,0.8076923076923077
1237,3.9284376701747203,0.8461538461538461
1238,4.174737492971865,0.8461538461538461
1239,4.525114619561357,0.7692307692307693
1240,5.301386548321708,0.7307692307692307
1241,4.569770629966927,0.7692307692307693
1242,4.5658753223540405,0.8846153846153846
1243,3.8941173960314974,0.7692307692307693
1244,4.375703262780585,0.8461538461538461
1245,4.335365696570282,0.8076923076923077
1246,3.9439871488056637,0.8846153846153846
1247,4.452001923050038,0.8076923076923077
1248,4.675635032757892,0.7307692307692307
1249,4.202556894057646,0.8461538461538461
1250,3.9371441775486273,0.7692307692307693
1251,4.866027633655007,0.8461538461538461
1252,4.386312153166411,0.7692307692307693
1253,4.552787563993486,0.7307692307692307
1254,3.8187203020944973,0.8846153846153846
1255,3.5207069081876043,0.8076923076923077
1256,3.933961044246026,0.9230769230769231
1257,3.444547745057073,0.6923076923076923
1258,2.7769514157341586,0.8461538461538461
1259,3.182114904715374,0.9230769230769231
1260,3.4659682024967413,0.8076923076923077
1261,3.3335088540704185,0.7692307692307693
1262,3.259384336160073,0.7692307692307693
1263,3.7536027882826124,0.9230769230769231
1264,2.992202434053323,0.8846153846153846
1265,4.0795523025118285,0.8846153846153846
1266,3.49288584969171,0.7692307692307693
1267,3.2942183353524532,0.8076923076923077
1268,3.3094605002840027,0.9230769230769231
1269,3.1782640672911966,0.8461538461538461
1270,4.462391239959856,0.9230769230769231
1271,3.5469460238238417,0.9230769230769231
1272,3.9036477097693063,0.8076923076923077
1273,3.810799720849003,0.8461538461538461
1274,3.7281351077561027,0.8846153846153846
1275,3.4512993366186224,0.8846153846153846
1276,3.0643425548384653,0.8846153846153846
1277,4.047802925006984,0.7692307692307693
1278,3.575441450952469,0.8846153846153846
1279,3.6857523024055423,0.8846153846153846
1280,3.129323744211067,0.8076923076923077
1281,2.7722672644230513,0.8461538461538461
1282,3.405331604226513,0.8461538461538461
1283,4.81640134653464,0.8846153846153846
1284,3.07382364942354,0.8461538461538461
1285,3.303679510953219,0.7692307692307693
1286,3.642673580868381,0.7692307692307693
1287,5.098263862425819,0.7307692307692307
1288,4.30886311808335,0.6923076923076923
1289,4.642389211279147,0.9230769230769231
1290,4.717167801899588,0.8076923076923077
1291,3.5281605022843636,0.7692307692307693
1292,3.9006721863449565,0.7692307692307693
1293,4.576291019034129,0.7692307692307693
1294,2.803105424126958,0.6538461538461539
1295,3.611196331939723,0.6923076923076923
1296,3.7348681005384994,0.7307692307692307
1297,4.631835765655129,0.9230769230769231
1298,4.209614889802556,0.8076923076923077
1299,4.4738161407162735,0.9230769230769231
1300,4.270053304772935,0.8846153846153846
1301,3.063120642032127,0.6923076923076923
1302,4.159453310068327,0.8846153846153846
1303,4.116042543940955,1.0
1304,3.773856697124918,0.6538461538461539
1305,4.089876829980134,0.7692307692307693
1306,3.189075805092615,0.5769230769230769
1307,3.422781435575585,0.6538461538461539
1308,3.325466461597325,0.7692307692307693
1309,3.059386118202889,0.7692307692307693
1310,4.001734890931403,0.7307692307692307
1311,4.02023432453028,0.8461538461538461
1312,5.047154065289929,0.7692307692307693
1313,4.720614559523351,0.7692307692307693
1314,5.775156233738009,0.7307692307692307
1315,4.978477319564782,0.9615384615384616
1316,3.6583901335836857,0.7307692307692307
1317,4.515708652551901,0.7692307692307693
1318,5.291005126396492,0.7307692307692307
1319,3.2609683830148994,0.6923076923076923
1320,3.407100692740299,0.7307692307692307
1321,3.2298501437097267,0.7307692307692307
1322,4.4176651863902245,0.7692307692307693
1323,3.1673828668574924,0.6153846153846154
1324,3.8737319555927843,0.7692307692307693
1325,4.42636387757776,0.8461538461538461
1326,4.020214080140848,0.8076923076923077
1327,3.0653134482812288,0.6923076923076923
1328,3.809056998356009,0.8846153846153846
1329,3.4847727785369806,0.8846153846153846
1330,3.6595901772849855,0.6923076923076923
1331,2.962051465250809,0.7692307692307693
1332,4.500818060812601,0.8846153846153846
1333,3.196044911656532,0.6923076923076923
1334,3.5187653537435173,0.8461538461538461
1335,4.469438162533382,0.7692307692307693
1336,4.334652826740883,0.8461538461538461
1337,4.735525762469091,0.8846153846153846
1338,4.843654281718102,0.9615384615384616
1339,3.8650997018697346,0.9230769230769231
1340,5.134426088053769,0.9230769230769231
1341,4.331678635056237,0.9230769230769231
1342,4.6258954119165425,0.8461538461538461
1343,4.604485889598722,0.8846153846153846
1344,5.484474796282953,0.9230769230769231
1345,4.574580489655823,0.9615384615384616
1346,5.777822867688966,0.9615384615384616
1347,3.2851320284648726,0.8461538461538461
1348,3.134317165837968,0.8846153846153846
1349,4.305918991783721,0.9230769230769231
1350,2.9092220959834476,0.8461538461538461
1351,4.065953608697274,0.9230769230769231
1352,4.288850728236381,0.8846153846153846
1353,3.4617388974993757,0.8846153846153846
1354,3.2277586024008325,0.8461538461538461
1355,3.4990313939878925,0.9230769230769231
1356,3.4725795523226077,0.9615384615384616
1357,3.5434173670252536,0.9615384615384616
1358,4.129012131868096,1.0
1359,3.8140410442299872,1.0
1360,3.490206522437351,0.8846153846153846
1361,4.206439800179668,0.7692307692307693
1362,3.9271873522428096,0.8846153846153846
1363,4.304013767322587,0.8076923076923077
1364,4.095068598595479,0.9615384615384616
1365,3.4723335027308972,0.8461538461538461
1366,4.188470750434913,0.8461538461538461
1367,5.1131852375578655,0.9230769230769231
1368,3.835507077098206,0.9230769230769231
1369,4.869271191512065,0.7307692307692307
1370,4.264692120547829,0.8846153846153846
1371,3.8590810200424412,0.8461538461538461
1372,3.898953411475947,0.8461538461538461
1373,3.944596197782891,0.8076923076923077
1374,3.8139760918219285,0.8846153846153846
1375,4.0524101789270555,0.8846153846153846
1376,4.048512795834094,0.8076923076923077
1377,3.68713912979324,0.8461538461538461
1378,4.180429310930556,0.7692307692307693
1379,3.863385481097037,0.6923076923076923
1380,4.094672283452808,0.6538461538461539
1381,3.993005842767695,0.7692307692307693
1382,3.3244268540976685,0.8461538461538461
1383,3.803223728001279,0.8076923076923077
1384,4.322583858534081,0.7307692307692307
1385,3.513239977916004,0.8461538461538461
1386,3.7887505288899583,0.6538461538461539
1387,3.626826205524495,0.6923076923076923
1388,3.8693039176937414,0.8076923076923077
1389,3.906641242243837,0.8846153846153846
1390,4.254362740990424,0.7692307692307693
1391,3.428239682022655,0.6923076923076923
1392,3.821361507800685,0.7692307692307693
1393,4.053197500810193,0.8461538461538461
1394,3.7166009631323753,0.9615384615384616
1395,4.077587286954542,0.8461538461538461
1396,3.483139962943871,0.6923076923076923
1397,3.7451063129176574,0.7307692307692307
1398,3.7294796846431764,0.7692307692307693
1399,3.8203875434853574,0.7692307692307693
1400,3.759964273864001,0.8846153846153846
1401,4.147956642038082,0.9230769230769231
1402,4.700044045125961,0.9615384615384616
1403,3.2224820585536498,0.7692307692307693
1404,2.8639297097498524,0.8076923076923077
1405,3.491064615602663,0.8846153846153846
1406,3.2789812073465368,0.6923076923076923
1407,3.375532560215533,0.7307692307692307
1408,3.772540655413242,0.8076923076923077
1409,4.1383992633669076,0.6923076923076923
1410,4.141083580945022,0.8846153846153846
1411,2.9447177998111944,0.7307692307692307
1412,3.7486077272240097,0.6923076923076923
1413,3.0299297170771458,0.7692307692307693
1414,4.549412286962197,0.9230769230769231
1415,4.932647264051642,1.0
1416,3.7924660254355205,0.8076923076923077
1417,3.458927510095979,0.6923076923076923
1418,3.970269832963623,0.6923076923076923
1419,2.937954169327007,0.7692307692307693
1420,3.018765799303318,0.6923076923076923
1421,3.992606280918755,0.5384615384615384
1422,3.0990597082212337,0.7307692307692307
1423,3.999126495613276,0.9230769230769231
1424,3.4678559509860056,0.6923076923076923
1425,3.1584936301226367,0.6923076923076923
1426,3.458708176814077,0.6923076923076923
1427,3.3219076763262456,0.6923076923076923
1428,2.6672743830318186,0.8461538461538461
1429,4.361136500520394,0.9615384615384616
1430,4.180428329168741,0.9230769230769231
1431,2.45151802881422,0.8076923076923077
1432,3.6753627570228544,0.8461538461538461
1433,2.586009187772747,0.8076923076923077
1434,2.9962302747155496,0.8076923076923077
1435,2.752468960632466,0.7692307692307693
1436,4.617527561835576,0.8461538461538461
1437,4.246228697981748,0.8846153846153846
1438,3.1040108059468547,0.8461538461538461
1439,2.582342647147512,0.8846153846153846
1440,2.896606237261236,0.7692307692307693
1441,3.511338157647205,0.9230769230769231
1442,3.5793669388734597,0.8846153846153846
1443,3.7144170100689324,0.7307692307692307
1444,3.281133865853559,0.7307692307692307
1445,3.2099805566115585,0.7307692307692307
1446,2.8640527332562415,0.6538461538461539
1447,3.800784370514624,0.7692307692307693
1448,4.176273390565449,0.8846153846153846
1449,3.5404443362875178,0.8461538461538461
1450,4.7673622055007705,1.0
1451,4.051408186437493,0.9230769230769231
1452,3.82409386377505,0.7692307692307693
1453,3.294673014491309,0.7692307692307693
1454,2.841632190932511,0.6538461538461539
1455,3.997282757455001,0.8461538461538461
1456,3.2085598630426055,0.7307692307692307
1457,3.2787920150294694,0.7692307692307693
1458,3.342285354456841,0.7692307692307693
1459,4.118819680119024,0.8076923076923077
1460,3.7520498540574816,0.9230769230769231
1461,2.908871301734206,0.6538461538461539
1462,2.9188805037418586,0.7307692307692307
1463,3.2769626139825063,0.8076923076923077
1464,2.8082518014570566,0.6923076923076923
1465,3.982155255734491,0.7692307692307693
1466,3.2546127820795085,0.6923076923076923
1467,2.8646650010721064,0.6538461538461539
1468,3.1398690757590213,0.8076923076923077
1469,3.9430701834839414,0.7692307692307693
1470,2.709423309132432,0.7307692307692307
1471,2.9545458503812814,0.7692307692307693
1472,3.0669042180673154,0.7307692307692307
1473,3.121258017790768,0.6923076923076923
1474,4.238967761746774,0.8076923076923077
1475,4.069817513427676,0.8076923076923077
1476,3.422883242820492,0.8076923076923077
1477,4.945934593077964,0.8076923076923077
1478,4.422135070202257,0.9615384615384616
1479,3.924675265884512,0.8076923076923077
1480,3.6061266808399126,0.6923076923076923
1481,4.738895326028058,0.8076923076923077
1482,3.2525517253374376,0.8076923076923077
1483,4.668291031025192,0.8076923076923077
1484,3.993183233959523,0.7692307692307693
1485,4.170627379085738,0.8076923076923077
1486,2.8301862368105257,0.6153846153846154
1487,2.723688571265157,0.6153846153846154
1488,2.591976775722305,0.5769230769230769
1489,4.010662324095078,0.6923076923076923
1490,2.8724481282012255,0.6923076923076923
1491,2.4093124426213124,0.5769230769230769
1492,3.806146908341678,0.8461538461538461
1493,2.6486074428224886,0.7692307692307693
1494,2.936040209362359,0.7692307692307693
1495,3.705994418632667,0.8076923076923077
1496,3.113780975230782,0.7692307692307693
1497,3.2198770651395003,0.7307692307692307
1498,3.259136274835332,0.7307692307692307
1499,2.679987043732381,0.6923076923076923
1500,1.8220917391607445,0.7307692307692307
