# Trial 1: ath=0.0200  reg=5.00e-04  hd=700  L=11  best_er=0.1923
iter,loss,error_rate
1,3.046857290636348,0.6538461538461539
2,3.1983518032947234,0.6153846153846154
3,3.411368250964501,0.7692307692307693
4,3.1925461055639563,0.6538461538461539
5,3.4543643417614693,0.7692307692307693
6,3.414726596892138,0.6153846153846154
7,4.3405885293801,0.8076923076923077
8,3.40075691643591,0.6153846153846154
9,3.5511151128501104,0.7307692307692307
10,3.33834280080019,0.6538461538461539
11,2.1896677328002934,0.6538461538461539
12,3.375705831109399,0.7307692307692307
13,3.541911532597042,0.7307692307692307
14,2.6923768896526337,0.6923076923076923
15,2.858263188735843,0.6153846153846154
16,3.4325991626485006,0.6538461538461539
17,3.694989264526154,0.6923076923076923
18,3.543977924385514,0.6923076923076923
19,2.6203908600953043,0.7307692307692307
20,3.2302674918530823,0.7307692307692307
21,2.801258317350082,0.5769230769230769
22,3.343026591379657,0.6153846153846154
23,3.4674362134817027,0.6538461538461539
24,3.6880282859816615,0.8076923076923077
25,2.1050738682918606,0.7307692307692307
26,3.138781287863191,0.6923076923076923
27,3.3633979935098313,0.8076923076923077
28,3.2159922180768086,0.7692307692307693
29,3.4492293437617207,0.7307692307692307
30,3.196153629910179,0.6923076923076923
31,3.472971366340686,0.7307692307692307
32,2.8348977893385947,0.6538461538461539
33,3.066493178750574,0.7307692307692307
34,3.054856605726947,0.5769230769230769
35,3.07304953622441,0.7692307692307693
36,3.3566043221460995,0.7307692307692307
37,3.2852738185953902,0.7307692307692307
38,3.3476671616642832,0.7307692307692307
39,3.49390257634015,0.6153846153846154
40,2.6740039724162075,0.7307692307692307
41,2.823031123024626,0.5769230769230769
42,3.7577285105789957,0.8076923076923077
43,3.4145028625429217,0.6923076923076923
44,3.1781934189153502,0.7307692307692307
45,3.0690461177574484,0.7307692307692307
46,2.9175397994221477,0.8076923076923077
47,3.6137569212522282,0.7307692307692307
48,3.6073341916973822,0.6153846153846154
49,3.6153637884569534,0.5769230769230769
50,3.3048516858014647,0.7307692307692307
51,2.8696565523838924,0.7307692307692307
52,2.5616283824148183,0.6923076923076923
53,2.9773401596570626,0.7307692307692307
54,2.9564709837893033,0.6923076923076923
55,2.884550657495952,0.6153846153846154
56,3.0066712273863425,0.6538461538461539
57,2.97913629299369,0.7692307692307693
58,3.0060806887037117,0.6153846153846154
59,3.0766202811559387,0.6153846153846154
60,2.949807780548424,0.6538461538461539
61,2.5609806996131415,0.5769230769230769
62,3.0198175809977332,0.6538461538461539
63,2.5857290313116255,0.6923076923076923
64,3.024860029852671,0.6153846153846154
65,2.8171760984894765,0.5
66,3.08899285812869,0.6923076923076923
67,3.0718710981926933,0.6923076923076923
68,3.598514977087807,0.6153846153846154
69,4.460178621877387,0.6923076923076923
70,3.2073237419237044,0.6923076923076923
71,3.2725314413016293,0.5769230769230769
72,3.294846988980843,0.5769230769230769
73,2.784393102593085,0.6153846153846154
74,2.6668777233238714,0.6153846153846154
75,3.107350192876037,0.6923076923076923
76,3.1551018704721008,0.6538461538461539
77,2.7586267655083754,0.6538461538461539
78,3.7330521371696417,0.5384615384615384
79,2.685947271931156,0.6153846153846154
80,3.3871858550727794,0.7307692307692307
81,2.415880090589337,0.6538461538461539
82,2.99286338747528,0.7692307692307693
83,2.9362344199560733,0.6153846153846154
84,2.820995534272451,0.6538461538461539
85,3.7802842751294135,0.6153846153846154
86,2.554425125827934,0.7692307692307693
87,4.120260357220791,0.5769230769230769
88,3.0397415714437845,0.6538461538461539
89,2.752845124667295,0.5769230769230769
90,2.8016577014281383,0.6538461538461539
91,4.467591636267862,0.7307692307692307
92,3.4740141967798257,0.6538461538461539
93,3.9272504463027857,0.6153846153846154
94,2.8354413997885644,0.6923076923076923
95,2.540139795039575,0.5384615384615384
96,2.83150540803932,0.4230769230769231
97,3.169703826363758,0.5384615384615384
98,4.446620127388014,0.5
99,3.4944405380058003,0.5384615384615384
100,2.5826521207527793,0.6538461538461539
101,3.0801580523229593,0.5769230769230769
102,3.3746029235531245,0.5
103,2.809725988510081,0.6538461538461539
104,2.866040419752985,0.5769230769230769
105,3.105481989237208,0.5384615384615384
106,3.2398526784124555,0.5769230769230769
107,3.3065541128745464,0.5769230769230769
108,2.4931672612485176,0.6923076923076923
109,2.7037681103703104,0.5769230769230769
110,2.6813993065145687,0.5384615384615384
111,2.9350335193307693,0.5384615384615384
112,2.8301405372405473,0.6153846153846154
113,3.189629243009337,0.5384615384615384
114,2.935957835095408,0.5384615384615384
115,2.4497313267851193,0.5769230769230769
116,2.196902961419924,0.5384615384615384
117,2.691883214800419,0.5
118,3.062798648769908,0.5384615384615384
119,2.698876139712258,0.5384615384615384
120,2.5517317545076112,0.5384615384615384
121,2.5633117403363004,0.5769230769230769
122,4.082319153262496,0.6153846153846154
123,3.041294166473467,0.46153846153846156
124,2.4263967466925997,0.5769230769230769
125,2.6039171360824263,0.6153846153846154
126,3.1469730340122135,0.5384615384615384
127,2.5381868548725572,0.6153846153846154
128,3.7650352726164753,0.5
129,2.5919251163294743,0.5384615384615384
130,2.475909099749609,0.6153846153846154
131,2.492286570567532,0.5384615384615384
132,3.0045593895180644,0.5769230769230769
133,2.3062651288831004,0.6538461538461539
134,2.854602678870096,0.5
135,2.8244820379812055,0.6153846153846154
136,2.0453782412328962,0.6538461538461539
137,2.4385870742713323,0.6153846153846154
138,3.4806135562558933,0.6153846153846154
139,3.4797016991549503,0.6153846153846154
140,2.2477932243485492,0.6153846153846154
141,2.3506197961356428,0.6923076923076923
142,2.272395538830283,0.5769230769230769
143,3.292246603609037,0.5769230769230769
144,2.2134435856726324,0.6153846153846154
145,2.0344545928067017,0.5769230769230769
146,2.1977537676405,0.5769230769230769
147,2.0567844517338902,0.5384615384615384
148,2.3676003126284426,0.6538461538461539
149,1.5306681398689426,0.6153846153846154
150,2.9224335014310396,0.5769230769230769
151,2.255551604303021,0.5769230769230769
152,1.9049960083304298,0.5
153,1.8088892762810356,0.6538461538461539
154,1.7413313963582704,0.6153846153846154
155,2.0765087276152694,0.6153846153846154
156,1.7295729250947423,0.5
157,1.4840744783107294,0.5
158,1.8372938282509987,0.5
159,1.631784235861226,0.46153846153846156
160,1.9290097115154907,0.5384615384615384
161,1.9681704319855986,0.5384615384615384
162,1.785882270301775,0.5769230769230769
163,1.6583470044282325,0.5
164,1.8007808679369832,0.5769230769230769
165,1.8254231718676468,0.5384615384615384
166,1.9020687445511109,0.5
167,2.406123466061662,0.46153846153846156
168,1.6678000213002462,0.5
169,1.4545416670481384,0.5384615384615384
170,1.8576118329914921,0.46153846153846156
171,1.3857470462071202,0.5384615384615384
172,1.668493521502769,0.5769230769230769
173,1.4687674914473874,0.5769230769230769
174,1.4785585817042646,0.5384615384615384
175,1.6611869771974286,0.5384615384615384
176,1.3000027791494941,0.5
177,2.387447649858352,0.5
178,1.535906034623742,0.5384615384615384
179,1.2043366279837127,0.5
180,1.5351675010166965,0.46153846153846156
181,1.4582392180298258,0.46153846153846156
182,1.61995218937532,0.5
183,1.5455014811477001,0.46153846153846156
184,1.885066738371114,0.5
185,1.7181196473777973,0.5384615384615384
186,1.4135504988562801,0.5
187,1.5526683161843093,0.5769230769230769
188,1.6938021040598041,0.6153846153846154
189,1.7330163824119782,0.5
190,1.7408371026390375,0.5769230769230769
191,1.7681877280622014,0.5384615384615384
192,1.7714086705277712,0.4230769230769231
193,1.2902508144043936,0.6153846153846154
194,1.7015984868874565,0.4230769230769231
195,1.4017931757448059,0.46153846153846156
196,2.1493150484622774,0.6153846153846154
197,1.462478627440075,0.34615384615384615
198,1.1197993725570607,0.5
199,1.2479595873232445,0.46153846153846156
200,1.1171329107288976,0.5769230769230769
201,1.3215065669056698,0.4230769230769231
202,1.2525894264875825,0.5
203,1.699666437149619,0.5384615384615384
204,1.5199678039262265,0.5384615384615384
205,1.541450918567466,0.5384615384615384
206,1.155864220364113,0.5384615384615384
207,1.412266375347381,0.6153846153846154
208,1.2900592982167463,0.5384615384615384
209,1.3329902636148914,0.46153846153846156
210,1.3334474520028685,0.5384615384615384
211,1.4281608294886565,0.5769230769230769
212,1.2867045451808516,0.5
213,1.1489275198256093,0.5384615384615384
214,1.001663752790694,0.5769230769230769
215,1.2035886877612345,0.5769230769230769
216,1.1636499356182846,0.5
217,1.0267049506358066,0.5
218,0.8980946716921858,0.5384615384615384
219,1.0925511149960867,0.5
220,0.977844497017184,0.46153846153846156
221,0.9539471206633663,0.5
222,0.9430730978426709,0.46153846153846156
223,1.207100098490419,0.5384615384615384
224,0.9652645625160496,0.5384615384615384
225,1.0993347860151355,0.5384615384615384
226,1.1541480900689227,0.5769230769230769
227,1.4115916607138015,0.5
228,1.0772168554110726,0.5384615384615384
229,1.1664494570569277,0.46153846153846156
230,1.189774935534969,0.5
231,1.1715066877458664,0.5
232,1.260892604279194,0.5
233,0.9495169755523825,0.46153846153846156
234,1.106779125392216,0.5384615384615384
235,1.1749611246069849,0.5769230769230769
236,1.0878985893824522,0.4230769230769231
237,1.1165560894573314,0.5384615384615384
238,1.1748743702908815,0.38461538461538464
239,0.9836907969523123,0.5769230769230769
240,1.0523481911819275,0.5
241,0.930937850331409,0.38461538461538464
242,0.9816710189053137,0.46153846153846156
243,0.9389907162613924,0.4230769230769231
244,0.8396404454176944,0.46153846153846156
245,0.8335637906020725,0.38461538461538464
246,0.8641050369355212,0.5
247,0.9951577323532712,0.4230769230769231
248,0.9321838440433385,0.46153846153846156
249,0.8452492047430415,0.4230769230769231
250,0.9656506362113881,0.5
251,0.8938996021208712,0.38461538461538464
252,0.9132525974140955,0.46153846153846156
253,0.7679125691683919,0.5
254,1.1239721798494724,0.4230769230769231
255,0.9567962690827168,0.38461538461538464
256,0.8491368292233621,0.4230769230769231
257,0.727793389947009,0.46153846153846156
258,1.0402620345096065,0.4230769230769231
259,1.0475016487355808,0.38461538461538464
260,0.8209558423999557,0.38461538461538464
261,0.9380452820335639,0.34615384615384615
262,1.1019961750944034,0.5
263,0.866844727281634,0.4230769230769231
264,0.8418036272343059,0.38461538461538464
265,0.9571680213110905,0.4230769230769231
266,0.7137582596781158,0.38461538461538464
267,0.8617458568826493,0.38461538461538464
268,0.7684898703274672,0.34615384615384615
269,0.9863739089271983,0.38461538461538464
270,0.9318690386171737,0.38461538461538464
271,0.9404012486422992,0.4230769230769231
272,0.7919077417164528,0.38461538461538464
273,0.9567361780455563,0.4230769230769231
274,1.0398418659245297,0.3076923076923077
275,0.9149686690063032,0.4230769230769231
276,0.8619691910514256,0.3076923076923077
277,0.9304610996306208,0.3076923076923077
278,1.013348988065633,0.4230769230769231
279,1.0535362917539866,0.34615384615384615
280,1.1011720910264775,0.46153846153846156
281,0.9834092682908246,0.34615384615384615
282,0.91260388939456,0.4230769230769231
283,1.0074087838081602,0.38461538461538464
284,0.8919617647410156,0.38461538461538464
285,1.150749690537799,0.34615384615384615
286,0.7713825507123278,0.34615384615384615
287,0.8490515765839666,0.46153846153846156
288,0.7956503919936546,0.38461538461538464
289,0.8956772423974959,0.46153846153846156
290,1.0690637937374894,0.3076923076923077
291,0.8934304356260836,0.46153846153846156
292,0.7349809059126136,0.3076923076923077
293,0.8567785594023696,0.38461538461538464
294,0.7807287404012624,0.34615384615384615
295,0.861467708025573,0.4230769230769231
296,0.9334016490037744,0.34615384615384615
297,0.9426413313833293,0.4230769230769231
298,0.772785157164122,0.46153846153846156
299,0.7220192727973971,0.34615384615384615
300,0.8320479178935773,0.38461538461538464
301,1.0639859163037526,0.34615384615384615
302,0.8092859838281603,0.34615384615384615
303,0.8740994186514484,0.38461538461538464
304,0.8625615723216884,0.38461538461538464
305,0.8569369590330358,0.4230769230769231
306,0.8870535483292814,0.4230769230769231
307,0.814687037914724,0.5
308,0.8652581804425421,0.46153846153846156
309,0.8498546361419634,0.38461538461538464
310,1.0947569274795725,0.4230769230769231
311,0.9166003900397379,0.46153846153846156
312,0.8556926873818353,0.4230769230769231
313,0.7431688565402945,0.34615384615384615
314,0.9621290164490275,0.3076923076923077
315,0.9941816773023422,0.4230769230769231
316,0.770183780852749,0.5
317,1.0276056333608052,0.38461538461538464
318,0.9800795544410468,0.4230769230769231
319,0.8028100377059961,0.46153846153846156
320,0.9771169144437237,0.4230769230769231
321,0.723337404223277,0.5
322,1.0487224310483751,0.4230769230769231
323,0.9727542786792363,0.38461538461538464
324,0.9391348863298488,0.3076923076923077
325,1.0349332719955653,0.46153846153846156
326,1.1616516088643614,0.46153846153846156
327,0.980007612949529,0.46153846153846156
328,1.102258005203773,0.46153846153846156
329,1.0855649679667634,0.5
330,1.1443349487003343,0.46153846153846156
331,1.2013760443361234,0.4230769230769231
332,1.0924013666652468,0.3076923076923077
333,1.2277669566523222,0.46153846153846156
334,0.9572229323255592,0.4230769230769231
335,0.8871579695463292,0.46153846153846156
336,0.9067104942011932,0.46153846153846156
337,1.091926257770468,0.46153846153846156
338,1.3711702163745023,0.4230769230769231
339,1.099341706191087,0.46153846153846156
340,0.7531862355378034,0.34615384615384615
341,0.979942379562134,0.46153846153846156
342,1.1239965410232156,0.46153846153846156
343,1.105770702395228,0.4230769230769231
344,0.8034795334974434,0.46153846153846156
345,0.6916275144566537,0.46153846153846156
346,1.160126715915225,0.38461538461538464
347,0.9683868979898103,0.46153846153846156
348,0.8647937188728365,0.38461538461538464
349,0.8104348855048316,0.46153846153846156
350,0.8288552617457015,0.38461538461538464
351,0.9910059175047286,0.46153846153846156
352,0.8367454185215946,0.34615384615384615
353,1.0115288327551089,0.38461538461538464
354,1.0387752656603948,0.4230769230769231
355,0.9022682881092408,0.4230769230769231
356,0.9410897294360319,0.5
357,0.8232198933897195,0.4230769230769231
358,0.8952651004582202,0.38461538461538464
359,0.8623371675149916,0.46153846153846156
360,0.9591169383782989,0.38461538461538464
361,0.872308589183167,0.4230769230769231
362,0.9951698822117188,0.38461538461538464
363,1.0061376401439757,0.34615384615384615
364,0.897925695168408,0.4230769230769231
365,0.9348007326705314,0.46153846153846156
366,0.8274373244454121,0.38461538461538464
367,0.7068392331696791,0.34615384615384615
368,0.8341868218019064,0.38461538461538464
369,0.8324898746993796,0.34615384615384615
370,0.7878064081784082,0.38461538461538464
371,0.9043316907045067,0.34615384615384615
372,0.8763809073652506,0.38461538461538464
373,0.7432092017004561,0.3076923076923077
374,1.007965089915238,0.34615384615384615
375,0.7424215228642863,0.4230769230769231
376,0.8747855108693092,0.34615384615384615
377,0.7066981106258572,0.38461538461538464
378,0.6368215512702897,0.4230769230769231
379,0.9386555388406743,0.46153846153846156
380,0.5992327967372542,0.4230769230769231
381,0.6933165931595324,0.38461538461538464
382,0.7844093073324201,0.46153846153846156
383,0.8896648532707434,0.38461538461538464
384,0.7522609261862598,0.38461538461538464
385,0.7379327184947257,0.4230769230769231
386,0.69979842972459,0.38461538461538464
387,0.7479490197028031,0.38461538461538464
388,0.6844509434368851,0.34615384615384615
389,0.6731873193750495,0.38461538461538464
390,0.6409890389881974,0.38461538461538464
391,0.8159602038419376,0.34615384615384615
392,0.574370025718896,0.38461538461538464
393,0.994337550500183,0.4230769230769231
394,0.663813886643406,0.38461538461538464
395,0.5662557543078495,0.34615384615384615
396,0.8477057293849666,0.34615384615384615
397,0.4497804936213452,0.4230769230769231
398,0.6830437624792394,0.38461538461538464
399,0.6116131771067153,0.3076923076923077
400,0.4034240869184438,0.38461538461538464
401,0.5842172282793272,0.3076923076923077
402,0.7187241589115048,0.38461538461538464
403,0.7525087488716764,0.38461538461538464
404,0.6688744133355811,0.34615384615384615
405,0.598787063153849,0.4230769230769231
406,0.5672594974303378,0.38461538461538464
407,0.7087901658543427,0.38461538461538464
408,0.7488549636431503,0.4230769230769231
409,0.6518343641934612,0.38461538461538464
410,0.646435351457542,0.38461538461538464
411,0.5693141326448914,0.34615384615384615
412,0.511142571562035,0.3076923076923077
413,0.6465641362668779,0.34615384615384615
414,0.5726966483006621,0.4230769230769231
415,0.5869508425690722,0.38461538461538464
416,0.6219762098435937,0.38461538461538464
417,0.6512767190530284,0.34615384615384615
418,0.5651595357190473,0.34615384615384615
419,0.6124480360272151,0.3076923076923077
420,0.6439820833204957,0.34615384615384615
421,0.7226731056861619,0.3076923076923077
422,0.6398659099251907,0.34615384615384615
423,0.4487122284351641,0.34615384615384615
424,0.6617968277424984,0.3076923076923077
425,0.746494880794712,0.3076923076923077
426,0.4968454175766386,0.3076923076923077
427,0.7774240425995735,0.3076923076923077
428,0.705779414093362,0.3076923076923077
429,0.723814895144903,0.2692307692307692
430,0.6131041150284124,0.3076923076923077
431,0.5650944579561754,0.2692307692307692
432,0.6337716403156679,0.4230769230769231
433,0.7844173833264774,0.34615384615384615
434,0.5879323098795788,0.34615384615384615
435,0.5385847984788596,0.3076923076923077
436,0.6632127283797495,0.38461538461538464
437,0.5451494765019778,0.2692307692307692
438,0.5486030200755039,0.34615384615384615
439,0.6595142614635701,0.3076923076923077
440,0.6328070169578996,0.34615384615384615
441,0.7725987048231024,0.34615384615384615
442,0.8187044866694881,0.3076923076923077
443,0.5836254362087345,0.34615384615384615
444,0.7170538806689275,0.2692307692307692
445,0.6295605279848817,0.3076923076923077
446,0.7129880669564166,0.2692307692307692
447,0.5864538162615478,0.3076923076923077
448,0.5172767344255922,0.3076923076923077
449,0.5813965220816506,0.3076923076923077
450,0.5641293492553556,0.2692307692307692
451,0.6899788270853389,0.2692307692307692
452,0.5680012543279287,0.2692307692307692
453,0.6736706536327142,0.3076923076923077
454,0.5883020404724384,0.3076923076923077
455,0.5269738243782274,0.2692307692307692
456,0.5982998860318123,0.2692307692307692
457,0.6204982259020322,0.3076923076923077
458,0.45247677310906154,0.3076923076923077
459,0.40778770055893876,0.23076923076923078
460,0.48775023386615457,0.2692307692307692
461,0.5582481368442136,0.2692307692307692
462,0.5004169819348911,0.3076923076923077
463,0.5313211296173477,0.3076923076923077
464,0.4078723351201523,0.23076923076923078
465,0.5993255881562223,0.3076923076923077
466,0.47376280117818315,0.34615384615384615
467,0.45709382371300356,0.2692307692307692
468,0.40102425710927747,0.2692307692307692
469,0.3719722688565721,0.2692307692307692
470,0.5049505040777951,0.2692307692307692
471,0.48789917520669235,0.2692307692307692
472,0.5888669610247543,0.2692307692307692
473,0.5483655043434141,0.23076923076923078
474,0.494745117347112,0.3076923076923077
475,0.5245489654400459,0.23076923076923078
476,0.32825503310852344,0.2692307692307692
477,0.6787692479414504,0.2692307692307692
478,0.46222573362156627,0.3076923076923077
479,0.5363699319305026,0.2692307692307692
480,0.6400694157872477,0.2692307692307692
481,0.4634569678318994,0.3076923076923077
482,0.5611593845613689,0.3076923076923077
483,0.37523874766131815,0.23076923076923078
484,0.46965524237141665,0.23076923076923078
485,0.19228993906059388,0.3076923076923077
486,0.3184811354596486,0.2692307692307692
487,0.4854476635915774,0.2692307692307692
488,0.7029489615461193,0.2692307692307692
489,0.34227206980402913,0.2692307692307692
490,0.395035878161873,0.2692307692307692
491,0.40084056752295094,0.3076923076923077
492,0.4705118505303596,0.2692307692307692
493,0.3378638776124121,0.23076923076923078
494,0.500054418868797,0.3076923076923077
495,0.4601351622362775,0.3076923076923077
496,0.32328591620694924,0.3076923076923077
497,0.35054599060431935,0.2692307692307692
498,0.45093959430975783,0.3076923076923077
499,0.4934044579302639,0.3076923076923077
500,0.3619513902782563,0.2692307692307692
501,0.5154805702950345,0.3076923076923077
502,0.3562799070283127,0.2692307692307692
503,0.4045302353204483,0.23076923076923078
504,0.43060397003511186,0.2692307692307692
505,0.3855491496429848,0.2692307692307692
506,0.2175474279328906,0.2692307692307692
507,0.33987167903843973,0.3076923076923077
508,0.3932919796651473,0.3076923076923077
509,0.2515343099182701,0.2692307692307692
510,0.42151702344230246,0.3076923076923077
511,0.3072656112850698,0.19230769230769232
512,0.3816421710616775,0.2692307692307692
513,0.44428192646760234,0.2692307692307692
514,0.37951231315704437,0.23076923076923078
515,0.5374894985367531,0.3076923076923077
516,0.4218023590956417,0.2692307692307692
517,0.4764140923727904,0.3076923076923077
518,0.4362121335284197,0.3076923076923077
519,0.5632906162418325,0.2692307692307692
520,0.47139397550372886,0.2692307692307692
521,0.46993727369462013,0.23076923076923078
522,0.4840526471147433,0.2692307692307692
523,0.3068447562162433,0.2692307692307692
524,0.4069056971046696,0.2692307692307692
525,0.2738488806159429,0.2692307692307692
526,0.518653230968579,0.2692307692307692
527,0.40483964380041737,0.2692307692307692
528,0.31608453058875785,0.3076923076923077
529,0.4980775703025433,0.2692307692307692
530,0.4134093196874997,0.2692307692307692
531,0.2930126225113776,0.3076923076923077
532,0.5592889700408188,0.2692307692307692
533,0.32592000189734893,0.2692307692307692
534,0.5650850194099384,0.23076923076923078
535,0.43370367757049033,0.23076923076923078
536,0.42141813403425,0.3076923076923077
537,0.37532879043887535,0.2692307692307692
538,0.413283821236476,0.2692307692307692
539,0.4637340640250436,0.23076923076923078
540,0.47394685689663874,0.2692307692307692
541,0.44629579014836596,0.2692307692307692
542,0.5593302218351539,0.23076923076923078
543,0.44135792611477864,0.23076923076923078
544,0.5485905120973795,0.2692307692307692
545,0.4421960239400038,0.2692307692307692
546,0.4125827707396863,0.2692307692307692
547,0.33654148930906036,0.2692307692307692
548,0.2978232900202009,0.2692307692307692
549,0.4302508558100149,0.2692307692307692
550,0.3823229049699344,0.3076923076923077
551,0.46771409927257324,0.23076923076923078
552,0.5716137357054776,0.2692307692307692
553,0.5913709999705956,0.3076923076923077
554,0.46340740342820386,0.2692307692307692
555,0.39209087524484554,0.2692307692307692
556,0.3513640284267576,0.2692307692307692
557,0.4432898892525814,0.2692307692307692
558,0.3715445497883234,0.23076923076923078
559,0.4154199583405074,0.3076923076923077
560,0.4831095790894593,0.2692307692307692
561,0.48297035855091597,0.3076923076923077
562,0.3663335860951591,0.23076923076923078
563,0.47862958224333596,0.23076923076923078
564,0.3311117885324393,0.2692307692307692
565,0.5889036823753613,0.2692307692307692
566,0.4004843133584113,0.2692307692307692
567,0.47058624342793154,0.2692307692307692
568,0.3590803433218479,0.2692307692307692
569,0.32749113377987404,0.2692307692307692
570,0.523885483960778,0.2692307692307692
571,0.4157199652464949,0.2692307692307692
572,0.5568705512340553,0.3076923076923077
573,0.5543842200377753,0.2692307692307692
574,0.15818507281474048,0.23076923076923078
575,0.4067123267011117,0.2692307692307692
576,0.41008676715261494,0.3076923076923077
577,0.44944810992986506,0.2692307692307692
578,0.536783025031156,0.2692307692307692
579,0.41735011965625635,0.2692307692307692
580,0.5053278503398357,0.2692307692307692
581,0.4599021977887743,0.2692307692307692
582,0.5467193480623314,0.2692307692307692
583,0.35045249921850274,0.2692307692307692
584,0.4854941211712682,0.2692307692307692
585,0.4828415142675855,0.2692307692307692
586,0.5800387072770299,0.2692307692307692
587,0.3988567106521157,0.2692307692307692
588,0.40268518997369585,0.2692307692307692
589,0.4116145770981552,0.2692307692307692
590,0.3470276137188666,0.3076923076923077
591,0.5336791937954928,0.3076923076923077
592,0.48324692101924027,0.23076923076923078
593,0.4520638893412765,0.2692307692307692
594,0.3350115541000025,0.23076923076923078
595,0.4155451191925459,0.2692307692307692
596,0.6199577714804527,0.3076923076923077
597,0.5087295512125034,0.2692307692307692
598,0.30928003569260065,0.3076923076923077
599,0.5810748631506883,0.3076923076923077
600,0.5363822818450905,0.2692307692307692
601,0.4936527684477201,0.23076923076923078
602,0.46266304885844667,0.3076923076923077
603,0.5506651663961528,0.2692307692307692
604,0.5105488104330749,0.34615384615384615
605,0.4882522174559538,0.3076923076923077
606,0.37077292900238756,0.3076923076923077
607,0.4709493829132385,0.23076923076923078
608,0.41728475449998736,0.2692307692307692
609,0.5483257256479805,0.3076923076923077
610,0.5862993435784634,0.3076923076923077
611,0.48766375737191403,0.3076923076923077
612,0.5006950763763753,0.2692307692307692
613,0.6086436272085756,0.2692307692307692
614,0.5604251233987805,0.2692307692307692
615,0.4639722319387358,0.2692307692307692
616,0.4968950629276456,0.3076923076923077
617,0.514303729471334,0.2692307692307692
618,0.4905952835688332,0.2692307692307692
619,0.4544132524769262,0.3076923076923077
620,0.3949789028058319,0.2692307692307692
621,0.4045773967622801,0.2692307692307692
622,0.38277409624943903,0.3076923076923077
623,0.5133060240619987,0.2692307692307692
624,0.6397728807254306,0.3076923076923077
625,0.590280538654373,0.2692307692307692
626,0.4641968221939301,0.23076923076923078
627,0.42493014763246784,0.3076923076923077
628,0.4922532005405449,0.2692307692307692
629,0.43943137054595605,0.2692307692307692
630,0.4165073019290637,0.3076923076923077
631,0.3694237173594366,0.2692307692307692
632,0.31024982262677625,0.3076923076923077
633,0.594528507535065,0.2692307692307692
634,0.37321030033203106,0.3076923076923077
635,0.4471647886156074,0.2692307692307692
636,0.42108748507961247,0.2692307692307692
637,0.49165010659574193,0.2692307692307692
638,0.41839318443290274,0.2692307692307692
639,0.436822614938281,0.3076923076923077
640,0.558781861410683,0.3076923076923077
641,0.41376229022285793,0.23076923076923078
642,0.42810169710874657,0.2692307692307692
643,0.38225939353997473,0.2692307692307692
644,0.37399970201790467,0.23076923076923078
645,0.3643393054681332,0.3076923076923077
646,0.4968597620561148,0.2692307692307692
647,0.5426468090804315,0.2692307692307692
648,0.3200921485825101,0.2692307692307692
649,0.5697384319076075,0.2692307692307692
650,0.47058374872989983,0.2692307692307692
651,0.4287659973605922,0.3076923076923077
652,0.46390381583332374,0.34615384615384615
653,0.4554491916329986,0.3076923076923077
654,0.5136309702654809,0.34615384615384615
655,1.6238114158222814,0.2692307692307692
656,0.4195044289898928,0.3076923076923077
657,0.5841225114840243,0.2692307692307692
658,0.4460284945694526,0.23076923076923078
659,0.7025570035113422,0.38461538461538464
660,0.387358585122501,0.3076923076923077
661,0.46929850647529303,0.2692307692307692
662,0.3429893061742,0.3076923076923077
663,0.42315811290218397,0.23076923076923078
664,0.4583195467282599,0.23076923076923078
665,0.398107841934058,0.3076923076923077
666,0.39233961696363373,0.34615384615384615
667,0.5005750368825015,0.3076923076923077
668,0.5289895673051879,0.2692307692307692
669,0.39804880922849994,0.2692307692307692
670,0.3960167910578889,0.38461538461538464
671,0.5399478118494145,0.3076923076923077
672,0.3354141177059877,0.3076923076923077
673,0.5386146369470657,0.2692307692307692
674,0.5948156644829017,0.3076923076923077
675,0.42288731790302636,0.23076923076923078
676,0.3510901036165137,0.2692307692307692
677,0.4599905580935979,0.3076923076923077
678,0.3682817872178892,0.2692307692307692
679,0.4559616478299984,0.3076923076923077
680,0.44667016143833527,0.3076923076923077
681,0.358919183861246,0.2692307692307692
682,0.28098341922110404,0.2692307692307692
683,0.41273557031351826,0.3076923076923077
684,0.40350079310162634,0.2692307692307692
685,0.47617169219849886,0.2692307692307692
686,0.42423050402480245,0.3076923076923077
687,0.37599078273289255,0.3076923076923077
688,0.4424065147015157,0.2692307692307692
689,0.3453777217539886,0.3076923076923077
690,0.35485928561732605,0.2692307692307692
691,0.43812835603214406,0.3076923076923077
692,0.5037006525022685,0.2692307692307692
693,0.28669900528751135,0.3076923076923077
694,0.20702541900546612,0.3076923076923077
695,0.43725400690888927,0.3076923076923077
696,1.5310488223893142,0.3076923076923077
697,0.4428038910898451,0.3076923076923077
698,0.5484975297468018,0.3076923076923077
699,0.34845809392977367,0.34615384615384615
700,0.3718807974998226,0.3076923076923077
701,0.5179840122186556,0.19230769230769232
702,1.7156659809312091,0.5
703,0.4546815793426382,0.3076923076923077
704,0.518993501573918,0.2692307692307692
705,0.9464228045797163,0.2692307692307692
706,3.8746984153211,0.6538461538461539
707,1.414742678622133,0.2692307692307692
708,3.8323586781123637,0.6538461538461539
709,2.489103437874355,0.46153846153846156
710,3.6255653881665717,0.6923076923076923
711,0.9692498564383993,0.3076923076923077
712,2.0700786228026247,0.5769230769230769
713,5.498486302218853,0.8846153846153846
714,3.7342769305185852,0.7692307692307693
715,4.752825785413823,0.9230769230769231
716,0.9891469565177125,0.34615384615384615
717,3.7417156325460867,0.9615384615384616
718,2.622932506578329,0.6153846153846154
719,3.9358074450861533,0.6923076923076923
720,5.3247299491478435,0.9230769230769231
721,1.27952634124132,0.2692307692307692
722,1.0206756250683928,0.34615384615384615
723,1.3168620735519434,0.4230769230769231
724,4.58612147696185,0.7692307692307693
725,4.792493251904075,0.9230769230769231
726,2.0167664615937833,0.5
727,3.034629278813327,0.6923076923076923
728,1.6211678789607862,0.38461538461538464
729,1.9027197478904654,0.5
730,1.9532270452753462,0.5
731,1.7235771825407527,0.5384615384615384
732,2.608531698749582,0.6153846153846154
733,2.9037278390999144,0.5769230769230769
734,2.0335509175930344,0.46153846153846156
735,1.5933004984458852,0.46153846153846156
736,2.1030038037452097,0.4230769230769231
737,3.1156803498892938,0.8076923076923077
738,1.5276860606940332,0.34615384615384615
739,6.004250536352712,0.7692307692307693
740,4.0013816444202135,0.6923076923076923
741,3.727230135308389,0.7307692307692307
742,2.2456178499453743,0.5384615384615384
743,3.692201519641189,0.6538461538461539
744,1.8205142443132172,0.5769230769230769
745,2.4135321939239036,0.5
746,1.6626477611907826,0.5
747,5.015864637057908,0.8461538461538461
748,2.2177370549393087,0.46153846153846156
749,2.194121073126278,0.5
750,3.8797806564410386,0.7307692307692307
751,1.5628764298945539,0.46153846153846156
752,3.051876516539078,0.6923076923076923
753,1.4500658321036368,0.5
754,4.451546253442598,0.9230769230769231
755,5.673059466735935,0.8846153846153846
756,1.5734879469355498,0.4230769230769231
757,2.065599303857658,0.4230769230769231
758,3.016204643346599,0.5384615384615384
759,1.4832880482877635,0.3076923076923077
760,1.8446577303463605,0.34615384615384615
761,1.9710555917965005,0.5
762,5.760019177124828,0.8846153846153846
763,3.993218994776377,0.6923076923076923
764,4.289655428713057,0.6923076923076923
765,2.4058868553714703,0.46153846153846156
766,2.640378962582698,0.5769230769230769
767,2.832325042106095,0.5769230769230769
768,2.4449194720358225,0.5769230769230769
769,4.225179740594291,0.6538461538461539
770,3.8717130374894086,0.8461538461538461
771,2.9238519737775945,0.5384615384615384
772,3.5226458529016496,0.8461538461538461
773,2.9505619137497154,0.6538461538461539
774,3.3417115150286585,0.6923076923076923
775,2.987496141328773,0.7307692307692307
776,3.2024589778666868,0.6153846153846154
777,3.1186923575340595,0.7307692307692307
778,3.0932687342277085,0.8076923076923077
779,3.1028101312111893,0.8461538461538461
780,3.21857469078746,0.6538461538461539
781,3.3038400340654754,0.7307692307692307
782,3.2780642748104842,0.8076923076923077
783,3.147099926502249,0.7692307692307693
784,3.588842417105785,0.7692307692307693
785,3.847192099301903,0.9230769230769231
786,2.90974653307978,0.7307692307692307
787,3.303032817965309,0.7692307692307693
788,3.903951015215091,0.8076923076923077
789,2.96285433132409,0.6923076923076923
790,3.5636977545732575,0.6153846153846154
791,3.1116425395298903,0.8846153846153846
792,4.011979275614442,0.9230769230769231
793,3.0997082380506145,0.6923076923076923
794,4.07379833716925,0.7307692307692307
795,2.4759428619419483,0.8461538461538461
796,4.146811770281156,0.8461538461538461
797,3.2195309482827223,0.7692307692307693
798,3.105359591153193,0.6923076923076923
799,3.759729579790063,0.8076923076923077
800,2.830812297599489,0.7307692307692307
801,4.815501175417203,0.9230769230769231
802,5.624123237204095,0.9615384615384616
803,3.1091155302631677,0.6923076923076923
804,3.3488189981859557,0.8076923076923077
805,4.626090034686569,0.8846153846153846
806,4.52724628659499,0.7307692307692307
807,4.579368252734491,0.9230769230769231
808,4.1763860217452144,0.8076923076923077
809,3.5633031311992784,0.8076923076923077
810,4.607725915267804,0.8846153846153846
811,4.14303629257451,0.7692307692307693
812,4.236518216054098,0.8461538461538461
813,3.550694436270932,0.8076923076923077
814,3.7320749903385355,0.8076923076923077
815,5.109604901908686,0.8076923076923077
816,4.593157742062347,0.8846153846153846
817,5.198488528407336,0.9615384615384616
818,4.807278128479247,0.8846153846153846
819,5.240313530984439,0.8461538461538461
820,3.961399600532604,0.9230769230769231
821,4.727891939454213,0.8846153846153846
822,4.046804045551153,0.8461538461538461
823,4.236683097437273,0.8461538461538461
824,3.4386145813848943,0.8846153846153846
825,4.538878236377737,0.8846153846153846
826,3.917199867266604,0.7692307692307693
827,4.2233729382292475,0.8461538461538461
828,4.662895835307308,0.9230769230769231
829,4.342184222815018,0.9230769230769231
830,3.8699718115023463,0.8076923076923077
831,3.8501762018599863,0.8846153846153846
832,3.8590995131148342,0.7307692307692307
833,3.346939572351789,0.7307692307692307
834,4.197423899338938,0.7692307692307693
835,4.162487050250255,0.8076923076923077
836,3.044033979398178,0.7692307692307693
837,4.038758806269621,0.8846153846153846
838,3.468900626871818,0.7307692307692307
839,3.711126274912749,0.7307692307692307
840,3.657274293176493,0.6538461538461539
841,3.9160635629476537,0.7307692307692307
842,3.7497098899319674,0.6923076923076923
843,3.7289506120456424,0.7692307692307693
844,4.474104427857211,0.7307692307692307
845,4.173959313668706,0.6923076923076923
846,3.870709807620071,0.8461538461538461
847,3.851799840590706,0.7692307692307693
848,3.4900757329725733,0.7692307692307693
849,4.000959635484143,0.8461538461538461
850,3.9646272439297583,0.8461538461538461
851,3.506356259178613,0.6923076923076923
852,3.8646880321776393,0.8461538461538461
853,3.8119830127156757,0.7307692307692307
854,4.058252966335315,0.8076923076923077
855,3.230055991236166,0.8461538461538461
856,3.657758066075986,0.8076923076923077
857,4.227554747243508,0.8846153846153846
858,4.227594854687238,0.7307692307692307
859,4.165078131410254,0.9230769230769231
860,5.085819650858797,0.9615384615384616
861,4.940371650901317,0.9230769230769231
862,4.632877005543445,0.8846153846153846
863,4.12133754744764,0.8461538461538461
864,4.066054118000798,0.8461538461538461
865,4.409582580226638,0.9230769230769231
866,4.263906775889927,0.8076923076923077
867,4.608855167420748,0.8076923076923077
868,4.230736036933679,0.7692307692307693
869,4.645309951762613,0.8076923076923077
870,3.3450889280612097,0.8846153846153846
871,4.3725773909103465,0.8846153846153846
872,3.193416274559316,0.7307692307692307
873,4.5601403745617155,0.8846153846153846
874,4.4384824499093165,0.9230769230769231
875,3.917447957550138,0.9230769230769231
876,3.7637280481622586,0.8846153846153846
877,4.744192161608472,0.7692307692307693
878,3.8694356744967537,0.9230769230769231
879,4.177186477731939,0.8846153846153846
880,3.9781746986300375,0.8076923076923077
881,3.418583552863305,0.8846153846153846
882,3.811877054195067,0.8461538461538461
883,5.162585109529729,0.8076923076923077
884,5.416195005150477,0.7307692307692307
885,3.910200206672612,0.9230769230769231
886,4.231443414317049,0.7307692307692307
887,4.162762023213656,0.8076923076923077
888,3.350197124077357,0.6538461538461539
889,3.9680111102315245,0.7692307692307693
890,3.8962914197420564,0.7692307692307693
891,3.626158562338083,0.6923076923076923
892,4.239491429963697,0.7692307692307693
893,3.769287142144061,0.7307692307692307
894,5.15054720342371,0.8846153846153846
895,4.2772307594865735,0.7692307692307693
896,6.8454875352847635,0.9230769230769231
897,4.221417102882356,0.6923076923076923
898,3.7941511102771726,0.6923076923076923
899,4.369715370298297,0.7307692307692307
900,3.6990577281361188,0.9230769230769231
901,3.3733195080557987,0.8461538461538461
902,3.079977044402698,0.7692307692307693
903,3.7623471962606025,0.8846153846153846
904,3.734652619646986,0.7307692307692307
905,4.070872843953961,0.8461538461538461
906,4.0827373588006415,0.8076923076923077
907,3.4172667471319658,0.8076923076923077
908,3.631600561543934,0.7692307692307693
909,3.3073817280892412,0.7692307692307693
910,4.691841533483991,0.8846153846153846
911,4.800245684072315,0.7692307692307693
912,4.753521112131577,0.9230769230769231
913,4.055738514349234,0.8076923076923077
914,4.785478868563176,1.0
915,3.8881325055912956,0.8461538461538461
916,4.317009568592763,0.6923076923076923
917,5.029722205196901,0.9615384615384616
918,4.923284624771673,0.9615384615384616
919,4.125640937728091,0.6923076923076923
920,4.094948444144717,0.8846153846153846
921,4.483932692080944,0.8846153846153846
922,4.287344652502407,0.8076923076923077
923,3.8061972452251203,0.8461538461538461
924,3.8214408718123956,0.8846153846153846
925,3.7901539471565484,0.9615384615384616
926,4.286073751679926,0.8846153846153846
927,3.919174263150757,0.9615384615384616
928,4.384294388439187,0.9230769230769231
929,4.5683576589100765,0.8461538461538461
930,4.603278873512062,0.8461538461538461
931,4.392000763133471,0.8461538461538461
932,5.43158008786814,0.8076923076923077
933,4.557787794265561,0.8461538461538461
934,4.365479852039838,0.8461538461538461
935,5.196597633913566,0.8846153846153846
936,4.9734614112141475,0.8846153846153846
937,4.71740010842498,0.9230769230769231
938,3.7578307515954124,0.6923076923076923
939,4.149006085425511,0.8076923076923077
940,3.8024350186008813,0.8076923076923077
941,4.088765121289173,0.7692307692307693
942,3.9652286731738338,0.7692307692307693
943,4.308015273645632,0.8076923076923077
944,3.715873909207293,0.7692307692307693
945,4.837065132470807,0.8846153846153846
946,3.7421987072012586,0.9230769230769231
947,4.094084636251705,0.9230769230769231
948,4.0104449399914825,0.8846153846153846
949,4.300324994091733,0.8076923076923077
950,4.430860694889541,0.8461538461538461
951,5.0816386877886455,0.8461538461538461
952,4.543429852408458,0.8076923076923077
953,4.208512609384476,0.7307692307692307
954,4.323663654740843,0.8076923076923077
955,4.417333643328678,0.9615384615384616
956,4.456478984228902,0.7692307692307693
957,3.6191448892489912,0.7692307692307693
958,3.842161231520137,0.7692307692307693
959,4.220556614800349,0.8076923076923077
960,2.966092178443877,0.8461538461538461
961,4.352448169123539,0.8846153846153846
962,4.491136352292781,0.8461538461538461
963,4.2527036329580445,0.9230769230769231
964,4.134092611105513,0.8846153846153846
965,4.242882465295714,0.8461538461538461
966,3.8296649723441916,0.9230769230769231
967,4.772838404798829,0.9230769230769231
968,3.5227927682299858,0.8461538461538461
969,3.77621677992431,0.8846153846153846
970,4.098018136774961,0.8461538461538461
971,4.1006416034520505,0.8846153846153846
972,3.8729173027389776,0.9230769230769231
973,4.350650134891875,0.9615384615384616
974,5.005606492619334,0.8846153846153846
975,3.5949828092034557,0.8076923076923077
976,5.389355443652733,0.8461538461538461
977,3.90769313416682,0.8461538461538461
978,3.840034281725016,0.8846153846153846
979,4.412244209405575,0.8846153846153846
980,4.83172423385953,0.9230769230769231
981,4.363071410324362,0.8461538461538461
982,4.278888515024124,0.7692307692307693
983,3.741220086824769,0.8461538461538461
984,3.282482046304025,0.8846153846153846
985,3.978388358641974,0.8846153846153846
986,3.7606775032302213,0.8846153846153846
987,3.8281659820766984,0.9230769230769231
988,4.339254674873821,0.9230769230769231
989,3.6008747917721915,0.7307692307692307
990,3.4315498580225903,0.8461538461538461
991,3.574972528515813,0.7692307692307693
992,4.550308629657841,1.0
993,3.5969093515175805,0.8461538461538461
994,3.1281550609323645,0.7307692307692307
995,4.666860853546966,0.8461538461538461
996,3.450852968567478,0.7307692307692307
997,3.524503451117214,0.6538461538461539
998,3.568492484612965,0.8076923076923077
999,3.6714419081761687,0.7307692307692307
1000,3.4941645301358997,0.6923076923076923
1001,5.188883852188613,0.8846153846153846
1002,3.1887898216462345,0.6923076923076923
1003,3.1342708825277823,0.7692307692307693
1004,3.1187984863248674,0.8076923076923077
1005,4.812440598097078,0.8846153846153846
1006,3.3815690484802157,0.5769230769230769
1007,3.7359454298445924,0.6923076923076923
1008,3.5133611972710326,0.7307692307692307
1009,3.812437274926679,0.6923076923076923
1010,3.9397401781615464,0.7307692307692307
1011,3.3650822179831987,0.6923076923076923
1012,4.478044343621012,0.7692307692307693
1013,3.9333638469322416,0.7692307692307693
1014,3.764891520066247,0.6923076923076923
1015,3.6649302348624597,0.7307692307692307
1016,4.256407176546253,0.8846153846153846
1017,4.185135477905545,0.7692307692307693
1018,4.073328874215683,0.7692307692307693
1019,3.9040838570327865,0.8076923076923077
1020,3.668791021358937,0.8076923076923077
1021,3.915356486055292,0.7692307692307693
1022,4.930458944334065,0.8846153846153846
1023,4.443949494207448,0.9615384615384616
1024,4.2504869822183275,0.7692307692307693
1025,5.5735277798163185,0.8076923076923077
1026,4.4487306173834344,0.7307692307692307
1027,4.002872112841103,0.7692307692307693
1028,5.120159508511275,0.8461538461538461
1029,4.4055925165552,0.8076923076923077
1030,4.521209130313519,0.9230769230769231
1031,3.9336382144147826,0.8076923076923077
1032,4.263848279091789,0.8076923076923077
1033,4.082594472748891,0.7692307692307693
1034,4.191094569670752,0.7692307692307693
1035,4.342361525265487,0.8076923076923077
1036,4.7452640045929835,0.7692307692307693
1037,4.363566883550091,0.8076923076923077
1038,4.555295339968858,0.8076923076923077
1039,4.893777748784858,0.9230769230769231
1040,4.2493564838577,0.8461538461538461
1041,3.761695759444584,1.0
1042,4.602749013245792,0.8846153846153846
1043,4.838964815633138,0.8461538461538461
1044,3.9182646570119655,0.8846153846153846
1045,3.923423875577439,0.8461538461538461
1046,3.7141886090671443,0.9230769230769231
1047,5.04864101385335,0.8461538461538461
1048,4.792687434734509,0.8846153846153846
1049,3.837976448789989,0.9230769230769231
1050,4.8117944271143935,0.9230769230769231
1051,4.3623336372142,0.8846153846153846
1052,4.6813125104764115,0.8846153846153846
1053,4.541578480114655,0.9230769230769231
1054,3.4338088720450983,0.9230769230769231
1055,3.6235183251400094,0.8461538461538461
1056,4.208104719442502,0.8461538461538461
1057,3.5153077623547153,0.8461538461538461
1058,4.296902683285751,0.9230769230769231
1059,3.9804330371917764,0.9230769230769231
1060,4.835378602918536,0.8846153846153846
1061,3.9719099625394847,0.8461538461538461
1062,3.715746707075311,0.7307692307692307
1063,4.40317170600678,0.8846153846153846
1064,4.4130110250974015,0.7692307692307693
1065,4.732764577185602,0.8076923076923077
1066,4.393214823000811,0.7692307692307693
1067,3.293900702486798,0.8076923076923077
1068,3.5836740949099344,0.8846153846153846
1069,3.563988257955764,0.8846153846153846
1070,4.225505366482595,0.9230769230769231
1071,3.438189499579003,0.9615384615384616
1072,3.792158602668283,0.9230769230769231
1073,4.186756929843551,0.8846153846153846
1074,3.8117857456108135,0.8846153846153846
1075,4.835723692133003,0.9615384615384616
1076,4.098702206204544,1.0
1077,4.892201094556054,1.0
1078,3.868603562944476,0.9230769230769231
1079,4.188421409077229,0.8461538461538461
1080,4.69906812550692,0.9230769230769231
1081,5.95946967348287,0.8846153846153846
1082,4.473585841173604,0.9230769230769231
1083,3.439954227814079,0.8076923076923077
1084,4.073407487243891,0.9230769230769231
1085,4.0894367926159125,0.8076923076923077
1086,4.0424998982697735,0.7692307692307693
1087,3.7489078287065554,0.8461538461538461
1088,4.364742179282864,0.8846153846153846
1089,3.5365896164682464,0.9230769230769231
1090,3.309207393686367,0.8461538461538461
1091,3.5829212588038972,0.8461538461538461
1092,4.095880315528261,0.9615384615384616
1093,3.248903427927904,0.7692307692307693
1094,3.514338607412216,0.6923076923076923
1095,3.088033249463216,0.7692307692307693
1096,3.421356870350961,0.6538461538461539
1097,3.9431528356883025,0.8076923076923077
1098,3.8808547453623334,0.7692307692307693
1099,3.9019674533417654,0.6538461538461539
1100,3.717954246376837,0.8076923076923077
1101,3.656919609341494,0.6538461538461539
1102,3.6332467678348386,0.8076923076923077
1103,4.545071532123814,0.9230769230769231
1104,3.5745151657523335,0.8846153846153846
1105,3.613750176909146,0.8461538461538461
1106,4.898037500181042,0.8076923076923077
1107,3.662611766830549,0.8461538461538461
1108,4.006551219369571,0.8846153846153846
1109,3.833471639606177,0.8076923076923077
1110,4.210210450070432,0.7307692307692307
1111,4.673957299241174,0.8076923076923077
1112,4.252257713546192,0.8461538461538461
1113,3.8578781353451634,0.9230769230769231
1114,3.302834055631808,0.7692307692307693
1115,3.86860325482474,0.9230769230769231
1116,3.6652720711316142,0.8076923076923077
1117,3.933202210297536,0.7307692307692307
1118,4.008390446993019,0.7692307692307693
1119,3.7240514415587986,0.9230769230769231
1120,4.02872828986823,0.8461538461538461
1121,5.201146355674165,0.8076923076923077
1122,4.194666141569189,0.9615384615384616
1123,4.446903570490177,0.8461538461538461
1124,4.431655924094147,0.8461538461538461
1125,5.816598439570178,0.8846153846153846
1126,4.705939969004015,0.8846153846153846
1127,4.938689260263938,0.9230769230769231
1128,4.507098300907974,0.9230769230769231
1129,5.200361738836715,0.8846153846153846
1130,4.5161824625189935,0.9615384615384616
1131,4.640549395603718,0.9230769230769231
1132,3.5534373874532332,0.8846153846153846
1133,4.004986893223368,0.8846153846153846
1134,4.221179653875257,0.8846153846153846
1135,5.042453062574758,0.9230769230769231
1136,4.8910995235052095,0.8461538461538461
1137,3.911000425118687,0.8461538461538461
1138,3.6364725651760557,0.8076923076923077
1139,3.7302639874523225,0.8076923076923077
1140,3.9226235210331417,0.8461538461538461
1141,4.076453392718889,0.8461538461538461
1142,4.086890801442467,0.8461538461538461
1143,5.0972473257637825,0.9615384615384616
1144,4.322350854248432,0.8846153846153846
1145,3.5595750306458243,0.8461538461538461
1146,4.668971201610057,0.8076923076923077
1147,4.027963470775292,0.8846153846153846
1148,4.74018161060381,0.9230769230769231
1149,4.5984141244055685,0.9230769230769231
1150,4.029256577580605,0.9230769230769231
1151,4.1145012971183395,0.8461538461538461
1152,3.8411997335247072,0.9615384615384616
1153,3.928876644453665,0.8846153846153846
1154,4.359679986648946,0.8076923076923077
1155,4.019827524431067,0.7307692307692307
1156,5.396288588723229,0.8076923076923077
1157,5.5968378065120605,0.8846153846153846
1158,4.16274840459409,0.8846153846153846
1159,4.503855812205594,0.8461538461538461
1160,4.205072458733814,0.8076923076923077
1161,3.8741340412106773,0.8076923076923077
1162,4.405038556651104,0.9230769230769231
1163,4.504380132236097,0.9615384615384616
1164,3.9024862321616762,0.8461538461538461
1165,5.792475363801262,0.8846153846153846
1166,3.794546181625363,0.8846153846153846
1167,5.84999189971713,0.8846153846153846
1168,3.863486124520751,0.8846153846153846
1169,3.575993151995831,0.7692307692307693
1170,3.859978433320645,0.8076923076923077
1171,3.6872759137056654,0.8076923076923077
1172,4.514135343804949,0.7692307692307693
1173,4.073275851748385,0.8461538461538461
1174,4.592665898924819,0.8461538461538461
1175,4.518829258755079,0.8846153846153846
1176,5.803213646265539,0.8461538461538461
1177,4.105363081669918,0.9230769230769231
1178,4.686979215516481,0.8461538461538461
1179,5.459339997351761,0.8076923076923077
1180,4.190092950816179,0.8076923076923077
1181,4.142783212837328,0.8076923076923077
1182,4.814855799658677,0.7692307692307693
1183,4.339132389244116,0.8846153846153846
1184,3.827912920813937,0.8076923076923077
1185,3.955740337788944,0.7692307692307693
1186,4.670438353096202,0.8461538461538461
1187,4.036729520831235,0.9230769230769231
1188,4.678660364337213,0.8461538461538461
1189,4.151345351876064,0.9230769230769231
1190,3.85707660644524,0.9230769230769231
1191,4.3030223956226665,0.8846153846153846
1192,3.8490312197770984,0.9230769230769231
1193,4.14513751667712,0.9230769230769231
1194,4.6186147851208155,0.8076923076923077
1195,4.79293052842305,0.8846153846153846
1196,4.759433072078919,0.8846153846153846
1197,4.235518469528738,0.8461538461538461
1198,5.238116200936583,0.8461538461538461
1199,4.21163576302119,0.8461538461538461
1200,3.5615268449880446,0.8846153846153846
1201,4.505425842005312,0.8846153846153846
1202,4.462415100905961,0.9615384615384616
1203,4.0703859676881,0.7692307692307693
1204,4.829458669459597,0.8846153846153846
1205,4.316189445532478,0.7692307692307693
1206,4.28609206610662,0.9230769230769231
1207,4.720977687449962,0.9230769230769231
1208,5.589624387438045,0.8846153846153846
1209,4.816572065043292,1.0
1210,4.80957800768269,0.9230769230769231
1211,4.48700428240434,0.8076923076923077
1212,3.966567101868367,0.8461538461538461
1213,4.2850841005580405,0.9230769230769231
1214,4.250457013594565,0.9230769230769231
1215,4.077118852369872,0.9230769230769231
1216,4.086013115752848,0.8846153846153846
1217,4.84623270536846,0.8461538461538461
1218,3.979885629423677,0.9230769230769231
1219,4.265403864651487,0.9230769230769231
1220,4.063873502927431,0.9230769230769231
1221,4.250136643739198,0.8846153846153846
1222,4.434910578097102,0.8846153846153846
1223,4.437835401834582,0.9615384615384616
1224,6.383883929124145,0.9230769230769231
1225,4.496541328339686,0.8461538461538461
1226,4.493262202877614,0.7692307692307693
1227,5.900547250880471,0.8461538461538461
1228,3.763937940860318,0.7307692307692307
1229,3.479992026640301,0.9230769230769231
1230,4.533230018780698,0.8846153846153846
1231,4.395613955820902,0.8461538461538461
1232,3.535904265421938,0.8461538461538461
1233,3.5490732937711416,0.7692307692307693
1234,3.8236751251947747,0.8846153846153846
1235,3.9877073876987943,0.8846153846153846
1236,3.7592867923107773,0.8846153846153846
1237,4.563585303713251,0.9615384615384616
1238,4.36977261877939,0.9230769230769231
1239,3.7842602971972292,0.8846153846153846
1240,4.094104640198441,0.9615384615384616
1241,3.9865701082137157,0.9615384615384616
1242,4.076490020815168,0.9615384615384616
1243,4.105138729505349,0.9230769230769231
1244,3.9159629940722986,0.9615384615384616
1245,4.186560772690407,1.0
1246,4.507039589861473,1.0
1247,4.734624829114045,0.9615384615384616
1248,4.385020746192679,1.0
1249,5.3727750871326245,1.0
1250,4.440422095672256,0.9230769230769231
1251,3.2811356143339454,0.8846153846153846
1252,3.6621457946492453,0.7692307692307693
1253,3.595154033614698,0.7692307692307693
1254,4.02808902353669,0.8076923076923077
1255,3.574256703984317,0.8076923076923077
1256,3.517982816770171,0.7692307692307693
1257,3.9393510571981802,0.7307692307692307
1258,4.0259551733287395,0.7307692307692307
1259,3.560889597221829,0.6538461538461539
1260,3.3613909629618735,0.6923076923076923
1261,3.7472094805966285,0.7692307692307693
1262,3.2922012929409,0.8076923076923077
1263,3.178338349487439,0.7692307692307693
1264,3.276117070189736,0.6538461538461539
1265,3.968458638712412,0.8076923076923077
1266,3.618437976662579,0.8846153846153846
1267,3.8607138399780987,0.6923076923076923
1268,4.004888946998688,0.8076923076923077
1269,3.735155689443912,0.7307692307692307
1270,3.507643068449744,0.7692307692307693
1271,4.653503560821912,0.8076923076923077
1272,3.704527286721972,0.8846153846153846
1273,3.6579167927184857,0.8076923076923077
1274,3.8715577926275775,0.8846153846153846
1275,3.8955462005762254,0.8846153846153846
1276,4.362452867384002,0.9230769230769231
1277,3.8293306957612026,0.7692307692307693
1278,3.9655148557842246,0.8076923076923077
1279,3.8956192753431704,0.8846153846153846
1280,3.250278169990767,0.8846153846153846
1281,3.8624931041777497,0.8076923076923077
1282,3.7140809565930164,0.8461538461538461
1283,3.6321130754436926,0.8461538461538461
1284,4.912219964255889,0.8076923076923077
1285,4.464967875543672,0.7307692307692307
1286,5.367810705217196,0.8846153846153846
1287,4.051304885180845,0.8461538461538461
1288,4.037165412267684,0.8846153846153846
1289,4.01330765925354,0.9230769230769231
1290,3.931805383182062,0.9230769230769231
1291,3.956757597405567,0.9230769230769231
1292,4.167604045315043,0.9615384615384616
1293,4.892127431548333,0.9230769230769231
1294,5.789044708785952,0.9230769230769231
1295,4.933153165284704,0.9615384615384616
1296,4.160332204622082,0.8461538461538461
1297,4.196892620635674,0.9615384615384616
1298,3.994938144587632,0.9230769230769231
1299,4.5561020647086465,0.9230769230769231
1300,5.539375498744775,0.9615384615384616
1301,5.088684237213949,0.9230769230769231
1302,4.929653162534329,0.9230769230769231
1303,4.119513046810259,0.9230769230769231
1304,4.2603113321165065,0.8076923076923077
1305,4.111367569923591,0.8846153846153846
1306,3.8657407748228594,0.8461538461538461
1307,3.5028929876463684,0.8846153846153846
1308,4.584705512121174,0.8076923076923077
1309,4.165684834745053,0.9230769230769231
1310,4.286341124271247,0.8076923076923077
1311,3.8546334203816732,0.8846153846153846
1312,4.162839518886655,0.6538461538461539
1313,3.843647674382019,0.7692307692307693
1314,3.416126355814279,0.8076923076923077
1315,5.245769406140953,0.6923076923076923
1316,3.8650152231621213,0.7307692307692307
1317,4.074852212056647,0.7692307692307693
1318,3.649349261584698,0.7692307692307693
1319,4.036456517319929,0.7692307692307693
1320,3.746010452886937,0.9615384615384616
1321,4.368897909319257,0.8846153846153846
1322,4.371087341059833,0.9230769230769231
1323,3.4924900980780755,0.8846153846153846
1324,3.6800225868842276,0.9230769230769231
1325,3.335212755595573,0.9230769230769231
1326,3.733549862371963,0.8846153846153846
1327,3.229166754873597,0.8846153846153846
1328,3.5406298767143913,0.8846153846153846
1329,4.511041112670595,0.8846153846153846
1330,3.612146842962729,0.8846153846153846
1331,3.4974791735301274,0.8846153846153846
1332,3.569576297205049,0.8076923076923077
1333,3.510614016543936,0.8846153846153846
1334,4.041003245783957,0.8076923076923077
1335,3.6110305575811545,0.7307692307692307
1336,3.380909765718785,0.7307692307692307
1337,3.204292218349675,0.7692307692307693
1338,4.095484804087084,0.6923076923076923
1339,5.9619373616680225,0.8461538461538461
1340,3.6648910665992496,0.9230769230769231
1341,4.520212922159626,0.9230769230769231
1342,3.5396088739773353,0.8076923076923077
1343,4.42796301675739,0.9230769230769231
1344,3.707999106803811,0.8076923076923077
1345,5.0285757433461375,0.8846153846153846
1346,3.773571143174079,0.9230769230769231
1347,2.99812700032916,0.8461538461538461
1348,4.186549170307504,0.8846153846153846
1349,3.3195707591437182,0.8076923076923077
1350,4.193521815816117,0.8846153846153846
1351,4.124737936488219,0.8846153846153846
1352,3.3756285299085276,0.8846153846153846
1353,3.4028527690100923,0.8461538461538461
1354,4.09872217745955,0.8846153846153846
1355,3.6679249482155356,0.8846153846153846
1356,4.63028720253906,0.8846153846153846
1357,4.030299834202176,0.8846153846153846
1358,5.121255856498792,0.8461538461538461
1359,3.701297681354628,0.8846153846153846
1360,3.8675134441975745,0.8461538461538461
1361,3.9954015625179258,1.0
1362,4.212180689983338,0.8846153846153846
1363,4.221479006942459,0.8846153846153846
1364,4.3387353273327784,0.8846153846153846
1365,3.6523955156605368,0.9230769230769231
1366,3.83494499434424,0.8846153846153846
1367,4.020899424348034,0.8076923076923077
1368,4.310847153217235,1.0
1369,4.1714556017586215,0.8846153846153846
1370,3.969463256207432,0.8846153846153846
1371,5.891822076592706,0.8461538461538461
1372,5.140146512910952,1.0
1373,4.675712758984476,0.8846153846153846
1374,4.314896138792344,0.9230769230769231
1375,6.075914451440064,0.9230769230769231
1376,4.15421820737482,0.8461538461538461
1377,4.124149539067485,0.8846153846153846
1378,3.962023165826256,0.9230769230769231
1379,4.306866775359626,0.8846153846153846
1380,4.512817945389661,0.9230769230769231
1381,5.107934240828179,0.8461538461538461
1382,4.538384156790467,0.8846153846153846
1383,4.492136635597859,0.9230769230769231
1384,4.165883998746022,0.9615384615384616
1385,4.510479636481966,0.6923076923076923
1386,4.526513251105312,0.8076923076923077
1387,5.079245299452051,0.8461538461538461
1388,4.111566561149826,0.7692307692307693
1389,3.7759838292651997,0.6923076923076923
1390,5.169721707031646,0.7307692307692307
1391,3.9065554444499604,0.6923076923076923
1392,3.399909956056846,0.8076923076923077
1393,3.596441143380272,0.6923076923076923
1394,3.9416455090933065,0.8846153846153846
1395,4.304520834612041,0.9230769230769231
1396,4.307850988956373,0.8461538461538461
1397,4.658774415494697,0.8076923076923077
1398,4.39772321066598,0.8846153846153846
1399,4.189379888728974,0.8461538461538461
1400,4.179772559597187,0.7307692307692307
1401,4.080267078613999,0.7692307692307693
1402,4.402062593232358,0.8846153846153846
1403,4.707276460109373,0.8461538461538461
1404,4.682475422568976,0.7692307692307693
1405,4.58020790134244,0.7307692307692307
1406,4.465876703031043,0.7692307692307693
1407,4.852548881086936,0.8461538461538461
1408,4.454677400774983,0.7307692307692307
1409,4.461167285923421,0.7692307692307693
1410,4.227322554866703,0.8076923076923077
1411,4.748267265039005,0.7307692307692307
1412,4.381541966087112,0.7307692307692307
1413,4.463005105796778,0.7307692307692307
1414,4.247152905175825,0.7692307692307693
1415,4.237642341571217,0.8846153846153846
1416,3.9435932388682113,0.8076923076923077
1417,4.119259355835913,0.7692307692307693
1418,4.313463936835619,0.7307692307692307
1419,2.8305497550453005,0.8076923076923077
1420,3.419619702786013,0.8461538461538461
1421,3.4988106406944675,0.8461538461538461
1422,4.014309258660882,0.8846153846153846
1423,4.443207904839571,1.0
1424,3.457287117370531,0.8461538461538461
1425,3.4017293021630497,0.8846153846153846
1426,4.028967680626961,0.8076923076923077
1427,4.49140981252253,0.9230769230769231
1428,4.766187010720803,0.8846153846153846
1429,4.090570881585579,0.9230769230769231
1430,2.886522969114365,0.8461538461538461
1431,3.0264670835696776,0.8846153846153846
1432,3.4197011573151395,0.8461538461538461
1433,3.966416266089071,0.8461538461538461
1434,3.3733538915863717,0.8461538461538461
1435,4.022686529174267,0.8846153846153846
1436,3.2452979642031474,0.8076923076923077
1437,4.695650511643658,0.9615384615384616
1438,5.310714829351851,0.9230769230769231
1439,4.40293446937181,0.8076923076923077
1440,4.023748659969725,0.8846153846153846
1441,3.607401642093788,0.8461538461538461
1442,4.667796714930709,0.8461538461538461
1443,4.67690270057044,0.8846153846153846
1444,5.336062013326065,0.8076923076923077
1445,3.4315061298490153,0.9230769230769231
1446,4.188467900146938,0.8461538461538461
1447,4.248811729035388,0.8846153846153846
1448,3.5791069323324205,0.9230769230769231
1449,4.749392747559026,0.9615384615384616
1450,4.094313513874759,0.8846153846153846
1451,3.5291978464139584,0.8461538461538461
1452,3.6369220444409245,0.8846153846153846
1453,4.722526584795191,0.7307692307692307
1454,3.403933315682842,0.6923076923076923
1455,2.8573868922237056,0.6923076923076923
1456,3.57526422605511,0.8461538461538461
1457,4.0834374107148035,0.7692307692307693
1458,3.628471195220704,0.8076923076923077
1459,4.025038867596405,0.8846153846153846
1460,4.462858147745061,0.8846153846153846
1461,3.4734246500827646,0.6923076923076923
1462,3.6738113349168864,0.7692307692307693
1463,3.4080365994872555,0.6153846153846154
1464,3.7637774155651185,0.6923076923076923
1465,4.262963444343219,0.8076923076923077
1466,3.07102026622157,0.8461538461538461
1467,3.7686221391888894,0.9230769230769231
1468,3.905397535697936,0.9230769230769231
1469,3.57032914949385,0.7307692307692307
1470,6.480229726248062,1.0
1471,3.9811318768818986,0.9230769230769231
1472,4.788191212277792,0.8076923076923077
1473,3.676119763717691,0.8076923076923077
1474,3.522053026769632,0.9230769230769231
1475,3.654062317145164,0.8076923076923077
1476,4.060268692643643,0.8076923076923077
1477,4.973261048890935,0.9230769230769231
1478,3.5198337843640646,0.8461538461538461
1479,4.653136163260459,0.8461538461538461
1480,6.758270005310175,1.0
1481,3.9145229883726134,0.8461538461538461
1482,3.9204692216916883,0.9230769230769231
1483,4.5074483580989595,0.9615384615384616
1484,3.9028111315752847,0.9615384615384616
1485,4.585341795176542,0.9230769230769231
1486,3.815697513931573,0.9230769230769231
1487,4.277087346661919,0.8846153846153846
1488,5.110386708755066,1.0
1489,4.24046656172957,0.8846153846153846
1490,4.711726368368598,0.8846153846153846
1491,4.81063869156554,0.9230769230769231
1492,4.679295873135533,0.9230769230769231
1493,4.528470536914044,0.8461538461538461
1494,4.551856498395091,0.8461538461538461
1495,5.041038809582107,0.8461538461538461
1496,4.524588251665225,0.9230769230769231
1497,3.992926960230101,0.8461538461538461
1498,4.636015286285857,0.8846153846153846
1499,4.02333844596697,0.8846153846153846
1500,4.192132063419753,0.9615384615384616
