# Trial 12: ath=0.0168  reg=1.49e-03  hd=850  L=13  best_er=0.1538
iter,loss,error_rate
1,3.7632709366257338,0.8461538461538461
2,4.167765911912379,0.7307692307692307
3,3.9891103290547605,0.8076923076923077
4,3.9754605546384068,0.8846153846153846
5,4.298248596898201,0.8076923076923077
6,3.745107290073385,0.8461538461538461
7,4.314913623057177,0.8076923076923077
8,3.86963904723272,0.7692307692307693
9,4.110086820519682,0.7307692307692307
10,3.937272164251921,0.8461538461538461
11,4.08392460697048,0.7307692307692307
12,3.694708928882334,0.7692307692307693
13,5.106466218896546,0.7692307692307693
14,3.982432155632987,0.7307692307692307
15,4.066674901828192,0.7307692307692307
16,4.014519411794625,0.7307692307692307
17,5.347346740181857,0.6923076923076923
18,3.6243320177461356,0.6923076923076923
19,4.808646111483345,0.7692307692307693
20,3.78208648470197,0.6538461538461539
21,4.860623568712912,0.6153846153846154
22,3.9046370649593714,0.6538461538461539
23,3.6818581775132273,0.7692307692307693
24,4.1014301136318565,0.6923076923076923
25,4.435746666950037,0.8076923076923077
26,3.7567183354014397,0.7307692307692307
27,3.9280427512812586,0.8076923076923077
28,3.9229111275539044,0.7692307692307693
29,4.0568270785261875,0.7307692307692307
30,3.3480446741855054,0.7307692307692307
31,3.9143953782372165,0.7307692307692307
32,3.996265501861192,0.7692307692307693
33,3.682093833458896,0.7692307692307693
34,3.7786380586975175,0.7307692307692307
35,4.407951821713254,0.8076923076923077
36,4.02213629214677,0.7307692307692307
37,4.8619175694293055,0.7692307692307693
38,4.0950357326037645,0.7692307692307693
39,4.1298167522508,0.7692307692307693
40,3.988517895659434,0.8461538461538461
41,4.134030922697885,0.7307692307692307
42,3.90312137066789,0.8076923076923077
43,3.5785365809663725,0.7692307692307693
44,3.725071254339322,0.7692307692307693
45,4.06687679958925,0.6923076923076923
46,3.539987194546164,0.6923076923076923
47,4.206323663014476,0.7307692307692307
48,3.7152154741438976,0.7692307692307693
49,3.831596518100341,0.7307692307692307
50,4.073401819632529,0.6923076923076923
51,3.7445971268820313,0.7307692307692307
52,3.978379747038546,0.6923076923076923
53,3.983412085734247,0.7307692307692307
54,4.076415999540572,0.6923076923076923
55,4.239338084557242,0.7307692307692307
56,4.9817397768920575,0.6923076923076923
57,3.6102052138222716,0.8076923076923077
58,3.700457264555899,0.7307692307692307
59,4.086866982340485,0.8461538461538461
60,4.72637889590644,0.7692307692307693
61,3.9678870859976505,0.7692307692307693
62,3.4722282747226143,0.7307692307692307
63,3.7640381177110056,0.6923076923076923
64,3.61070724207447,0.7307692307692307
65,3.751614167856205,0.6923076923076923
66,3.831355530509471,0.7307692307692307
67,3.76858742635721,0.6923076923076923
68,3.1998142420273097,0.7307692307692307
69,3.689646820190183,0.6923076923076923
70,3.0433867674351447,0.7307692307692307
71,4.760743673656742,0.7692307692307693
72,4.052510353785419,0.7307692307692307
73,3.241968678475549,0.6923076923076923
74,3.5744574454584854,0.7307692307692307
75,3.581624775537157,0.6923076923076923
76,3.473964073643237,0.7692307692307693
77,3.90265483782632,0.7307692307692307
78,4.120904664579092,0.7307692307692307
79,3.692272295185283,0.7307692307692307
80,3.64881133675098,0.7692307692307693
81,3.78817431867032,0.6538461538461539
82,3.7325043032368166,0.6538461538461539
83,3.5172328141534295,0.6538461538461539
84,3.720509100471099,0.7307692307692307
85,3.969612728621869,0.7307692307692307
86,3.3518986361104375,0.7307692307692307
87,3.7167499104015236,0.6538461538461539
88,3.8534109768030502,0.6538461538461539
89,3.2028149695471866,0.6923076923076923
90,3.217012499542883,0.6538461538461539
91,4.015480969272302,0.6538461538461539
92,3.248105922055456,0.6538461538461539
93,4.246571350669262,0.6923076923076923
94,3.0834177703556738,0.6923076923076923
95,3.25801713984486,0.6538461538461539
96,3.6276650499024767,0.6153846153846154
97,3.481036163388394,0.6923076923076923
98,3.0559095822431153,0.6923076923076923
99,2.9885223353022283,0.6538461538461539
100,3.454040869455815,0.6923076923076923
101,2.622522125484527,0.6923076923076923
102,3.033259908871174,0.6923076923076923
103,3.0454913320002506,0.7307692307692307
104,2.516313157125224,0.7307692307692307
105,2.5413427943281732,0.6923076923076923
106,2.567942283076446,0.6153846153846154
107,3.1756301486074054,0.7307692307692307
108,2.7451265758190493,0.6538461538461539
109,2.576246791991145,0.6923076923076923
110,3.114074723979261,0.6538461538461539
111,2.5231803436382916,0.6538461538461539
112,3.0312901329695663,0.6923076923076923
113,2.904521422376976,0.6923076923076923
114,2.7832977581125977,0.6153846153846154
115,3.045330482755685,0.6538461538461539
116,2.920002214370137,0.6153846153846154
117,2.9680187861097473,0.5769230769230769
118,3.0663219839363576,0.6153846153846154
119,2.7843706136950317,0.6153846153846154
120,3.1819955157966584,0.6538461538461539
121,2.393145948282706,0.6153846153846154
122,2.754735045065457,0.6538461538461539
123,3.112220246722271,0.5769230769230769
124,3.333644851813504,0.6153846153846154
125,3.299819391805217,0.5384615384615384
126,3.121587305392774,0.6538461538461539
127,3.520493314718905,0.6538461538461539
128,2.951049379111736,0.5384615384615384
129,2.602010144418304,0.5769230769230769
130,2.868505393618044,0.5769230769230769
131,2.7508168997433704,0.6923076923076923
132,2.9171397388012963,0.6923076923076923
133,3.170104497558581,0.6538461538461539
134,3.019994702360119,0.5769230769230769
135,2.683451575061972,0.5769230769230769
136,2.653681431977195,0.6538461538461539
137,3.1598257538649994,0.5769230769230769
138,2.3922396104622563,0.6153846153846154
139,3.0459101326872013,0.6538461538461539
140,2.4400707782411333,0.6538461538461539
141,3.2613578484344097,0.5
142,3.1045708037754576,0.5769230769230769
143,3.092013319757436,0.6538461538461539
144,2.447585086925126,0.5
145,2.767688579221675,0.5384615384615384
146,3.0597498455555927,0.5769230769230769
147,2.583427262042855,0.6153846153846154
148,2.5669918781234187,0.5769230769230769
149,2.8381851316976037,0.5769230769230769
150,2.8269942739759224,0.6538461538461539
151,2.6542460368361573,0.6923076923076923
152,2.591005777553117,0.5384615384615384
153,2.999297508945519,0.46153846153846156
154,2.5665171091863823,0.6153846153846154
155,2.38219813567219,0.6923076923076923
156,3.106228987294272,0.5384615384615384
157,2.7814521800189054,0.5
158,2.897018582719706,0.5769230769230769
159,2.4358173568432533,0.6153846153846154
160,2.5026438807643037,0.6153846153846154
161,2.928294146290804,0.6153846153846154
162,2.3140104628741236,0.46153846153846156
163,2.431881704503521,0.5384615384615384
164,2.856078073294488,0.5384615384615384
165,2.198208126957664,0.6153846153846154
166,2.9123922613007793,0.6153846153846154
167,2.0980255858798404,0.5769230769230769
168,2.4622467527270784,0.6153846153846154
169,2.3032682834336655,0.5384615384615384
170,2.586741192238578,0.5769230769230769
171,2.517014797739046,0.5769230769230769
172,2.397335921175525,0.5769230769230769
173,2.431083119825437,0.5
174,3.019745486762822,0.6538461538461539
175,2.115483588650127,0.6538461538461539
176,2.3841611212735936,0.5384615384615384
177,2.719876512611303,0.6153846153846154
178,2.72445282915316,0.5769230769230769
179,2.5705004471944872,0.5
180,2.429670141489886,0.6153846153846154
181,2.5028758517411154,0.6153846153846154
182,2.5456231811408276,0.5769230769230769
183,2.601255929082415,0.5384615384615384
184,2.536593231192558,0.5769230769230769
185,2.713112977282562,0.5769230769230769
186,2.5362317343974166,0.6153846153846154
187,2.7217712756272494,0.5769230769230769
188,2.554525294100002,0.5769230769230769
189,2.7180605331949685,0.6538461538461539
190,2.7314926466564224,0.6153846153846154
191,2.2570995084175154,0.5384615384615384
192,2.6361168883130066,0.6153846153846154
193,2.618167874100645,0.6153846153846154
194,2.3295575652307945,0.5769230769230769
195,3.021685498744839,0.6923076923076923
196,2.7002696089006264,0.6923076923076923
197,2.8081522310423463,0.5384615384615384
198,3.2195048812228135,0.6923076923076923
199,3.1862159153078102,0.6153846153846154
200,2.7647403261451475,0.6153846153846154
201,2.853780288530414,0.5769230769230769
202,3.0645274150089357,0.6538461538461539
203,2.768907577674828,0.6153846153846154
204,2.757064386094479,0.6538461538461539
205,3.019183861033019,0.6923076923076923
206,2.687389470578177,0.6538461538461539
207,2.841438404304772,0.6538461538461539
208,3.1099223987281346,0.6923076923076923
209,2.913416980193732,0.5769230769230769
210,2.7876322200704386,0.5769230769230769
211,2.4943962241271436,0.6538461538461539
212,2.752775611758789,0.6538461538461539
213,2.7705486865681097,0.5384615384615384
214,3.1586830067980753,0.6153846153846154
215,2.881353530399273,0.6923076923076923
216,3.001282346525203,0.5384615384615384
217,3.1473027125170474,0.5769230769230769
218,3.070540488945077,0.6538461538461539
219,2.870439586279751,0.6538461538461539
220,2.8761700106231465,0.6538461538461539
221,2.7247502746954186,0.6538461538461539
222,2.8338241235316843,0.5769230769230769
223,3.003876280395197,0.6153846153846154
224,2.702331333103892,0.5769230769230769
225,2.771815950647738,0.6153846153846154
226,3.169774359856018,0.5769230769230769
227,2.8098891417919862,0.5769230769230769
228,2.870527048457225,0.5769230769230769
229,3.116506859914163,0.5384615384615384
230,2.7779318219492115,0.46153846153846156
231,3.021855468049547,0.5769230769230769
232,3.0758524553707693,0.5769230769230769
233,3.0298366829173933,0.5
234,2.899866595610455,0.46153846153846156
235,3.5434677333493023,0.5
236,3.1150185316339476,0.5769230769230769
237,2.8328899280251667,0.5384615384615384
238,4.36092646542878,0.5769230769230769
239,3.0867188834597714,0.46153846153846156
240,2.5852760951100255,0.6153846153846154
241,3.015230936983602,0.5384615384615384
242,2.8835153006735696,0.4230769230769231
243,2.9100615267824455,0.5384615384615384
244,3.190486255292576,0.5769230769230769
245,2.416673685880101,0.46153846153846156
246,3.065242386467202,0.5
247,2.237868315136711,0.5
248,2.6975281669587132,0.5384615384615384
249,2.3612264337818774,0.5
250,2.394771792296453,0.38461538461538464
251,2.7442927768331526,0.5384615384615384
252,1.8789732684214377,0.46153846153846156
253,2.2456771992689353,0.46153846153846156
254,1.5325100489166636,0.46153846153846156
255,2.2592463052840523,0.34615384615384615
256,2.422102771477617,0.4230769230769231
257,1.9736936561411893,0.5384615384615384
258,2.0052725278985624,0.5
259,1.862758905793982,0.4230769230769231
260,2.03686663527148,0.46153846153846156
261,1.7515925628682183,0.38461538461538464
262,1.3499330254105788,0.5
263,1.8513408763924912,0.46153846153846156
264,1.5828847967985102,0.38461538461538464
265,1.7428319193851038,0.34615384615384615
266,1.922561687854634,0.4230769230769231
267,1.7738773870334543,0.46153846153846156
268,2.1077036494416572,0.38461538461538464
269,1.918078979150861,0.4230769230769231
270,1.5508349777741182,0.34615384615384615
271,1.5488648389400588,0.34615384615384615
272,1.3852970347212972,0.3076923076923077
273,1.3924053848402376,0.34615384615384615
274,1.7924689015334467,0.38461538461538464
275,1.5318928491313832,0.38461538461538464
276,1.3980403759448752,0.34615384615384615
277,1.5151047128478006,0.4230769230769231
278,1.7257306398441876,0.34615384615384615
279,1.7560794441470917,0.3076923076923077
280,1.779117564044682,0.4230769230769231
281,1.214937813240514,0.38461538461538464
282,1.2769752134232497,0.34615384615384615
283,1.3937121073160175,0.34615384615384615
284,1.2625664766549283,0.34615384615384615
285,1.2416723994599361,0.34615384615384615
286,1.1761424093541168,0.4230769230769231
287,1.034105512495994,0.34615384615384615
288,1.7381211503406846,0.34615384615384615
289,1.1434778090225644,0.38461538461538464
290,1.8600089473633352,0.3076923076923077
291,1.3623605010424997,0.4230769230769231
292,1.3106419340035562,0.34615384615384615
293,1.4240743800431908,0.3076923076923077
294,1.2790061192381517,0.34615384615384615
295,1.206067779349704,0.38461538461538464
296,1.6450902703432555,0.4230769230769231
297,1.2764049032620057,0.38461538461538464
298,1.5209702256138253,0.38461538461538464
299,1.4206732663887358,0.5
300,1.2565111232260584,0.4230769230769231
301,1.487664466103591,0.4230769230769231
302,1.3163381649428718,0.34615384615384615
303,1.49887152149486,0.4230769230769231
304,1.3399017170821546,0.46153846153846156
305,1.2964581262536963,0.4230769230769231
306,1.58686635444047,0.38461538461538464
307,1.4519697608230187,0.4230769230769231
308,1.178291893452665,0.38461538461538464
309,1.2973909849332692,0.38461538461538464
310,1.2999035606485596,0.38461538461538464
311,1.4126665558020064,0.34615384615384615
312,1.2266195303235494,0.38461538461538464
313,1.4116737362043832,0.4230769230769231
314,1.360560383928619,0.38461538461538464
315,1.42303590040348,0.38461538461538464
316,1.216224917366039,0.34615384615384615
317,1.4273394474712386,0.4230769230769231
318,1.0934127229674364,0.4230769230769231
319,1.078790851080592,0.38461538461538464
320,1.3467411938394922,0.46153846153846156
321,1.2095946303865883,0.5
322,1.7469520818911237,0.4230769230769231
323,1.2793691990208034,0.38461538461538464
324,1.4688838042881103,0.38461538461538464
325,1.267375079328119,0.46153846153846156
326,1.2921344498934662,0.5
327,1.3651821810170626,0.46153846153846156
328,1.4116842700819054,0.46153846153846156
329,1.6884460286907488,0.46153846153846156
330,1.399591311138915,0.5
331,1.0397750687028857,0.4230769230769231
332,1.1193055164946926,0.4230769230769231
333,1.1379097962038418,0.38461538461538464
334,1.2843042228578847,0.38461538461538464
335,1.1732475876895654,0.4230769230769231
336,1.192212375149332,0.4230769230769231
337,1.080574860338503,0.46153846153846156
338,1.310487525567655,0.46153846153846156
339,1.1818118472200307,0.46153846153846156
340,1.5719843318938254,0.46153846153846156
341,1.338783445015442,0.4230769230769231
342,1.3371748172143798,0.5
343,1.2725282444137114,0.4230769230769231
344,1.2988665427742507,0.46153846153846156
345,1.2583273869052807,0.4230769230769231
346,1.3883305249008113,0.46153846153846156
347,1.304003970483761,0.5
348,1.2218162576676397,0.38461538461538464
349,1.2679593794619075,0.4230769230769231
350,1.0784681600724715,0.46153846153846156
351,1.2260305448822768,0.46153846153846156
352,0.873631761932689,0.38461538461538464
353,1.092785776975808,0.4230769230769231
354,1.4544936500535939,0.4230769230769231
355,1.286977574295466,0.4230769230769231
356,1.0104440004139819,0.5
357,1.2665224962489585,0.34615384615384615
358,1.3101510310907285,0.38461538461538464
359,1.1726426113578805,0.46153846153846156
360,1.39568097946527,0.46153846153846156
361,1.2822781063032447,0.46153846153846156
362,1.2584478508215253,0.4230769230769231
363,1.1533559441152308,0.46153846153846156
364,1.3400303726239222,0.38461538461538464
365,1.2131238305133185,0.5384615384615384
366,1.440220178400823,0.5
367,1.286137192933634,0.34615384615384615
368,1.0327409308835873,0.34615384615384615
369,1.4791641211062414,0.4230769230769231
370,1.430733055926682,0.38461538461538464
371,1.164346745631534,0.46153846153846156
372,1.2112065927373017,0.38461538461538464
373,1.4481425345429941,0.46153846153846156
374,1.1853007394516581,0.5
375,1.2828326925294387,0.38461538461538464
376,1.4417398072044696,0.38461538461538464
377,1.1017550372957885,0.38461538461538464
378,1.3597693509760416,0.4230769230769231
379,1.1972330320903732,0.38461538461538464
380,1.05350382887144,0.46153846153846156
381,1.28656745762841,0.34615384615384615
382,1.1275498351122337,0.4230769230769231
383,1.287247422616348,0.34615384615384615
384,1.2493948049498407,0.38461538461538464
385,1.1808210077950019,0.38461538461538464
386,1.5098362103859453,0.4230769230769231
387,1.0510804946948906,0.4230769230769231
388,1.3578314411508898,0.38461538461538464
389,0.9538437122353955,0.38461538461538464
390,1.0472635106428356,0.5
391,1.5248821945940807,0.38461538461538464
392,1.2203123949525252,0.4230769230769231
393,1.1827126994847477,0.34615384615384615
394,1.2675425589040497,0.2692307692307692
395,1.3442564847479528,0.34615384615384615
396,1.1160083602219317,0.4230769230769231
397,1.2112138556765906,0.4230769230769231
398,0.9675889028213254,0.34615384615384615
399,1.1879714601632645,0.38461538461538464
400,1.0230127112449194,0.4230769230769231
401,0.9965116253132122,0.3076923076923077
402,1.1174081723429126,0.38461538461538464
403,1.2467931259577347,0.4230769230769231
404,0.9477247939972635,0.2692307692307692
405,1.2043759067698454,0.38461538461538464
406,1.3767420136983657,0.38461538461538464
407,1.1370059224482698,0.38461538461538464
408,1.4910398807362526,0.34615384615384615
409,1.0408821088332516,0.34615384615384615
410,1.0485438779191194,0.4230769230769231
411,1.2167379619618335,0.34615384615384615
412,1.1377837636611252,0.38461538461538464
413,0.9996630386315486,0.38461538461538464
414,1.2291532186089182,0.38461538461538464
415,1.2690301351098903,0.34615384615384615
416,1.0081714251496807,0.34615384615384615
417,1.1864634164691452,0.3076923076923077
418,1.19525157323893,0.34615384615384615
419,1.0025488170557781,0.34615384615384615
420,0.9134403419396486,0.34615384615384615
421,0.8449212910429105,0.38461538461538464
422,1.1915383457493647,0.4230769230769231
423,1.0887552880531264,0.34615384615384615
424,1.0184971264976233,0.34615384615384615
425,0.9933537350443551,0.2692307692307692
426,1.0504933803591026,0.3076923076923077
427,1.0318878730148704,0.38461538461538464
428,0.9443016316604611,0.34615384615384615
429,1.1264412365566923,0.38461538461538464
430,1.0743615000705762,0.38461538461538464
431,1.0366790449417604,0.38461538461538464
432,0.8999491167621962,0.2692307692307692
433,0.8177114943915413,0.2692307692307692
434,1.0971301359588832,0.3076923076923077
435,1.2083459874400462,0.34615384615384615
436,0.9004161815327905,0.3076923076923077
437,0.9131570342726361,0.3076923076923077
438,1.0052482682947432,0.38461538461538464
439,0.9583672851163771,0.34615384615384615
440,0.9283826799959254,0.38461538461538464
441,0.8515282260938322,0.34615384615384615
442,0.893637471070873,0.3076923076923077
443,1.0511353480459285,0.2692307692307692
444,0.9602013384598371,0.34615384615384615
445,0.8194108656024346,0.34615384615384615
446,1.050574119531026,0.38461538461538464
447,0.8913559449546731,0.38461538461538464
448,0.8326851882318378,0.3076923076923077
449,0.8013060427354968,0.3076923076923077
450,0.9954339471008029,0.38461538461538464
451,0.9875857667657983,0.4230769230769231
452,1.1642592609737825,0.5
453,1.0492540811071402,0.34615384615384615
454,1.0316766917710867,0.46153846153846156
455,0.9819742223815551,0.34615384615384615
456,1.0689101920042154,0.38461538461538464
457,1.0735465493200713,0.38461538461538464
458,1.2518780305094603,0.46153846153846156
459,1.437383814091584,0.4230769230769231
460,1.088445097687445,0.4230769230769231
461,1.081596011465198,0.34615384615384615
462,1.195575745208698,0.4230769230769231
463,1.175497390732378,0.38461538461538464
464,1.3330251727169822,0.38461538461538464
465,1.1189030644107079,0.4230769230769231
466,1.3039289481537926,0.4230769230769231
467,0.9888080314123371,0.4230769230769231
468,1.148325002702542,0.4230769230769231
469,1.0490791104152204,0.4230769230769231
470,0.9858478977072767,0.4230769230769231
471,0.9875868218311705,0.38461538461538464
472,1.0062611218339066,0.34615384615384615
473,0.9054445183150408,0.38461538461538464
474,1.0138711701517105,0.46153846153846156
475,1.0664887231360978,0.4230769230769231
476,0.9975602267711094,0.34615384615384615
477,1.087609171259314,0.34615384615384615
478,0.8674437955962371,0.4230769230769231
479,0.9255068622087301,0.4230769230769231
480,1.087018895383882,0.38461538461538464
481,1.0573167627961002,0.4230769230769231
482,0.9803500106003309,0.46153846153846156
483,0.9830222603936032,0.4230769230769231
484,1.103126974612056,0.5384615384615384
485,1.013500821317251,0.5
486,0.891537432895884,0.4230769230769231
487,1.0790849628773103,0.46153846153846156
488,1.1631165246092423,0.38461538461538464
489,1.1249213040618327,0.46153846153846156
490,1.174445297624246,0.38461538461538464
491,1.0034235716341073,0.38461538461538464
492,1.1567790914635139,0.4230769230769231
493,1.0324570292871993,0.46153846153846156
494,0.9857633960985124,0.34615384615384615
495,1.0310407293256338,0.46153846153846156
496,0.922627863414716,0.5
497,0.8993780263401145,0.38461538461538464
498,1.0775681749196964,0.4230769230769231
499,0.9566511736040981,0.46153846153846156
500,0.901220959496714,0.4230769230769231
501,0.9915984979871315,0.34615384615384615
502,1.0641029131993522,0.4230769230769231
503,0.8092685678226581,0.46153846153846156
504,0.9888218060299896,0.4230769230769231
505,0.9361991546182218,0.4230769230769231
506,0.9823270398653747,0.4230769230769231
507,0.9226979134194346,0.46153846153846156
508,1.0253077476903172,0.38461538461538464
509,0.8781463245167624,0.4230769230769231
510,0.9267769511333706,0.4230769230769231
511,0.9157211695261562,0.38461538461538464
512,1.0452280820987054,0.4230769230769231
513,0.8701877221708922,0.34615384615384615
514,0.8402036600180205,0.38461538461538464
515,0.9939337309797649,0.38461538461538464
516,1.1075693082063136,0.5
517,0.9170177136257589,0.4230769230769231
518,1.089050129636603,0.38461538461538464
519,1.1472081452803566,0.4230769230769231
520,0.9202980458862007,0.4230769230769231
521,0.8257554676626129,0.46153846153846156
522,1.039967003054641,0.4230769230769231
523,0.893829005184319,0.4230769230769231
524,0.9252697069830043,0.4230769230769231
525,0.7519082273722053,0.4230769230769231
526,0.8952927247383802,0.4230769230769231
527,0.6854901924539263,0.4230769230769231
528,0.9431658055441599,0.3076923076923077
529,0.9036421140096169,0.38461538461538464
530,0.8062798529088062,0.38461538461538464
531,0.7910756870300562,0.3076923076923077
532,0.7360066981587321,0.46153846153846156
533,0.6809596187419058,0.34615384615384615
534,0.8593519093146718,0.46153846153846156
535,0.7215308765660711,0.3076923076923077
536,0.8141690779074577,0.46153846153846156
537,0.8233986691013919,0.4230769230769231
538,0.7737167478699651,0.38461538461538464
539,0.7846659314498634,0.38461538461538464
540,0.7014282629838284,0.38461538461538464
541,0.8607263015686115,0.2692307692307692
542,0.7341919349161543,0.2692307692307692
543,0.7388568308414225,0.34615384615384615
544,0.5387612970541262,0.34615384615384615
545,0.6833271611021257,0.38461538461538464
546,0.8603014412150907,0.38461538461538464
547,0.8473413237016665,0.34615384615384615
548,0.8253375747387441,0.38461538461538464
549,0.7537249033559548,0.38461538461538464
550,0.7611788995735136,0.4230769230769231
551,0.6608979950187268,0.38461538461538464
552,0.5513546110979957,0.2692307692307692
553,0.6869265822411736,0.34615384615384615
554,0.8447419022873104,0.2692307692307692
555,0.761432520298502,0.34615384615384615
556,0.5375611872081745,0.3076923076923077
557,0.7815823366247661,0.38461538461538464
558,0.6818693417682797,0.23076923076923078
559,0.756390987649568,0.38461538461538464
560,0.5465050341236557,0.3076923076923077
561,0.6119216782792636,0.4230769230769231
562,0.5675114418506628,0.34615384615384615
563,0.6708338580882103,0.38461538461538464
564,0.6265567188831427,0.3076923076923077
565,0.7598140298826901,0.23076923076923078
566,0.7565015294662583,0.2692307692307692
567,0.6256465728194045,0.2692307692307692
568,0.686681981625826,0.3076923076923077
569,0.5906828108755411,0.3076923076923077
570,0.5684572713163525,0.38461538461538464
571,0.7088740790867707,0.4230769230769231
572,0.6101308551404196,0.34615384615384615
573,0.6265716179359608,0.38461538461538464
574,0.7552371433143703,0.2692307692307692
575,0.5860532490918504,0.2692307692307692
576,0.7529340327687666,0.38461538461538464
577,0.8757864079209043,0.34615384615384615
578,0.738114517585791,0.38461538461538464
579,0.7109843610818607,0.38461538461538464
580,0.6925874593243053,0.34615384615384615
581,0.7038224704901994,0.3076923076923077
582,0.669438394603771,0.46153846153846156
583,0.8261080879253653,0.34615384615384615
584,0.7986555278847316,0.3076923076923077
585,0.8252598229312387,0.34615384615384615
586,0.6587039458709252,0.2692307692307692
587,0.7607127258672337,0.34615384615384615
588,0.7083102726423278,0.3076923076923077
589,0.654773077791964,0.34615384615384615
590,0.649166718189405,0.34615384615384615
591,0.682029683331622,0.23076923076923078
592,0.7327715251094089,0.2692307692307692
593,0.6721536717859684,0.3076923076923077
594,0.6558495144948773,0.34615384615384615
595,0.692847923233836,0.3076923076923077
596,0.7155585899025785,0.3076923076923077
597,0.775308701644589,0.2692307692307692
598,0.6377665400511674,0.23076923076923078
599,0.7812504426301623,0.3076923076923077
600,0.614234615187994,0.3076923076923077
601,0.6011981762449667,0.2692307692307692
602,0.6621513165723472,0.23076923076923078
603,0.5176862517391738,0.3076923076923077
604,0.46811363977545906,0.19230769230769232
605,0.5935064469291174,0.2692307692307692
606,0.555715902422036,0.3076923076923077
607,0.5706338411600247,0.3076923076923077
608,0.5998417765363575,0.34615384615384615
609,0.5269673220766249,0.2692307692307692
610,0.4418474458394712,0.23076923076923078
611,0.6513004398252908,0.38461538461538464
612,0.42964969153930976,0.3076923076923077
613,0.5597757430087267,0.3076923076923077
614,0.4968802126408107,0.23076923076923078
615,0.4735414907778748,0.3076923076923077
616,0.4469012594545956,0.23076923076923078
617,0.5280386625170692,0.23076923076923078
618,0.4832183139692008,0.2692307692307692
619,0.49860471113742344,0.23076923076923078
620,0.5404614893818156,0.2692307692307692
621,0.5083375802057075,0.2692307692307692
622,0.5110711638804957,0.3076923076923077
623,0.4111562977536769,0.3076923076923077
624,0.5010320544875828,0.34615384615384615
625,0.5551481104895717,0.3076923076923077
626,0.5044022362626599,0.38461538461538464
627,0.5451394439788886,0.34615384615384615
628,0.5266372659222784,0.23076923076923078
629,0.5604800839902628,0.3076923076923077
630,0.6140267529557617,0.2692307692307692
631,0.498467853074664,0.2692307692307692
632,0.48385865711357345,0.3076923076923077
633,0.5247933464505241,0.23076923076923078
634,0.5705991558311401,0.3076923076923077
635,0.30623578897407633,0.38461538461538464
636,0.5486522590274432,0.38461538461538464
637,0.5299690052773003,0.34615384615384615
638,0.4068454254349745,0.23076923076923078
639,0.4882445291216828,0.23076923076923078
640,0.4203536899204514,0.3076923076923077
641,0.5766813951129754,0.23076923076923078
642,0.4377086752595569,0.3076923076923077
643,0.5436836538498464,0.23076923076923078
644,0.5257161673470105,0.2692307692307692
645,0.45609363359924915,0.2692307692307692
646,0.5064474456535435,0.34615384615384615
647,0.40450923409344863,0.34615384615384615
648,0.5783261212192881,0.34615384615384615
649,0.6521559902429037,0.23076923076923078
650,0.6075210677806759,0.2692307692307692
651,0.5537575088760898,0.3076923076923077
652,0.5802623366266983,0.3076923076923077
653,0.6543917235898902,0.23076923076923078
654,0.4126841617147927,0.2692307692307692
655,0.4090773564393966,0.34615384615384615
656,0.34603228454771706,0.2692307692307692
657,0.5077718938176949,0.2692307692307692
658,0.6450238009963489,0.34615384615384615
659,0.6273280942086132,0.2692307692307692
660,0.6257978422855679,0.3076923076923077
661,0.63485516411188,0.2692307692307692
662,0.4771572268699069,0.23076923076923078
663,0.5680863080592826,0.3076923076923077
664,0.5909962876943,0.34615384615384615
665,0.49439702187405965,0.2692307692307692
666,0.42486977401481996,0.3076923076923077
667,0.3970177358318372,0.2692307692307692
668,0.4849959150079233,0.2692307692307692
669,0.633787666904603,0.2692307692307692
670,0.6576965166905286,0.23076923076923078
671,0.4623154368717137,0.2692307692307692
672,0.5538285551569024,0.2692307692307692
673,0.6014989301480793,0.3076923076923077
674,0.5266394176120501,0.2692307692307692
675,0.417790665803917,0.34615384615384615
676,0.5721865399735186,0.2692307692307692
677,0.4738105656709126,0.3076923076923077
678,0.6179962703692574,0.3076923076923077
679,0.5144615157728349,0.3076923076923077
680,0.383040855273419,0.3076923076923077
681,0.49529560080541213,0.3076923076923077
682,0.37460377809800516,0.2692307692307692
683,0.39642995134496095,0.3076923076923077
684,0.5587517489567451,0.2692307692307692
685,0.4106273296542051,0.3076923076923077
686,0.6223994195726823,0.2692307692307692
687,0.47299466518624733,0.34615384615384615
688,0.5126727390937931,0.3076923076923077
689,0.5001804947334487,0.23076923076923078
690,0.5287226888685086,0.23076923076923078
691,0.5606234896954954,0.2692307692307692
692,0.6020865605047234,0.23076923076923078
693,0.4912560509051689,0.2692307692307692
694,0.46799797947229393,0.2692307692307692
695,0.40265358549739627,0.2692307692307692
696,0.4147460245087835,0.3076923076923077
697,0.4464353745275145,0.34615384615384615
698,0.3590036914653565,0.2692307692307692
699,0.3326656988816974,0.2692307692307692
700,0.6590659896732061,0.2692307692307692
701,0.29933261575104986,0.3076923076923077
702,0.2994942717783764,0.2692307692307692
703,0.4108417158029991,0.23076923076923078
704,0.5222464917797498,0.19230769230769232
705,0.29206224552312365,0.23076923076923078
706,0.482798787645637,0.3076923076923077
707,0.5345116753125692,0.23076923076923078
708,0.4965115652112275,0.3076923076923077
709,0.3342331454466305,0.19230769230769232
710,0.40067978013172123,0.23076923076923078
711,0.4342739458063951,0.3076923076923077
712,0.5972296739032776,0.2692307692307692
713,0.5794582108636805,0.2692307692307692
714,0.4081194284059553,0.3076923076923077
715,0.4603552049664619,0.19230769230769232
716,0.4692483727388206,0.2692307692307692
717,0.5217662030810803,0.23076923076923078
718,0.4642026886441575,0.2692307692307692
719,0.6221088598127837,0.19230769230769232
720,0.4701905790090861,0.23076923076923078
721,0.41721135627967865,0.23076923076923078
722,0.4600206961764459,0.23076923076923078
723,0.4218633790967905,0.23076923076923078
724,0.5195309501755987,0.2692307692307692
725,0.375490196804356,0.2692307692307692
726,0.5106508168095489,0.19230769230769232
727,0.4631743639876835,0.23076923076923078
728,0.5176646179547175,0.2692307692307692
729,0.44235102751552713,0.19230769230769232
730,0.30763178461398155,0.23076923076923078
731,0.4434886751163214,0.19230769230769232
732,0.44273523696060124,0.23076923076923078
733,0.3925454200700238,0.2692307692307692
734,0.5232296303480073,0.23076923076923078
735,0.5608012758751124,0.23076923076923078
736,0.38343118761218653,0.19230769230769232
737,0.3682857529443777,0.19230769230769232
738,0.41365362388388593,0.23076923076923078
739,0.3188110280250953,0.23076923076923078
740,0.6226120013005971,0.19230769230769232
741,0.5187385071229178,0.3076923076923077
742,0.5402874064511569,0.23076923076923078
743,0.41465078869492356,0.23076923076923078
744,0.44947323120350813,0.19230769230769232
745,0.5991136241084978,0.23076923076923078
746,0.5240066217856745,0.19230769230769232
747,0.522255558563828,0.23076923076923078
748,0.3985246055812848,0.19230769230769232
749,0.4858929972995343,0.23076923076923078
750,0.6762513475519825,0.19230769230769232
751,0.5839346479277014,0.19230769230769232
752,0.530873398729804,0.19230769230769232
753,0.48419777892255755,0.23076923076923078
754,0.5417325759819578,0.19230769230769232
755,0.3191617115100742,0.19230769230769232
756,0.6506806810835144,0.19230769230769232
757,0.5579585964396885,0.19230769230769232
758,0.552572304488923,0.23076923076923078
759,0.42950245603870263,0.23076923076923078
760,0.4037409961808258,0.23076923076923078
761,0.5866784106135314,0.2692307692307692
762,0.5944309969397552,0.19230769230769232
763,0.5135012835686594,0.19230769230769232
764,0.48385058621173327,0.23076923076923078
765,0.4197457935480968,0.3076923076923077
766,0.39656917686887727,0.23076923076923078
767,0.4899620985966542,0.2692307692307692
768,0.5246740510649102,0.19230769230769232
769,0.4155982722667533,0.19230769230769232
770,0.4959456994329958,0.2692307692307692
771,0.478987635097881,0.3076923076923077
772,0.5091768973300095,0.23076923076923078
773,0.4136823329312196,0.2692307692307692
774,0.5044690134304779,0.2692307692307692
775,0.44644306733679606,0.3076923076923077
776,0.4691489154075352,0.23076923076923078
777,0.5767582427564166,0.23076923076923078
778,0.5961877642627491,0.23076923076923078
779,0.47355571993670376,0.19230769230769232
780,0.5011771751263905,0.23076923076923078
781,0.5766708320309692,0.2692307692307692
782,0.4572626622631182,0.23076923076923078
783,0.45504082491540254,0.2692307692307692
784,0.46663892453375766,0.23076923076923078
785,0.46207697649627244,0.23076923076923078
786,0.44873819560190986,0.19230769230769232
787,0.46371207781799173,0.19230769230769232
788,0.5661938698388722,0.19230769230769232
789,0.6125574895846131,0.19230769230769232
790,0.29578522307387045,0.19230769230769232
791,0.3706912718563431,0.19230769230769232
792,0.43133595619922893,0.2692307692307692
793,0.5005711771121164,0.15384615384615385
794,0.3521199252112681,0.19230769230769232
795,0.4528251522775646,0.23076923076923078
796,0.5353574382306268,0.23076923076923078
797,0.3531520299219606,0.2692307692307692
798,0.3884574128698479,0.2692307692307692
799,0.4749098285096198,0.2692307692307692
800,0.4469270640179075,0.19230769230769232
801,0.5771331020875603,0.23076923076923078
802,0.3716738990929329,0.2692307692307692
803,0.5142880149418732,0.23076923076923078
804,0.5077334252397976,0.23076923076923078
805,0.45766709596561617,0.19230769230769232
806,0.3483003230080075,0.15384615384615385
807,0.4075141775885758,0.23076923076923078
808,0.4261305393408046,0.23076923076923078
809,0.5443692993899152,0.23076923076923078
810,0.4378071326342048,0.23076923076923078
811,0.3763875579226128,0.23076923076923078
812,0.580363173887257,0.19230769230769232
813,0.4931075423466025,0.3076923076923077
814,0.38975474716568037,0.19230769230769232
815,0.4068224242987202,0.15384615384615385
816,0.2855226290077173,0.15384615384615385
817,0.4014816747281884,0.3076923076923077
818,0.42952697008035656,0.3076923076923077
819,0.4443579033163121,0.15384615384615385
820,0.3555131222279755,0.19230769230769232
821,0.5242035897551762,0.23076923076923078
822,0.43098759546355625,0.23076923076923078
823,0.3638563035591931,0.15384615384615385
824,0.319820922093792,0.15384615384615385
825,0.47659556161480676,0.19230769230769232
826,0.27259823195908073,0.19230769230769232
827,0.35647101578808815,0.23076923076923078
828,0.4225392988204346,0.15384615384615385
829,0.2713194990370478,0.19230769230769232
830,0.43516415479610915,0.19230769230769232
831,0.3827253251921072,0.19230769230769232
832,0.4425712239898574,0.19230769230769232
833,0.45923273459422864,0.19230769230769232
834,0.3709869392795624,0.23076923076923078
835,0.4296209198597163,0.19230769230769232
836,0.3845577602633301,0.23076923076923078
837,0.45351249829826035,0.15384615384615385
838,0.36949514155706176,0.23076923076923078
839,0.39117408024959976,0.15384615384615385
840,0.4721445609632986,0.23076923076923078
841,0.42756790336612127,0.19230769230769232
842,0.5252382217943605,0.19230769230769232
843,0.47633321299625164,0.23076923076923078
844,0.39486409459460514,0.19230769230769232
845,0.46470723121999,0.23076923076923078
846,0.30079778878075425,0.23076923076923078
847,0.33228615397375627,0.23076923076923078
848,0.45657787769713476,0.15384615384615385
849,0.23478073537359156,0.15384615384615385
850,0.3851092672813463,0.23076923076923078
851,0.5946374100116358,0.23076923076923078
852,1.1425414182972373,0.4230769230769231
853,1.5970047060888994,0.38461538461538464
854,1.4108777984563248,0.38461538461538464
855,2.656236480039728,0.5384615384615384
856,4.908318553091583,0.7692307692307693
857,3.7352914084271887,0.8846153846153846
858,1.9621631398728843,0.34615384615384615
859,1.2275366227079538,0.4230769230769231
860,1.5732270068536596,0.46153846153846156
861,1.3943361261216722,0.5
862,1.7795866413582364,0.5384615384615384
863,2.294573952488299,0.5
864,2.5154312526340803,0.5
865,4.445274295869235,0.8076923076923077
866,2.17638626822089,0.5384615384615384
867,2.149585094880438,0.5384615384615384
868,1.974943715104064,0.38461538461538464
869,2.260202767859654,0.46153846153846156
870,2.035866744706082,0.46153846153846156
871,1.8340687288648154,0.5
872,2.1443547370327125,0.5
873,2.6901976362478623,0.5384615384615384
874,2.5418869387133025,0.5384615384615384
875,2.304516211876838,0.4230769230769231
876,2.4175588177871132,0.5
877,2.6675286475532127,0.5384615384615384
878,2.614566234165995,0.5
879,3.6168379248358895,0.7692307692307693
880,2.3677662734103158,0.4230769230769231
881,2.696464235279776,0.5384615384615384
882,2.779942544167614,0.5769230769230769
883,2.8232962106174884,0.8461538461538461
884,3.9299191507789426,0.8846153846153846
885,4.208928354095484,0.9230769230769231
886,2.9402922414855706,0.7692307692307693
887,3.348749565213342,0.7692307692307693
888,3.376690492169254,0.7307692307692307
889,4.2583892127919105,0.8846153846153846
890,3.8622065673887658,0.7692307692307693
891,4.514263161023134,0.8076923076923077
892,3.692286118990146,0.8461538461538461
893,4.118815883732925,0.7692307692307693
894,3.786537625648485,0.8076923076923077
895,4.409102208311229,0.7692307692307693
896,5.014350045469044,0.7692307692307693
897,4.11939321808951,0.9230769230769231
898,5.073879103055819,0.9230769230769231
899,4.3511271881755995,0.8846153846153846
900,3.9162225936487958,0.7692307692307693
901,4.0373584149168105,0.8846153846153846
902,3.734988340230143,0.8461538461538461
903,3.847492168518718,0.8461538461538461
904,3.995709991121755,0.7692307692307693
905,5.408357275366631,0.8461538461538461
906,4.290147086370235,0.8846153846153846
907,3.6765843982459603,0.8461538461538461
908,3.876880573225706,0.8076923076923077
909,3.6060762608695147,0.8461538461538461
910,4.012981901229763,0.8846153846153846
911,4.676898121621678,0.8076923076923077
912,4.161609160556111,0.8076923076923077
913,4.007414203172424,0.8076923076923077
914,4.1620029925354896,0.8461538461538461
915,4.6123282499316485,0.8076923076923077
916,3.5412430388123863,0.8461538461538461
917,3.4307862380583827,0.8461538461538461
918,3.9694394542184184,0.8076923076923077
919,3.8405796633007268,0.8846153846153846
920,3.6393223034530826,0.8076923076923077
921,3.776509108614379,0.6923076923076923
922,4.542318064572001,0.8846153846153846
923,4.381991952558103,0.8076923076923077
924,3.718239705614451,0.7307692307692307
925,3.965940433907293,0.7692307692307693
926,3.0495230309284915,0.8461538461538461
927,3.581913703397886,0.8076923076923077
928,4.563215641919214,0.9230769230769231
929,4.0517446431219675,0.8461538461538461
930,3.7602449079895854,0.9230769230769231
931,4.1300685494559986,0.8846153846153846
932,3.6112245879523543,0.8846153846153846
933,3.5905095548098096,0.7692307692307693
934,3.9931583854364354,0.9230769230769231
935,5.641899620934548,0.8846153846153846
936,4.014635766518986,0.9230769230769231
937,4.307404123506979,0.9230769230769231
938,4.666360041121809,0.7692307692307693
939,4.712261943469761,0.8076923076923077
940,4.785033785746975,0.6923076923076923
941,3.8701717014708206,0.6923076923076923
942,4.885713257157364,0.7307692307692307
943,4.391907245829729,0.8846153846153846
944,4.611038782129962,0.8461538461538461
945,4.884431898476128,0.8846153846153846
946,4.194088873071274,0.8846153846153846
947,4.89763599350713,0.9615384615384616
948,4.3077488313017085,0.9230769230769231
949,3.9882889198400813,0.8846153846153846
950,4.260678130650988,0.7692307692307693
951,4.227199573160922,0.8846153846153846
952,3.589565446241408,0.8076923076923077
953,4.604971466417196,0.8846153846153846
954,4.289575256918436,0.9230769230769231
955,3.6059544115015103,0.7307692307692307
956,3.9699842321002174,1.0
957,3.9957996808844305,0.8846153846153846
958,3.9604118443060576,0.8076923076923077
959,3.930669360095371,0.8461538461538461
960,3.712785087630334,0.9230769230769231
961,4.496510247320948,1.0
962,3.8752012237392703,0.8461538461538461
963,4.087493519745908,0.8846153846153846
964,4.327247663081713,0.9230769230769231
965,4.050961414311374,0.8461538461538461
966,3.8336787138406123,0.8846153846153846
967,4.1563564334212835,0.8076923076923077
968,3.918596216771403,0.8846153846153846
969,3.7838180654332776,0.9230769230769231
970,3.9103000040782327,0.9615384615384616
971,4.13349022308354,0.9230769230769231
972,3.899354460246395,0.9615384615384616
973,4.280396778276091,0.9615384615384616
974,4.462795931744099,0.9230769230769231
975,5.907961438470002,0.8846153846153846
976,4.015998221150625,1.0
977,4.168143810818465,0.8461538461538461
978,4.116798389424234,0.8461538461538461
979,5.750454305968681,0.9615384615384616
980,4.127615670978253,0.8846153846153846
981,4.448519697536547,0.8076923076923077
982,4.210186205640544,0.7307692307692307
983,4.721372148701507,0.7692307692307693
984,4.245918405412055,0.8076923076923077
985,4.041783487101961,0.6923076923076923
986,4.043047548641277,0.7692307692307693
987,4.847287808232219,0.8846153846153846
988,4.435547559028983,0.7692307692307693
989,5.337905260641128,0.9230769230769231
990,4.0922480323578885,1.0
991,4.680599787840545,0.9615384615384616
992,4.359313624741534,0.8846153846153846
993,4.161415652402956,0.9230769230769231
994,4.569598872259358,0.8461538461538461
995,3.873034966115104,0.8076923076923077
996,4.756521135129765,0.9230769230769231
997,4.174426490204133,0.8846153846153846
998,4.277002363112196,0.8461538461538461
999,4.4159985185759645,0.9230769230769231
1000,5.329039244606883,0.9230769230769231
1001,4.118715496701889,0.9230769230769231
1002,3.9971821755833776,0.9230769230769231
1003,4.382491044890714,0.9230769230769231
1004,4.935389774217472,0.9615384615384616
1005,4.107448910402823,0.9615384615384616
1006,3.6894844324639324,0.9615384615384616
1007,3.740003291455291,0.9615384615384616
1008,4.353423861512071,0.8461538461538461
1009,4.493283417672091,0.8461538461538461
1010,4.647114032499304,0.8461538461538461
1011,4.526915101801457,0.9230769230769231
1012,4.546072538922101,0.8076923076923077
1013,5.498988698176697,0.8461538461538461
1014,4.56858954138887,0.8461538461538461
1015,5.805351142312453,0.8846153846153846
1016,3.8852091893290543,0.9230769230769231
1017,4.548374564292967,0.9230769230769231
1018,4.53393679616359,0.9615384615384616
1019,4.052072289488245,0.9230769230769231
1020,4.382760928211331,0.8846153846153846
1021,3.874432729595067,0.8846153846153846
1022,3.4418602830592775,0.8461538461538461
1023,3.4887601266429655,0.9615384615384616
1024,3.169120038094634,0.8461538461538461
1025,3.7800660450573402,0.8846153846153846
1026,4.301601733489897,0.8846153846153846
1027,4.283473209219706,0.9230769230769231
1028,4.084069963823273,0.8846153846153846
1029,3.731178273904877,1.0
1030,3.904876062359352,0.9230769230769231
1031,4.060116771074845,0.9615384615384616
1032,4.3503374324140625,0.9615384615384616
1033,4.265010507975177,0.9615384615384616
1034,3.687929893065815,0.9230769230769231
1035,3.6368390382148545,0.9230769230769231
1036,3.934447582948484,0.9230769230769231
1037,4.7230346290538385,0.8461538461538461
1038,3.5049389491665135,0.8461538461538461
1039,4.232246004823351,0.8461538461538461
1040,4.346527393032072,0.8846153846153846
1041,3.747644427653885,0.8461538461538461
1042,4.444440086394587,0.7692307692307693
1043,3.7710590504028403,0.9230769230769231
1044,4.54183334737339,0.8846153846153846
1045,4.139086629128828,0.8846153846153846
1046,4.647976963364324,0.8461538461538461
1047,4.293099241737951,0.9230769230769231
1048,4.753851510424145,0.9615384615384616
1049,4.738750678228212,0.9615384615384616
1050,4.2030798789253385,0.9230769230769231
1051,5.34372536756117,0.8461538461538461
1052,4.460563886967475,0.9615384615384616
1053,4.771457882836224,0.9615384615384616
1054,4.16422534855227,0.8846153846153846
1055,4.919660457467166,0.9615384615384616
1056,4.264957496626565,0.8076923076923077
1057,4.9819778765731435,0.8846153846153846
1058,4.14383433509106,0.9230769230769231
1059,3.961107018544186,0.7692307692307693
1060,4.378634232516961,0.8846153846153846
1061,4.748526683194075,0.8846153846153846
1062,5.407281246757893,0.9230769230769231
1063,3.8981361770775997,0.8076923076923077
1064,3.622416072590203,0.8461538461538461
1065,4.3424347306263815,0.8076923076923077
1066,4.1294620134829705,0.8846153846153846
1067,3.8900253589630918,0.9230769230769231
1068,4.898860015051655,0.9230769230769231
1069,5.0470233944875105,0.9230769230769231
1070,4.042319631392063,0.8846153846153846
1071,4.300740195344084,0.8846153846153846
1072,4.525973022834618,0.9615384615384616
1073,4.664023776764238,0.9230769230769231
1074,4.076531891363228,0.9230769230769231
1075,4.606175742537188,0.9230769230769231
1076,3.8789200311150296,0.9230769230769231
1077,4.106161560681027,0.8461538461538461
1078,4.805813754768182,0.8076923076923077
1079,4.501537087921938,0.8461538461538461
1080,4.5756053355709705,0.8461538461538461
1081,4.054761643557778,0.8846153846153846
1082,4.159041620742663,0.9230769230769231
1083,3.94716599813853,0.8461538461538461
1084,4.104676482296796,0.7307692307692307
1085,4.268720258229143,0.8846153846153846
1086,4.232289162950258,0.8461538461538461
1087,4.329673579683952,0.9230769230769231
1088,4.108992120809577,0.9230769230769231
1089,4.054518364464784,0.8461538461538461
1090,4.094190890139229,0.8076923076923077
1091,3.6377768412539293,0.8461538461538461
1092,4.976190440712196,0.8461538461538461
1093,4.381359089518136,0.8461538461538461
1094,4.607937107372841,0.8846153846153846
1095,4.201598763153119,0.8846153846153846
1096,3.795670644983778,0.7692307692307693
1097,3.5808185721703625,0.8846153846153846
1098,3.763745921353443,0.8461538461538461
1099,4.088853731965276,0.7692307692307693
1100,3.473350419858354,0.7307692307692307
1101,3.869593423911164,0.8461538461538461
1102,3.3544284188438116,0.7692307692307693
1103,3.7939162889338864,0.8846153846153846
1104,3.9924407309212846,0.7692307692307693
1105,4.213582556219628,0.8846153846153846
1106,5.120835919501959,0.8846153846153846
1107,4.312649437054987,0.8846153846153846
1108,4.193485837714572,0.8076923076923077
1109,3.645263741006109,0.8461538461538461
1110,4.3451487626197265,0.6923076923076923
1111,4.246976698049383,0.8076923076923077
1112,4.061485852916611,0.8076923076923077
1113,4.424201299837989,0.7692307692307693
1114,4.490730015270699,0.7692307692307693
1115,4.015251319304244,0.8461538461538461
1116,3.6163627399923426,0.7307692307692307
1117,4.153578973384707,0.8076923076923077
1118,3.758240900216702,0.8846153846153846
1119,4.408793222300111,0.8846153846153846
1120,3.787783806322692,0.8461538461538461
1121,4.638454901273488,0.8076923076923077
1122,4.242716895902039,0.7692307692307693
1123,3.800270541749228,0.7692307692307693
1124,4.17283261336173,0.7307692307692307
1125,3.413537245578485,0.8076923076923077
1126,3.984437356570708,0.8846153846153846
1127,4.3913234990317545,0.9230769230769231
1128,3.845812724648793,0.8461538461538461
1129,3.5726375243866597,0.8461538461538461
1130,3.7305971465698016,1.0
1131,3.156913313782275,0.8846153846153846
1132,3.7642874964378255,0.9615384615384616
1133,3.4767028311280854,0.8846153846153846
1134,4.299808707423607,0.8461538461538461
1135,3.8637487427877546,0.8846153846153846
1136,4.056469333597511,0.8076923076923077
1137,3.9942219423304266,0.9230769230769231
1138,5.145579572717525,0.8846153846153846
1139,3.7792539211964145,0.9615384615384616
1140,4.8135992532813265,0.9615384615384616
1141,4.0420035544304405,0.9615384615384616
1142,4.155945401811418,0.9230769230769231
1143,4.342487182688627,0.8846153846153846
1144,3.5781188522714658,0.8461538461538461
1145,3.6614393928140903,0.8076923076923077
1146,4.690034567379643,0.8076923076923077
1147,4.159893496449242,0.8076923076923077
1148,4.083989045895707,0.8461538461538461
1149,4.026500416243701,0.8076923076923077
1150,4.412447055156211,0.8846153846153846
1151,3.890205441702909,0.8846153846153846
1152,3.8296327835977237,0.8846153846153846
1153,4.132626686981685,0.9230769230769231
1154,4.135083493547665,0.8076923076923077
1155,3.945883094717705,0.8076923076923077
1156,3.708937008331005,0.8076923076923077
1157,3.7919201966126495,0.7692307692307693
1158,3.3490983468584195,0.8461538461538461
1159,4.281986811971845,0.8461538461538461
1160,3.550059781740307,0.8461538461538461
1161,4.186107790517786,0.7307692307692307
1162,4.10547073811451,0.8461538461538461
1163,3.92498506240499,0.8076923076923077
1164,3.728372026317286,0.8076923076923077
1165,3.2722457663729507,0.7692307692307693
1166,3.5914773939303766,0.8846153846153846
1167,3.387678895838942,0.8846153846153846
1168,3.8663842995745012,0.8846153846153846
1169,3.6332086309999707,0.8461538461538461
1170,4.1111148199406635,0.8846153846153846
1171,4.6193614979805915,0.8461538461538461
1172,3.743131073478255,0.9230769230769231
1173,3.5549451829388983,0.6923076923076923
1174,3.11817835393106,0.8076923076923077
1175,2.981105647602521,0.6923076923076923
1176,3.7448154741049837,0.8076923076923077
1177,3.4569797495822066,0.7307692307692307
1178,4.537570392742375,0.8461538461538461
1179,5.236980737753007,0.7692307692307693
1180,3.7311577443938795,0.7692307692307693
1181,4.485123016821304,0.7692307692307693
1182,3.9598096728769296,0.7692307692307693
1183,5.166093709102503,0.8461538461538461
1184,4.034042913199482,0.8076923076923077
1185,3.7689681755972875,0.9230769230769231
1186,3.3859123356618297,0.8846153846153846
1187,3.9633734630145416,0.8461538461538461
1188,4.647888016872255,0.8846153846153846
1189,4.242409133156486,0.8461538461538461
1190,4.478230872202836,0.9230769230769231
1191,4.635485688037607,0.9615384615384616
1192,4.3643783270521705,0.9615384615384616
1193,4.319175998562468,0.9615384615384616
1194,4.269375487916606,0.9230769230769231
1195,6.062986614997977,1.0
1196,4.295650779463326,0.9230769230769231
1197,4.573516345682243,0.9615384615384616
1198,4.370693700260033,0.9230769230769231
1199,4.351005653092781,0.9615384615384616
1200,4.441848002769434,0.9615384615384616
1201,4.158243349520217,0.9615384615384616
1202,3.7171603826354898,0.8846153846153846
1203,4.366455061187559,0.9230769230769231
1204,4.495042471158854,0.8846153846153846
1205,4.253159946339678,0.8846153846153846
1206,4.293787358748767,0.9615384615384616
1207,4.936227400745115,1.0
1208,4.806920321072469,0.9230769230769231
1209,3.6430749605135375,0.7307692307692307
1210,3.2443715736055574,0.7692307692307693
1211,3.9556050064195416,0.8076923076923077
1212,3.701962725489425,0.8846153846153846
1213,3.8448630385265132,0.8846153846153846
1214,4.555526950959481,0.8846153846153846
1215,3.731937552344793,0.8461538461538461
1216,3.9853531180370654,0.8461538461538461
1217,3.3922215950328285,0.9230769230769231
1218,3.260329350989976,0.9230769230769231
1219,3.9731772582593883,0.9230769230769231
1220,3.931060979715295,0.9230769230769231
1221,3.643944073301194,0.9230769230769231
1222,3.3860815336752674,0.8076923076923077
1223,3.4369071801949085,0.8846153846153846
1224,4.167185249574752,0.8461538461538461
1225,3.7183546657261575,0.8846153846153846
1226,3.5201622315005556,0.8461538461538461
1227,3.9595724428518446,0.8461538461538461
1228,4.22389290929071,0.8846153846153846
1229,4.108042723871066,0.8461538461538461
1230,4.440505064369562,0.8461538461538461
1231,3.8602147173926387,0.7307692307692307
1232,3.7600807342134828,0.7692307692307693
1233,4.2217891328199455,0.8461538461538461
1234,4.020177662659538,0.8846153846153846
1235,4.094850340491529,0.8076923076923077
1236,4.240915606510015,0.8076923076923077
1237,5.180433526406572,0.8461538461538461
1238,5.761678800696114,0.8461538461538461
1239,4.665178250407994,0.9230769230769231
1240,4.9690612655902395,0.9615384615384616
1241,6.846912976632328,0.9615384615384616
1242,3.9275788599072485,0.8846153846153846
1243,4.793276997457219,0.8846153846153846
1244,4.356170403693089,0.8461538461538461
1245,5.778045659093191,0.8461538461538461
1246,4.505274856832763,0.9230769230769231
1247,3.8188449434740983,0.9230769230769231
1248,3.542584928364799,0.8846153846153846
1249,3.5840551608872584,0.9230769230769231
1250,4.241592900033543,0.8461538461538461
1251,3.6861098793548726,0.9615384615384616
1252,3.5560782702088303,0.8461538461538461
1253,3.9794696532003933,0.8846153846153846
1254,4.192822473342253,0.8846153846153846
1255,3.891032958257126,0.9230769230769231
1256,4.318757755315617,0.8846153846153846
1257,4.412665742135016,0.9230769230769231
1258,4.157608699303025,0.9615384615384616
1259,4.762434692045957,0.9615384615384616
1260,4.706386166478424,0.9230769230769231
1261,4.201801942504279,0.9615384615384616
1262,4.659448488497272,0.8461538461538461
1263,4.762955871113781,0.9615384615384616
1264,4.504070696782834,0.9615384615384616
1265,4.211957834477365,0.9230769230769231
1266,4.472792187266179,0.9615384615384616
1267,5.056353245025812,0.9615384615384616
1268,5.27264474622274,0.9615384615384616
1269,4.496185927836289,0.8846153846153846
1270,4.9720140482746915,1.0
1271,4.77651247168368,1.0
1272,4.427643586091822,0.8461538461538461
1273,4.142576939634064,0.8846153846153846
1274,4.245623394469253,0.8846153846153846
1275,6.184445612559051,0.9615384615384616
1276,5.442932872524994,0.9230769230769231
1277,4.796133987199376,0.9615384615384616
1278,4.331068594976115,0.8846153846153846
1279,3.868163315442831,0.9230769230769231
1280,4.553049572254467,0.9230769230769231
1281,3.6958831800824212,0.9615384615384616
1282,4.223433127985318,0.8076923076923077
1283,3.8865407937512275,0.8846153846153846
1284,3.7826856814328877,0.9230769230769231
1285,3.679547939427806,0.8846153846153846
1286,5.269960835067586,0.8461538461538461
1287,4.160892593024447,0.8076923076923077
1288,3.9455684932317316,0.8461538461538461
1289,3.6596809466123315,0.9230769230769231
1290,4.504507471773062,0.9230769230769231
1291,4.128535632671531,0.9615384615384616
1292,4.220611595207199,0.9615384615384616
1293,4.178058238593914,0.8846153846153846
1294,4.377342104740037,0.9615384615384616
1295,4.0730097070463,0.8846153846153846
1296,4.534756529032544,0.8846153846153846
1297,3.7497399126706172,0.9230769230769231
1298,5.3941541612975135,0.8846153846153846
1299,4.674348347776469,0.8846153846153846
1300,4.75245493549691,0.8461538461538461
1301,2.952038053868787,0.6153846153846154
1302,3.2959528338761603,0.6923076923076923
1303,3.6320049717690646,0.8076923076923077
1304,3.368793188375941,0.8846153846153846
1305,3.9931088072677023,0.7692307692307693
1306,3.258197949932264,0.8461538461538461
1307,4.168734117568003,0.9230769230769231
1308,4.9774358670288725,0.7692307692307693
1309,3.4820194186310736,0.7692307692307693
1310,3.3766400342477514,0.7692307692307693
1311,4.006987943976303,0.9230769230769231
1312,4.761629978398466,0.8846153846153846
1313,4.130311617452697,0.9230769230769231
1314,4.722743975201078,0.8461538461538461
1315,4.254073275270435,0.8846153846153846
1316,4.403759313770999,0.8076923076923077
1317,5.281755221884272,0.8461538461538461
1318,4.04880650915112,0.8846153846153846
1319,4.6859584070729206,0.7692307692307693
1320,3.615909019884499,0.9230769230769231
1321,3.5120571528279507,0.8846153846153846
1322,4.401611866439077,0.8461538461538461
1323,3.963752785149026,0.9615384615384616
1324,3.770065491054831,0.9230769230769231
1325,3.942332697025254,0.8846153846153846
1326,5.0884823343986785,0.8461538461538461
1327,5.927138571329329,0.9230769230769231
1328,4.662909148273892,0.9230769230769231
1329,3.8318013603106467,0.8076923076923077
1330,4.844504172200075,0.8076923076923077
1331,3.7477853226674496,0.8076923076923077
1332,4.034956482987569,0.9230769230769231
1333,3.964638091255934,0.8461538461538461
1334,4.847818197541436,0.8076923076923077
1335,4.826620681403224,0.8461538461538461
1336,4.880963520781552,0.9230769230769231
1337,4.100524859458039,0.8461538461538461
1338,3.869115286917464,0.8461538461538461
1339,4.723211529685693,0.9615384615384616
1340,3.5143029593011166,0.8846153846153846
1341,4.5522335043968845,0.8846153846153846
1342,5.0165404404728875,0.8461538461538461
1343,4.097835236647774,0.8461538461538461
1344,4.057534582744026,0.8846153846153846
1345,5.389361158448317,0.8076923076923077
1346,3.768035438118485,0.7692307692307693
1347,2.97563204866285,0.8461538461538461
1348,3.966893848286216,0.8461538461538461
1349,3.0732533275317766,0.8076923076923077
1350,4.463727614121662,0.8846153846153846
1351,4.239695860606044,0.8846153846153846
1352,3.709045542926939,0.6923076923076923
1353,3.4048111001284185,0.5769230769230769
1354,3.390274414668148,0.5769230769230769
1355,2.7867662340449737,0.7307692307692307
1356,3.6618749411619698,0.8076923076923077
1357,3.8212012511897853,0.6538461538461539
1358,3.254311404508536,0.6923076923076923
1359,3.5799021869269314,0.6538461538461539
1360,3.566562223335388,0.7307692307692307
1361,3.299330422525051,0.6923076923076923
1362,3.630164767746551,0.7692307692307693
1363,4.138149081879876,0.8846153846153846
1364,3.867557657992912,0.7307692307692307
1365,3.2656714567850855,0.7307692307692307
1366,2.9894830991061423,0.6923076923076923
1367,3.491429721167091,0.7307692307692307
1368,3.5172953455171934,0.7307692307692307
1369,4.637528295966509,0.7692307692307693
1370,3.8087111485565,0.7307692307692307
1371,3.587700225565548,0.8076923076923077
1372,3.1937196116979694,0.7692307692307693
1373,4.095765688066446,0.8461538461538461
1374,4.473721773507867,0.8076923076923077
1375,4.6167616532596245,0.7692307692307693
1376,4.9468745018356435,0.8461538461538461
1377,3.2538377741003828,0.7692307692307693
1378,3.3181477542953877,0.7692307692307693
1379,3.3370279785242194,0.7307692307692307
1380,5.070425413442244,0.9230769230769231
1381,3.290975720127201,0.7692307692307693
1382,3.1358894065101057,0.8076923076923077
1383,3.4607582015166822,0.7307692307692307
1384,4.060721835555134,0.8461538461538461
1385,3.925095398979188,0.8461538461538461
1386,5.138343176538441,0.9615384615384616
1387,4.2018675375101395,0.9230769230769231
1388,3.8960080881871066,0.8846153846153846
1389,4.208200793543495,0.6923076923076923
1390,3.9131964185810104,0.8076923076923077
1391,3.5060921848987068,0.8846153846153846
1392,3.2334750390666267,0.8461538461538461
1393,4.322197564833441,0.7307692307692307
1394,3.3930176378823704,0.8076923076923077
1395,3.405568205730956,0.8846153846153846
1396,3.6411295939005996,0.8846153846153846
1397,3.730717106019985,0.8461538461538461
1398,4.134623665503507,0.8461538461538461
1399,4.12081352242187,0.9230769230769231
1400,4.272210472563279,0.8461538461538461
1401,4.215544211318777,0.8076923076923077
1402,4.404462794118615,0.8076923076923077
1403,4.421456798056535,0.6538461538461539
1404,3.583799367843135,0.8846153846153846
1405,3.772700640651157,0.8461538461538461
1406,4.182776625977567,0.7692307692307693
1407,4.43149971997308,0.8461538461538461
1408,5.732651499544823,0.9230769230769231
1409,4.52302895871238,0.8461538461538461
1410,3.604360057509287,0.8076923076923077
1411,3.5070821186157906,0.8461538461538461
1412,3.8894883883947933,0.6923076923076923
1413,3.988961115115503,0.7692307692307693
1414,3.62279447597347,0.7692307692307693
1415,3.6190726303058196,0.8076923076923077
1416,3.6079498058409616,0.6923076923076923
1417,3.7888547339549574,0.7692307692307693
1418,3.5496151829331186,0.6923076923076923
1419,3.495329709476595,0.6923076923076923
1420,3.1818307996703776,0.7692307692307693
1421,3.229775815113997,0.7307692307692307
1422,3.17560640288149,0.6153846153846154
1423,3.9950323478734457,0.6538461538461539
1424,4.645855711099987,0.8461538461538461
1425,3.9394317292680907,0.6923076923076923
1426,3.0223419618236864,0.7692307692307693
1427,3.5754972828570732,0.7307692307692307
1428,2.8094625770057218,0.7692307692307693
1429,3.1493401098836364,0.8076923076923077
1430,3.9062734141304705,0.8461538461538461
1431,3.292048954069197,0.6923076923076923
1432,3.859733641206929,0.7307692307692307
1433,3.6229872658390323,0.6923076923076923
1434,4.809264401941905,0.7692307692307693
1435,3.510733844504727,0.7307692307692307
1436,3.7613249172108456,0.5769230769230769
1437,4.1665683674100835,0.6153846153846154
1438,3.7040530859067693,0.7307692307692307
1439,3.986550432851648,0.7307692307692307
1440,4.210722494708728,0.8461538461538461
1441,4.436977520032473,0.9230769230769231
1442,5.098940527566363,0.9230769230769231
1443,4.064094391951108,0.6923076923076923
1444,5.38093092262641,0.7307692307692307
1445,4.851868230102015,0.8846153846153846
1446,4.175258928577456,0.7692307692307693
1447,3.7666823905308116,0.7307692307692307
1448,3.7229212363844515,0.8076923076923077
1449,3.8288875347911944,0.8076923076923077
1450,3.955136474373982,0.8076923076923077
1451,3.6282463582046143,0.8076923076923077
1452,3.7228446755914875,0.8076923076923077
1453,4.441131194775883,0.7692307692307693
1454,3.358608460754204,0.8846153846153846
1455,4.350267160220318,0.8846153846153846
1456,4.298403514448407,0.8076923076923077
1457,3.3759118832466166,0.6923076923076923
1458,4.414610592646799,0.9615384615384616
1459,3.2632910361833507,0.8076923076923077
1460,3.363532752612972,0.8076923076923077
1461,4.571230445128205,0.8846153846153846
1462,3.5461993485087087,0.8461538461538461
1463,3.711929744637523,0.8461538461538461
1464,3.7404205095013956,0.8461538461538461
1465,4.115401462012798,0.8461538461538461
1466,4.386990915200633,0.8461538461538461
1467,4.329802697532509,0.8461538461538461
1468,4.419843621303302,0.8846153846153846
1469,4.143624584607743,0.8846153846153846
1470,4.077668843410159,0.8846153846153846
1471,3.6908459122393227,0.8846153846153846
1472,5.280620854853154,0.9615384615384616
1473,4.329598860524856,0.9230769230769231
1474,3.31215156800241,0.8461538461538461
1475,3.675677959737149,0.8461538461538461
1476,3.331118824350926,0.7692307692307693
1477,2.78323055928007,0.8076923076923077
1478,3.142655876232928,0.6538461538461539
1479,2.9091843822768153,0.7692307692307693
1480,3.075725692045297,0.8076923076923077
1481,3.7159789824121576,0.8461538461538461
1482,3.907755888473885,0.7692307692307693
1483,3.7610122130996695,0.8461538461538461
1484,4.177027456945938,0.7307692307692307
1485,5.358002135940797,0.7692307692307693
1486,4.592493576052328,0.7307692307692307
1487,4.422904321039809,0.7307692307692307
1488,4.256229333574893,0.7307692307692307
1489,3.479051025637821,0.9615384615384616
1490,5.281616929008372,0.9615384615384616
1491,4.4473397970771265,0.8461538461538461
1492,4.858847909143137,0.8461538461538461
1493,4.772909208754423,0.9230769230769231
1494,4.009826771923631,0.8461538461538461
1495,3.8300822702640356,0.9230769230769231
1496,4.333305631325562,0.8076923076923077
1497,5.436397342404323,0.8846153846153846
1498,4.055336182008089,0.8461538461538461
1499,3.1688625515885285,0.9230769230769231
1500,4.990687147129551,0.9230769230769231
