# Trial 4: ath=0.0270  hd=400  reg=5.00e-02  a=0.5000  c=0.0500  L=8  best_er=0.4231
iter,loss,error_rate
1,3.7051130656247326,0.8846153846153846
2,4.125473653718763,0.9230769230769231
3,3.9805182269495964,0.8846153846153846
4,4.013399257313637,0.8846153846153846
5,3.32334221609323,0.8846153846153846
6,3.303394020822419,0.8846153846153846
7,3.5717400576871645,0.8846153846153846
8,2.928234088812571,0.8076923076923077
9,2.6864497481511274,0.7692307692307693
10,3.3682058341284375,0.8846153846153846
11,2.799151247139329,0.9230769230769231
12,2.9485073570347837,0.8461538461538461
13,2.586456489874359,0.8461538461538461
14,2.574650162636601,0.8461538461538461
15,3.3296129269835166,0.8076923076923077
16,2.991054098875926,0.8846153846153846
17,2.5471475985250147,0.8076923076923077
18,3.638881695423266,0.8076923076923077
19,3.0825983147836205,0.8846153846153846
20,2.628197860593649,0.8846153846153846
21,4.263255726565981,0.7307692307692307
22,3.2415416980661735,0.9230769230769231
23,4.332800341949229,0.8846153846153846
24,3.5933059835406906,0.8461538461538461
25,3.3211228472287626,0.7692307692307693
26,3.227405084280369,0.9230769230769231
27,3.6861853440169394,0.9230769230769231
28,3.665124373392526,0.8846153846153846
29,3.1319646711201967,0.9615384615384616
30,3.061324035858875,0.8461538461538461
31,3.135734780132287,0.9230769230769231
32,3.2949669429487867,0.8461538461538461
33,3.148493642335399,0.6923076923076923
34,3.92650144463102,0.8076923076923077
35,3.7460772588076443,0.8846153846153846
36,2.6358715339250605,0.8846153846153846
37,2.9631935045991993,0.8461538461538461
38,2.978553638127912,0.6923076923076923
39,3.3705912821832893,0.7692307692307693
40,3.562047162277335,0.9230769230769231
41,3.4934328571209985,0.6923076923076923
42,2.718552286124221,0.8076923076923077
43,2.784905171883585,0.7692307692307693
44,3.2061188906530425,0.6153846153846154
45,3.530350038616895,0.8461538461538461
46,2.8105467082453055,0.8461538461538461
47,2.615093882913518,0.7692307692307693
48,3.0181019809104703,0.6538461538461539
49,3.365578202669758,0.7692307692307693
50,2.990096754359513,0.8846153846153846
51,2.513871192873398,0.8461538461538461
52,2.4379651832657268,0.6538461538461539
53,3.2315817394690907,0.8461538461538461
54,2.617672058407417,0.7692307692307693
55,3.0264563029037728,0.7307692307692307
56,2.8249321482767753,0.8461538461538461
57,2.7504821287546832,0.8076923076923077
58,3.281008145722015,0.8076923076923077
59,3.3655485445504745,0.6923076923076923
60,2.9789252868585057,0.7307692307692307
61,3.3144336512579113,0.8076923076923077
62,3.3871011434184157,0.8461538461538461
63,2.6674567318808244,0.6153846153846154
64,2.730231333514811,0.7307692307692307
65,2.8375633921710097,0.7692307692307693
66,2.992936736591968,0.8461538461538461
67,3.1482267629456224,0.7307692307692307
68,3.3575692567703523,0.6538461538461539
69,3.159142593318467,0.8076923076923077
70,3.6276380996782462,0.7692307692307693
71,2.518696888422386,0.7692307692307693
72,2.9430759615719633,0.8076923076923077
73,3.0981171920646475,0.7307692307692307
74,3.012033872060824,0.6153846153846154
75,3.067515906240022,0.9615384615384616
76,3.2607309325371725,0.8461538461538461
77,2.97267433695381,1.0
78,3.2456250803758238,0.8076923076923077
79,3.0188549501523587,0.7692307692307693
80,2.608515636121225,0.8846153846153846
81,3.041449026316447,0.8076923076923077
82,2.8396017643981573,0.7307692307692307
83,2.795624150677086,0.6923076923076923
84,2.8234203786961025,0.6538461538461539
85,3.0526135230121896,0.8076923076923077
86,3.280877933127108,0.6923076923076923
87,3.251797034677116,0.6923076923076923
88,3.629514263992043,0.8461538461538461
89,3.575479730608687,0.8076923076923077
90,3.4523668781676884,0.6923076923076923
91,2.94555157253414,0.7307692307692307
92,3.2036697195005415,0.6538461538461539
93,3.901033051563408,0.7307692307692307
94,3.8331054983862676,0.9230769230769231
95,2.9964687754600523,0.6153846153846154
96,2.986154328354811,0.5384615384615384
97,2.9140459760842345,0.7692307692307693
98,2.6289157456703833,0.7307692307692307
99,3.4782942154799876,0.6153846153846154
100,2.6551960640131105,0.7692307692307693
101,4.588978468550476,0.8076923076923077
102,3.568293981900581,0.7307692307692307
103,2.677526800008893,0.7692307692307693
104,2.8798439829682345,0.7307692307692307
105,3.198875213847374,0.6923076923076923
106,2.805075493898596,0.6923076923076923
107,3.6389535966006434,0.7307692307692307
108,3.1928936270476784,0.8076923076923077
109,3.6719987453946015,0.8461538461538461
110,2.704496115025153,0.6923076923076923
111,2.928209297741116,0.7307692307692307
112,2.70820713328129,0.7692307692307693
113,3.401090082600817,0.7307692307692307
114,2.9398997393708353,0.7307692307692307
115,3.0272748371527114,0.6923076923076923
116,2.8599812376459957,0.6153846153846154
117,2.7138021451601135,0.8076923076923077
118,2.8219370968761184,0.6923076923076923
119,2.95829584474942,0.7307692307692307
120,3.126057294435152,0.6923076923076923
121,3.2073362207232656,0.6923076923076923
122,3.4584658489876188,0.7307692307692307
123,3.6552299622263638,0.7307692307692307
124,3.600704887133889,0.7307692307692307
125,3.6817196328911814,0.7692307692307693
126,3.7941281808286873,0.7692307692307693
127,3.158862260966188,0.8076923076923077
128,3.3070814701531472,0.6538461538461539
129,3.660787043737786,0.6153846153846154
130,3.6258717486577905,0.7307692307692307
131,2.946505882813476,0.8076923076923077
132,3.360206862318709,0.7307692307692307
133,3.1244832812127776,0.7692307692307693
134,3.478571874614381,0.7307692307692307
135,2.8530377735539854,0.8076923076923077
136,2.7408513395534904,0.7692307692307693
137,2.736550167936161,0.7692307692307693
138,2.689623540070457,0.7692307692307693
139,3.346800943546341,0.6923076923076923
140,3.01561347390877,0.7307692307692307
141,3.1857174931855736,0.8846153846153846
142,2.819260665974343,0.8076923076923077
143,2.780269234646579,0.8076923076923077
144,2.9042724406431084,0.8076923076923077
145,3.114248846184311,0.9230769230769231
146,3.1667467582279785,0.9230769230769231
147,2.992981466872947,0.8076923076923077
148,2.508407594748183,0.8076923076923077
149,3.774285939034799,0.8461538461538461
150,3.1117954959994396,0.8846153846153846
151,2.963314606610332,0.8461538461538461
152,2.935495678831491,0.8846153846153846
153,3.383559399204816,0.9230769230769231
154,2.9936378236041294,0.7692307692307693
155,2.992495315494362,0.7692307692307693
156,2.762921789518133,0.7692307692307693
157,3.0329588673535928,0.8846153846153846
158,2.692697864282354,0.8461538461538461
159,2.9936545606927836,0.8846153846153846
160,2.974059366281727,0.8461538461538461
161,3.203642130334665,0.8846153846153846
162,3.3544120306991947,0.8461538461538461
163,2.9971205204344944,0.7692307692307693
164,3.3343841649015706,0.8076923076923077
165,2.8286063544756597,0.8076923076923077
166,2.6433618461146304,0.7692307692307693
167,2.502816152648852,0.8076923076923077
168,2.6300637635668664,0.8461538461538461
169,2.789007427275255,0.8076923076923077
170,2.522871095104995,0.7692307692307693
171,2.8308922075288745,0.7692307692307693
172,2.1180509627592894,0.8076923076923077
173,2.392838799242972,0.7692307692307693
174,2.51782290239,0.7307692307692307
175,2.409538186254494,0.8076923076923077
176,3.7872907606826587,0.6538461538461539
177,2.8788136782878584,0.7307692307692307
178,2.4022886287057448,0.6923076923076923
179,2.684664234919598,0.6153846153846154
180,2.633083116535918,0.7307692307692307
181,2.1976306524444413,0.8461538461538461
182,2.356259168660642,0.8076923076923077
183,2.2503301517500542,0.8461538461538461
184,2.134115942138382,0.8461538461538461
185,1.732636461242512,0.7692307692307693
186,1.7784750072510638,0.7692307692307693
187,2.8036028725428648,0.7307692307692307
188,1.99151008752722,0.6923076923076923
189,1.836262397155597,0.6923076923076923
190,2.1894350601941994,0.6923076923076923
191,1.9416261564285624,0.7307692307692307
192,2.1124737012503,0.6538461538461539
193,2.1882064173012727,0.7307692307692307
194,2.0005867076811383,0.7307692307692307
195,1.9573683965317623,0.7307692307692307
196,2.4916930457849555,0.7307692307692307
197,2.287383093490239,0.6153846153846154
198,1.7427519516002463,0.7307692307692307
199,1.8177406937922287,0.6923076923076923
200,2.098278306764675,0.6538461538461539
201,2.8941908119521322,0.7307692307692307
202,2.645283699264203,0.6538461538461539
203,2.5299536597186334,0.7692307692307693
204,2.2173355642480814,0.5769230769230769
205,2.3706801589218536,0.6538461538461539
206,2.3726025443317518,0.7307692307692307
207,2.0948781603459743,0.7692307692307693
208,2.757475748286292,0.7307692307692307
209,2.3786667159928476,0.7307692307692307
210,2.3217149372104147,0.6923076923076923
211,2.238600588812777,0.6923076923076923
212,2.268890867899827,0.6923076923076923
213,3.066036775716534,0.8076923076923077
214,2.483025375436269,0.6538461538461539
215,2.4608544478456507,0.6153846153846154
216,2.9130768407497687,0.5769230769230769
217,2.5570381774819815,0.7692307692307693
218,2.4094719227917323,0.7307692307692307
219,3.093421987612643,0.6153846153846154
220,3.386692924195079,0.8076923076923077
221,3.126082515002735,0.6923076923076923
222,2.476775845615842,0.8076923076923077
223,3.6689664995959244,0.7307692307692307
224,2.405484515447305,0.8846153846153846
225,3.546193715572237,0.8461538461538461
226,2.5624909861981955,0.9230769230769231
227,2.781103535637339,0.8461538461538461
228,2.916487877344304,0.8461538461538461
229,2.6402544353697737,0.8076923076923077
230,2.5252309858627577,0.7692307692307693
231,2.6312091829097546,0.7692307692307693
232,2.675535782966755,0.7307692307692307
233,2.6099982379638926,0.7692307692307693
234,2.6816933561505145,0.6923076923076923
235,2.572446168792993,0.7692307692307693
236,3.2280003364667382,0.7692307692307693
237,2.7700549908199914,0.6923076923076923
238,3.5919956964727713,0.7692307692307693
239,3.152985352310442,0.6923076923076923
240,2.787914272241961,0.6923076923076923
241,2.84843998836989,0.7692307692307693
242,2.8625532858503258,0.6923076923076923
243,2.757560821795633,0.7307692307692307
244,2.63213770226628,0.6153846153846154
245,2.248225995970409,0.6923076923076923
246,2.790069762094752,0.6153846153846154
247,2.9187808212700346,0.6923076923076923
248,2.2210128756320753,0.7307692307692307
249,2.5196479255663418,0.7692307692307693
250,2.555420996367777,0.6923076923076923
251,2.081299145226918,0.5384615384615384
252,2.377294348041001,0.5
253,2.1922469968834477,0.5
254,2.3651160701600236,0.5769230769230769
255,2.672917518295235,0.6153846153846154
256,2.443776396330801,0.6538461538461539
257,2.463247995308409,0.6923076923076923
258,3.129447381431632,0.7692307692307693
259,2.6185261486340217,0.7692307692307693
260,2.3269907472983347,0.6538461538461539
261,2.3863671699247675,0.7307692307692307
262,2.810646652647286,0.7307692307692307
263,2.5108297949677643,0.6538461538461539
264,2.703159435771906,0.6923076923076923
265,2.422400393524881,0.6538461538461539
266,2.5866520839157587,0.7307692307692307
267,2.34416129309801,0.7307692307692307
268,2.3592751606522464,0.6538461538461539
269,2.5960059163856775,0.7307692307692307
270,2.814078403402122,0.7692307692307693
271,2.5825027670441107,0.7307692307692307
272,2.414434962424037,0.7307692307692307
273,2.4125164030067645,0.6923076923076923
274,2.435798913638708,0.6923076923076923
275,2.767906774576106,0.6538461538461539
276,2.642458075153833,0.7692307692307693
277,3.107288115508985,0.8076923076923077
278,2.733157266855436,0.7692307692307693
279,2.5175391416706145,0.8076923076923077
280,2.921519244163336,0.8076923076923077
281,3.4531450804044694,0.7692307692307693
282,2.414828527545478,0.8461538461538461
283,2.9431946362760573,0.7692307692307693
284,2.993517984862295,0.8461538461538461
285,2.641593387768644,0.8461538461538461
286,3.3673580243503487,0.7307692307692307
287,2.6297086919691948,0.8461538461538461
288,3.0607153212427685,0.8461538461538461
289,3.192547916114452,0.8461538461538461
290,2.5077502777276655,0.8461538461538461
291,2.5602510896305386,0.8076923076923077
292,2.7176212700842513,0.7307692307692307
293,2.7960490191351934,0.7692307692307693
294,2.7298899683665527,0.6923076923076923
295,2.9611483647322037,0.6538461538461539
296,3.2283040945171084,0.8076923076923077
297,3.5669528821485463,0.6923076923076923
298,3.168491575114672,0.7692307692307693
299,3.582707163042429,0.6923076923076923
300,3.331737797913304,0.8461538461538461
301,3.1664574061689414,0.8846153846153846
302,3.11379826844874,0.7692307692307693
303,3.3382912922882086,0.8076923076923077
304,2.8841489489063457,0.8076923076923077
305,2.8019786542209366,0.7692307692307693
306,2.5856317192901734,0.6923076923076923
307,3.9682774232674163,0.6923076923076923
308,2.509126869620208,0.8076923076923077
309,2.8698294875526282,0.8076923076923077
310,2.3514267869177123,0.7307692307692307
311,2.500530478772192,0.6923076923076923
312,2.263411031983509,0.6923076923076923
313,2.368597677224801,0.8076923076923077
314,2.059465520832693,0.7307692307692307
315,2.2315825480654574,0.8461538461538461
316,2.144363246758891,0.7307692307692307
317,2.2037303522178466,0.6923076923076923
318,2.575555407729343,0.8461538461538461
319,2.4861264653582977,0.7692307692307693
320,1.99975977299968,0.6538461538461539
321,2.2560638405084417,0.7307692307692307
322,2.228091565992065,0.6538461538461539
323,2.312132915870876,0.7692307692307693
324,2.279213754511676,0.7307692307692307
325,2.1323523854718385,0.7307692307692307
326,2.5948200378691952,0.7692307692307693
327,2.730473526424928,0.7692307692307693
328,2.654886870136016,0.6923076923076923
329,2.2152744309388637,0.7692307692307693
330,2.484170826442669,0.7307692307692307
331,2.64613661033638,0.7692307692307693
332,2.2597005701861255,0.7692307692307693
333,2.3862402434389236,0.6923076923076923
334,2.3171793676461845,0.7692307692307693
335,2.826958812604479,0.7692307692307693
336,2.4788101685712323,0.8076923076923077
337,2.534669357582522,0.8076923076923077
338,2.30244739106964,0.7692307692307693
339,2.513328224414277,0.7307692307692307
340,2.5270040721420504,0.7307692307692307
341,2.236164111418651,0.6923076923076923
342,2.416860242647018,0.6538461538461539
343,2.3389356449977345,0.6538461538461539
344,2.337338823914542,0.6153846153846154
345,2.2798760987707425,0.6153846153846154
346,2.296977097222003,0.6538461538461539
347,1.9197844190733724,0.6538461538461539
348,1.806865468150517,0.6153846153846154
349,2.3175127021283912,0.6923076923076923
350,2.077419305399452,0.5769230769230769
351,2.139662634871362,0.6538461538461539
352,2.4377183229863437,0.5769230769230769
353,1.9655463365547163,0.5384615384615384
354,1.7624452755743554,0.5384615384615384
355,1.7154031836369452,0.5769230769230769
356,1.8348889292936243,0.5384615384615384
357,2.529602820605335,0.6538461538461539
358,1.8511450291776552,0.5769230769230769
359,1.8144750285983577,0.5384615384615384
360,2.0619750116272733,0.5384615384615384
361,1.9974032706857148,0.5384615384615384
362,1.7995204258209,0.6538461538461539
363,2.127077391080233,0.5769230769230769
364,2.0422535605403596,0.6923076923076923
365,2.6259902063921516,0.5384615384615384
366,2.503142490836284,0.6153846153846154
367,2.008679805350908,0.5769230769230769
368,1.976912397355391,0.5384615384615384
369,2.1765827895931253,0.5769230769230769
370,2.2341209926231533,0.6153846153846154
371,2.2646713194060175,0.6538461538461539
372,2.3840926659500266,0.5
373,2.1376630580285756,0.6538461538461539
374,2.137115604797293,0.5769230769230769
375,2.1324651919637194,0.5384615384615384
376,2.06525677195735,0.6538461538461539
377,2.223506314375417,0.6153846153846154
378,2.2241384970953444,0.5769230769230769
379,1.8147571717533948,0.5769230769230769
380,2.297094684520919,0.6153846153846154
381,1.803810853477152,0.5384615384615384
382,1.668636704332986,0.5769230769230769
383,1.5298063022940536,0.5384615384615384
384,1.617934158672659,0.5769230769230769
385,1.7340589822674328,0.6153846153846154
386,2.153346545580221,0.5
387,1.7527045787840336,0.6153846153846154
388,1.9671753151362519,0.6538461538461539
389,2.1909948198922464,0.6538461538461539
390,1.7450650456084982,0.6153846153846154
391,2.0989126754105127,0.6923076923076923
392,1.984527729132751,0.7307692307692307
393,2.141914375694096,0.6538461538461539
394,1.7785450600665127,0.6153846153846154
395,1.8240653181339785,0.5384615384615384
396,1.9068126750991263,0.6538461538461539
397,1.6933516676927296,0.5769230769230769
398,1.8194075750627987,0.5769230769230769
399,1.7379682910824985,0.5384615384615384
400,1.6219964534804858,0.5769230769230769
401,1.4494298238829315,0.6153846153846154
402,2.9689826372859107,0.7307692307692307
403,1.992272916220484,0.7307692307692307
404,1.8894123074847093,0.6153846153846154
405,2.586790402507388,0.5769230769230769
406,2.1697851791815577,0.6153846153846154
407,2.393051899828273,0.6153846153846154
408,2.073996557168525,0.5
409,1.7650017194242835,0.5
410,2.1071552094009585,0.5384615384615384
411,1.7957813252341526,0.5769230769230769
412,2.8213619370987755,0.5384615384615384
413,1.5449187289304258,0.6153846153846154
414,2.3905891803443167,0.5769230769230769
415,1.8348684555275487,0.6153846153846154
416,1.58884908348516,0.5
417,2.7946212985396874,0.7307692307692307
418,1.9352707113012841,0.5384615384615384
419,1.7936045683249346,0.6538461538461539
420,2.6746546282538994,0.6538461538461539
421,2.145624627757135,0.6153846153846154
422,2.887561668011742,0.6538461538461539
423,2.06153352606883,0.5769230769230769
424,2.7517776206696425,0.6153846153846154
425,2.1498433710307783,0.5384615384615384
426,2.363795694004026,0.5
427,2.040401583551137,0.6153846153846154
428,4.108139938258637,0.7692307692307693
429,2.7399507250500696,0.5384615384615384
430,1.8928598488403423,0.5
431,3.4710322544855923,0.5769230769230769
432,2.4619220945281115,0.6923076923076923
433,2.388769769500787,0.5384615384615384
434,2.0973126457122087,0.5769230769230769
435,2.5266477256887296,0.5769230769230769
436,2.799316916178245,0.5769230769230769
437,3.705914994472741,0.7307692307692307
438,2.8587701247571777,0.6153846153846154
439,2.984814844375757,0.6923076923076923
440,4.056458341023106,0.8461538461538461
441,2.759191722175168,0.6153846153846154
442,2.6197195196399305,0.6153846153846154
443,2.9767291391277966,0.7307692307692307
444,2.399397295815872,0.6153846153846154
445,2.517289284354061,0.6153846153846154
446,2.4395540506406777,0.6153846153846154
447,2.6311919220744273,0.5384615384615384
448,2.524760400568803,0.6538461538461539
449,3.2245488180548043,0.5769230769230769
450,2.538135436698057,0.5384615384615384
451,2.883411041658602,0.5
452,3.1277314461980144,0.6923076923076923
453,2.9859720494183204,0.6153846153846154
454,3.2676774961155926,0.7692307692307693
455,3.7601073333709625,0.8846153846153846
456,3.403712205872712,0.7692307692307693
457,3.8829782328292426,0.6538461538461539
458,3.7888443793137903,0.6538461538461539
459,3.076645665637162,0.6923076923076923
460,3.968008246956554,0.7307692307692307
461,2.5000020936899836,0.6538461538461539
462,3.2706783840118785,0.6153846153846154
463,3.187396051243137,0.7692307692307693
464,3.4721498880748127,0.6153846153846154
465,1.8838263967998141,0.46153846153846156
466,2.3668226073663985,0.5769230769230769
467,2.7433018177756745,0.5384615384615384
468,2.5426094782121096,0.5769230769230769
469,2.579900658106152,0.5769230769230769
470,2.1609497381997245,0.5384615384615384
471,4.108389634875703,0.8846153846153846
472,3.8004785813612143,0.6923076923076923
473,2.8799007906427434,0.5769230769230769
474,4.652788322665971,0.8846153846153846
475,2.3641816209701414,0.5769230769230769
476,2.61170955357591,0.7307692307692307
477,3.345204258745042,0.8461538461538461
478,3.6762855072569995,0.8076923076923077
479,2.3823908268882468,0.6153846153846154
480,3.5103407621783873,0.6538461538461539
481,2.4035456086069473,0.6153846153846154
482,3.0587893694843555,0.5384615384615384
483,2.682029480435218,0.6538461538461539
484,3.3795325699515684,0.8461538461538461
485,3.4452666726115653,0.6923076923076923
486,2.6591713820683283,0.7307692307692307
487,3.879443955905637,0.9230769230769231
488,2.9926093830023053,0.6923076923076923
489,3.0315241259665067,0.7307692307692307
490,2.894165737930525,0.5769230769230769
491,2.614125243251471,0.5384615384615384
492,2.9575053432777936,0.6153846153846154
493,3.327481530395038,0.6153846153846154
494,2.50535607407004,0.6538461538461539
495,4.206895772210703,0.6923076923076923
496,2.5780159829756983,0.7307692307692307
497,3.744306897074541,0.8461538461538461
498,4.405471814005587,0.7307692307692307
499,3.03437436875124,0.8461538461538461
500,3.624744877908022,0.6538461538461539
501,2.6447931618591385,0.7307692307692307
502,3.3129843662644944,0.7307692307692307
503,3.249122160565146,0.6538461538461539
504,4.072825608769595,0.7692307692307693
505,3.050977013512613,0.7307692307692307
506,3.843350183778676,0.7307692307692307
507,3.3142535151048884,0.7307692307692307
508,2.7572444967410665,0.6538461538461539
509,3.2077044945996214,0.5384615384615384
510,3.345214567784118,0.7692307692307693
511,3.4192611131981896,0.6923076923076923
512,3.304774652357281,0.6153846153846154
513,3.5345306391721336,0.6923076923076923
514,3.137754909690904,0.5769230769230769
515,3.925848619801173,0.8461538461538461
516,3.564919842692267,0.6538461538461539
517,3.7136756345431565,0.6538461538461539
518,3.049111215587615,0.7692307692307693
519,3.4836898559346277,0.7692307692307693
520,2.6065499785895074,0.7692307692307693
521,3.051669649805605,0.6538461538461539
522,4.6398599948172095,0.8076923076923077
523,4.768416214743071,0.9615384615384616
524,3.7720025134036317,0.9615384615384616
525,3.208128528759282,0.6538461538461539
526,3.1454443706345936,0.7307692307692307
527,4.1971605299180945,0.9615384615384616
528,4.018263969231226,0.9230769230769231
529,3.063548678814568,0.7307692307692307
530,4.051389752199157,0.7692307692307693
531,2.5944174095728982,0.6538461538461539
532,2.5740402111902174,0.6153846153846154
533,2.3720207240066125,0.6153846153846154
534,2.261417666852945,0.6923076923076923
535,4.66213836392877,0.9615384615384616
536,2.862925968916594,0.8076923076923077
537,2.82956179610004,0.7692307692307693
538,2.4277198913078677,0.7307692307692307
539,3.0392980240239664,0.8461538461538461
540,2.8931713582356915,0.6923076923076923
541,4.264321513504769,1.0
542,2.614498330466119,0.7307692307692307
543,2.4295786502152548,0.7307692307692307
544,4.657933965022056,1.0
545,3.588662907025957,0.8076923076923077
546,2.5854899082435727,0.8846153846153846
547,4.883605297883346,0.8461538461538461
548,2.934434263668409,0.7692307692307693
549,3.2643067083505755,0.8846153846153846
550,2.977966068067385,0.7307692307692307
551,3.263260723245466,0.7307692307692307
552,4.372516731427042,0.9230769230769231
553,2.734214665730072,0.7307692307692307
554,2.7023808815342343,0.7692307692307693
555,2.9158572596971988,0.7307692307692307
556,3.1652856837058194,0.8846153846153846
557,3.50510252319445,0.8461538461538461
558,4.03439837481123,0.8076923076923077
559,3.2114667576470484,0.8076923076923077
560,3.0010672979384014,0.6923076923076923
561,3.8490463526529126,0.8846153846153846
562,3.424464664653737,0.8076923076923077
563,2.6939191890207734,0.7692307692307693
564,3.8096692844102638,0.8076923076923077
565,3.7762989444198585,0.8461538461538461
566,3.422393419504105,0.7307692307692307
567,4.60289224380346,0.7692307692307693
568,2.5966252502284473,0.7692307692307693
569,4.439141933261608,0.7307692307692307
570,3.375909107354572,0.8846153846153846
571,3.8550492650704458,0.9230769230769231
572,3.927027642270848,0.8076923076923077
573,3.7101882403442494,0.7692307692307693
574,3.702385848111681,0.7307692307692307
575,3.4144269112608283,0.6923076923076923
576,3.893717029760155,0.7692307692307693
577,3.175441768498364,0.7307692307692307
578,3.3071475220643807,0.7307692307692307
579,3.56409578782035,0.8076923076923077
580,3.1649496199284615,0.7307692307692307
581,2.606349030494518,0.7307692307692307
582,4.053115322475452,0.8461538461538461
583,3.1586982036980773,0.8461538461538461
584,3.1986600853641556,0.8076923076923077
585,2.921344641755592,0.8076923076923077
586,2.8996559524298497,0.6923076923076923
587,3.1377079034058095,0.8076923076923077
588,2.5111306117600627,0.7307692307692307
589,3.1900932278866105,0.7307692307692307
590,3.0928593035537046,0.7692307692307693
591,4.056564688895732,0.9615384615384616
592,3.329193193131848,0.6923076923076923
593,3.0169213558967827,0.7692307692307693
594,2.8658346305547546,0.8076923076923077
595,3.0128760202443594,0.8076923076923077
596,2.5758263300787103,0.6538461538461539
597,3.4185057794797302,0.7692307692307693
598,3.639255399985176,0.7307692307692307
599,3.03691883513381,0.7307692307692307
600,3.9716411029315055,0.8076923076923077
601,2.354284693513171,0.6538461538461539
602,2.467573279489963,0.6923076923076923
603,2.9332812519748295,0.6153846153846154
604,2.372705775435434,0.6538461538461539
605,3.4732357779665826,0.7307692307692307
606,2.8970450092275852,0.6153846153846154
607,2.667562659928919,0.6923076923076923
608,2.303585459150194,0.6923076923076923
609,2.6047345526735537,0.7692307692307693
610,2.6255644971452954,0.8076923076923077
611,3.487654944095836,0.6923076923076923
612,2.427093339746939,0.7692307692307693
613,2.970868773981576,0.6923076923076923
614,3.512201123485695,0.8076923076923077
615,2.5183840639491337,0.8076923076923077
616,3.2562354710489165,0.8076923076923077
617,3.2340920630725414,0.8461538461538461
618,3.078775921211422,0.8461538461538461
619,3.6490757512784153,0.8461538461538461
620,4.1987373576604625,0.8461538461538461
621,2.382487244562236,0.8076923076923077
622,3.3754635791651,0.8076923076923077
623,3.6590047570762665,0.8076923076923077
624,4.280476470872035,0.8461538461538461
625,3.030690626359716,0.7692307692307693
626,2.9884085555568816,0.7692307692307693
627,3.09935061269323,0.8076923076923077
628,2.732292546184638,0.7307692307692307
629,3.3385912318005837,0.8846153846153846
630,3.1988491876302083,0.8461538461538461
631,3.2176252911866783,0.7692307692307693
632,2.7480587319269953,0.7692307692307693
633,2.64122972401434,0.8461538461538461
634,3.0675265487697576,0.8846153846153846
635,2.85164027479029,0.8076923076923077
636,3.4924023949820184,0.7692307692307693
637,3.547190189015345,0.7307692307692307
638,3.58153365641593,0.8076923076923077
639,3.584408271687952,0.8461538461538461
640,3.204485207902843,0.8461538461538461
641,2.5461740921125813,0.6923076923076923
642,4.516257590532707,0.8076923076923077
643,3.0878899237775097,0.6923076923076923
644,2.8995439740712152,0.8076923076923077
645,3.1731404892226758,0.6923076923076923
646,2.8212692725676454,0.6923076923076923
647,2.777458520684866,0.7692307692307693
648,3.0431093102370763,0.7692307692307693
649,3.4519906762352615,0.8076923076923077
650,3.0542335373058433,0.8076923076923077
651,3.239761466065848,0.8461538461538461
652,3.003764335331107,0.7692307692307693
653,3.4311366518699424,0.6538461538461539
654,4.646545551525394,0.9615384615384616
655,3.567206329222371,0.8461538461538461
656,3.671914281675024,0.8461538461538461
657,4.000679157273323,0.8076923076923077
658,3.207463646937585,0.8461538461538461
659,3.303019921286222,0.7692307692307693
660,3.701996211669737,0.9230769230769231
661,3.564137748156946,0.7692307692307693
662,4.33049935846616,0.8846153846153846
663,3.43952137529349,0.8846153846153846
664,3.4716379684947256,0.8076923076923077
665,3.451423073850901,0.8076923076923077
666,4.38126408155366,0.9615384615384616
667,4.140310052322199,0.7692307692307693
668,3.5921058586996377,0.9230769230769231
669,3.744981900038031,0.8461538461538461
670,3.871118714546907,0.8076923076923077
671,4.6504967783221485,0.8846153846153846
672,4.203887078990182,0.8076923076923077
673,4.384104712461741,0.8846153846153846
674,4.387125128641472,0.8461538461538461
675,4.0518672747682665,0.8461538461538461
676,4.454516329314042,0.9230769230769231
677,3.8284266590720892,0.8461538461538461
678,3.745369503641677,0.8461538461538461
679,3.896105844812985,0.8846153846153846
680,3.698446117780295,0.8461538461538461
681,3.5762209853523927,0.8461538461538461
682,3.6341756027023386,0.8846153846153846
683,3.2173151597371525,0.8461538461538461
684,3.775506290344876,0.8461538461538461
685,3.3188113214699717,0.7692307692307693
686,3.1636437420748535,0.7692307692307693
687,3.6803696276492617,0.7692307692307693
688,3.2272044439002725,0.7307692307692307
689,3.713397309997643,0.8846153846153846
690,3.168561884054169,0.6923076923076923
691,2.962414556922878,0.8461538461538461
692,2.731203000241994,0.7692307692307693
693,2.77369029173562,0.7307692307692307
694,3.6258470873135216,0.8076923076923077
695,3.8464706494949845,0.8076923076923077
696,2.9754963565962536,0.7692307692307693
697,3.2273513280901023,0.8461538461538461
698,3.2272076566418684,0.8076923076923077
699,3.5287907412008455,0.9615384615384616
700,4.038039511534704,0.9230769230769231
701,4.135874852732229,0.8846153846153846
702,3.932330374411437,0.8461538461538461
703,3.7875018446483,0.8846153846153846
704,4.03446043141757,0.8461538461538461
705,3.47624179935462,0.8461538461538461
706,3.5144896224163853,0.8846153846153846
707,4.024522222022738,0.8461538461538461
708,3.400706358275606,0.8846153846153846
709,3.9235669875313732,0.8461538461538461
710,2.913407867146004,0.7692307692307693
711,3.4314777306693185,0.8846153846153846
712,3.1719076439232383,0.8076923076923077
713,3.634398063698582,0.7692307692307693
714,3.201101916001697,0.7307692307692307
715,3.1668233211804635,0.6923076923076923
716,3.5352350228552814,0.6923076923076923
717,3.2188596172043558,0.7692307692307693
718,3.4055629559207543,0.7307692307692307
719,3.478745708312906,0.8461538461538461
720,2.9001930049167095,0.7307692307692307
721,3.061865464673133,0.7307692307692307
722,2.980074025429671,0.8076923076923077
723,2.8770509582078008,0.7307692307692307
724,2.726206187910776,0.6538461538461539
725,3.398444479529676,0.8076923076923077
726,2.645518699720091,0.7692307692307693
727,4.1215533224387535,0.7692307692307693
728,3.5841624150048634,0.7692307692307693
729,2.8700784861619497,0.5769230769230769
730,3.396771343512671,0.6538461538461539
731,4.240630016133526,0.7692307692307693
732,3.660059963487948,0.7692307692307693
733,4.509814519462325,0.8076923076923077
734,3.6767111425494763,0.7692307692307693
735,3.7988165970003283,0.8846153846153846
736,2.980911855458232,0.6923076923076923
737,3.94075931246632,0.7307692307692307
738,3.447090485366859,0.8076923076923077
739,3.4204043420374135,0.8076923076923077
740,2.9888930484473564,0.6923076923076923
741,3.528082850823433,0.7307692307692307
742,3.6041443217932634,0.6538461538461539
743,2.6859642375742774,0.6153846153846154
744,3.397062635224529,0.5769230769230769
745,3.5475635321006096,0.8461538461538461
746,2.9595890393338884,0.7307692307692307
747,3.1661947819141405,0.8076923076923077
748,4.037526690644896,0.6923076923076923
749,3.402474838449862,0.8846153846153846
750,4.134489461464996,0.9615384615384616
751,3.101001352898421,0.7692307692307693
752,2.944572050719332,0.7307692307692307
753,3.2918416562051602,0.8461538461538461
754,3.685921767124009,0.8461538461538461
755,4.144103951456638,0.8461538461538461
756,2.7274238025589326,0.7692307692307693
757,2.9822550065966156,0.8461538461538461
758,2.8627650774440574,0.8461538461538461
759,3.230034773885218,0.8846153846153846
760,3.522336107553284,0.7307692307692307
761,3.202730060066407,0.8461538461538461
762,3.8818168770474677,0.8846153846153846
763,3.2753284060986187,0.7692307692307693
764,4.445877551906292,0.9615384615384616
765,3.293496359683179,0.7692307692307693
766,2.9492086666854904,0.8846153846153846
767,3.2060865626921595,0.8076923076923077
768,2.6978731193595635,0.6923076923076923
769,3.2701794527425894,0.6538461538461539
770,2.9654226663957974,0.6923076923076923
771,2.7693273945165053,0.6153846153846154
772,3.3465648826947865,0.6923076923076923
773,3.364123859559645,0.7692307692307693
774,3.36015464639943,0.7307692307692307
775,3.5988071607269014,0.6923076923076923
776,3.139156839034118,0.6538461538461539
777,3.804571183425851,0.7307692307692307
778,2.743333558102143,0.6538461538461539
779,2.744367742091505,0.6923076923076923
780,3.529473730693304,0.6923076923076923
781,2.7084439504810724,0.6538461538461539
782,2.479409082384822,0.5384615384615384
783,2.426075613936132,0.6153846153846154
784,2.977016212020972,0.6153846153846154
785,3.4924922901254827,0.8076923076923077
786,2.3910463970690397,0.5769230769230769
787,2.497699658087803,0.6538461538461539
788,2.40030878558244,0.6538461538461539
789,2.1804802216352117,0.6538461538461539
790,2.9804068504891634,0.6538461538461539
791,2.6931939727313026,0.7307692307692307
792,2.3084012204380544,0.5384615384615384
793,2.348635075697584,0.5
794,2.2909628066983445,0.5
795,2.857337412772845,0.5769230769230769
796,2.072102454044107,0.4230769230769231
797,2.5622079668380913,0.5384615384615384
798,2.483222516158258,0.5769230769230769
799,2.2740269603951546,0.5384615384615384
800,2.23466676239904,0.5384615384615384
