Bayesian Fine-Tuning QNSPSA — 1500 iter/trial, 256 shots
Trials ejecutados: 10/10
======================================================================
Rank     ath    L       reg     hd   best_er
------------------------------------------------------------
   1   0.030    8  5.00e-04   1000    0.1538
   2   0.021   11  1.75e-03   1200    0.2308
   3   0.016   14  1.05e-03   1150    0.2308
   4   0.020   11  5.00e-04    700    0.2692
   5   0.026    9  4.44e-03    600    0.3077
   6   0.024    9  1.84e-04    700    0.3462
   7   0.030    8  5.00e-04    700    0.3846
   8   0.027    8  2.04e-04    700    0.3846
   9   0.020   11  5.00e-04   1000    0.4231
  10   0.018   13  7.79e-04    750    0.4231

=== MEJOR COMBINACIÓN ===
  ath:            0.0300
  hessian_delay:  1000
  regularization: 5.0000e-04
  best_er:        0.1538
  n_layers:       8
