# Trial 1: ath=0.0200  reg=5.00e-04  hd=700  L=11  best_er=0.2692
iter,loss,error_rate
1,4.8044355249409465,0.6538461538461539
2,4.48523470043822,0.6538461538461539
3,3.4220586050793,0.7692307692307693
4,3.395025413597846,0.7692307692307693
5,4.055659437881179,0.6153846153846154
6,3.443472787265336,0.6923076923076923
7,4.097805442169882,0.6923076923076923
8,4.884608257456876,0.8076923076923077
9,3.7675970214373993,0.6538461538461539
10,4.275242681905894,0.7307692307692307
11,4.48785505008686,0.8076923076923077
12,4.255901816169999,0.8076923076923077
13,3.8164825662558783,0.6923076923076923
14,3.6750307409674474,0.6153846153846154
15,3.439081029745701,0.6153846153846154
16,3.7891257953044835,0.7692307692307693
17,3.6848707333032915,0.7307692307692307
18,3.938764309061869,0.6923076923076923
19,3.2055107091599115,0.7307692307692307
20,3.058168416838768,0.8076923076923077
21,3.3066410046394106,0.6923076923076923
22,3.353923802866576,0.7692307692307693
23,3.524271296180896,0.7692307692307693
24,3.9504253616666327,0.6923076923076923
25,3.8309450987413056,0.7307692307692307
26,4.775823599201247,0.7307692307692307
27,3.329531949582001,0.5769230769230769
28,4.3362434133174155,0.7692307692307693
29,4.749585994497911,0.6153846153846154
30,4.447343722691833,0.5769230769230769
31,3.318733502447071,0.6153846153846154
32,4.183348350400335,0.5769230769230769
33,3.5350119491733247,0.5769230769230769
34,3.530639031201826,0.6153846153846154
35,3.220043007383872,0.5384615384615384
36,3.2288857775176565,0.6153846153846154
37,2.6376474180598883,0.5384615384615384
38,2.3846960726764395,0.5769230769230769
39,2.0669417491270483,0.6153846153846154
40,2.620018044292533,0.6538461538461539
41,3.1015699125665117,0.6923076923076923
42,2.1982659605882033,0.6153846153846154
43,3.1114612645016106,0.6923076923076923
44,2.262590780987522,0.5769230769230769
45,2.6258000085371815,0.5769230769230769
46,2.5116953505868427,0.6153846153846154
47,2.665954899000739,0.7307692307692307
48,1.594864821228303,0.6538461538461539
49,3.967975738232978,0.6538461538461539
50,2.6651986918038935,0.6538461538461539
51,2.541967363754627,0.6538461538461539
52,2.3611425775570845,0.5769230769230769
53,1.664263119442576,0.5769230769230769
54,1.5981894775590022,0.6923076923076923
55,2.041253772750942,0.7307692307692307
56,1.45768065425912,0.6538461538461539
57,2.027928183707492,0.6153846153846154
58,1.6708581696224696,0.5769230769230769
59,1.449132157958652,0.5769230769230769
60,1.5238461741536873,0.5769230769230769
61,1.4659078669845105,0.5769230769230769
62,1.3932591809675832,0.6538461538461539
63,1.6296192974690944,0.6153846153846154
64,1.2668493145033346,0.6153846153846154
65,1.5964774045959218,0.5384615384615384
66,1.267773583355555,0.6153846153846154
67,1.5102046907242876,0.6153846153846154
68,1.0233961954305384,0.6153846153846154
69,1.033455694669318,0.6153846153846154
70,1.2115240664832352,0.5384615384615384
71,1.46418010606606,0.6923076923076923
72,2.5685779497070005,0.5769230769230769
73,1.7455823757399385,0.5769230769230769
74,1.728360957795156,0.6153846153846154
75,1.680917298978145,0.6153846153846154
76,1.5724080255826314,0.6923076923076923
77,2.1488950261468793,0.6538461538461539
78,1.4477307157217152,0.5384615384615384
79,1.3754591021217735,0.6153846153846154
80,1.4007186916910244,0.6923076923076923
81,1.9754532564366762,0.6538461538461539
82,1.4947097311884963,0.6153846153846154
83,1.4988753440239626,0.6538461538461539
84,1.485621355338477,0.6538461538461539
85,1.283770916231758,0.6153846153846154
86,1.4955870278340866,0.6538461538461539
87,1.1541437853517498,0.6538461538461539
88,1.4889140134668897,0.6923076923076923
89,1.3746945855564006,0.6153846153846154
90,1.4984014688602572,0.6538461538461539
91,1.4839877067153178,0.6923076923076923
92,1.3298618698404012,0.6538461538461539
93,1.382799663382757,0.6538461538461539
94,1.420665221754554,0.6538461538461539
95,1.402117421316941,0.6923076923076923
96,1.036968219756829,0.6538461538461539
97,1.1147597074795952,0.6923076923076923
98,1.2545288559340242,0.6923076923076923
99,1.1917822003731589,0.6153846153846154
100,1.4779085792585236,0.6923076923076923
101,1.4848324690399983,0.6538461538461539
102,1.6540671879018016,0.6923076923076923
103,1.4515387875122916,0.7692307692307693
104,1.207490005432958,0.6923076923076923
105,1.340936241854251,0.6923076923076923
106,1.5279065772233,0.6153846153846154
107,1.6480016135397708,0.6923076923076923
108,1.698680243907154,0.6538461538461539
109,1.3551633093037312,0.6923076923076923
110,1.3408053529725215,0.6923076923076923
111,1.615227075321219,0.6153846153846154
112,1.6098485960858802,0.6538461538461539
113,1.6537885347060355,0.7307692307692307
114,1.5817121528352462,0.6153846153846154
115,1.2795444807151064,0.6153846153846154
116,1.5168061142448894,0.6538461538461539
117,1.4918811456455168,0.6153846153846154
118,1.6358871761253773,0.6153846153846154
119,1.433591674556387,0.7307692307692307
120,1.3667775891117975,0.5769230769230769
121,1.223846409869565,0.6923076923076923
122,1.6436096132294309,0.6153846153846154
123,1.170667592486382,0.6153846153846154
124,1.4589501997939234,0.6153846153846154
125,1.2990092961499875,0.7692307692307693
126,1.14685648110722,0.7307692307692307
127,1.186584972873694,0.7307692307692307
128,1.2154045136151548,0.6923076923076923
129,1.325989360955938,0.6923076923076923
130,1.4029596552572183,0.7307692307692307
131,0.9370196490928118,0.7692307692307693
132,1.376240713157452,0.6923076923076923
133,1.2649833437264286,0.7307692307692307
134,1.115157851284092,0.6923076923076923
135,1.1411483350297074,0.6538461538461539
136,1.1624636295558304,0.6538461538461539
137,1.1403406964246194,0.5769230769230769
138,1.2592407074782521,0.6923076923076923
139,1.2576669310805988,0.6153846153846154
140,1.0126232922958995,0.6153846153846154
141,1.0342539464587244,0.6153846153846154
142,1.0191830923860516,0.5769230769230769
143,1.269707234015467,0.6153846153846154
144,1.2350143886082234,0.6153846153846154
145,1.3122652402537116,0.6153846153846154
146,1.1337108379989993,0.6923076923076923
147,1.2827610747786071,0.6153846153846154
148,1.3709307402394812,0.6538461538461539
149,1.0732743943735414,0.5769230769230769
150,1.3560900079239708,0.5769230769230769
151,1.2774167463586301,0.6538461538461539
152,1.0737100421152928,0.5769230769230769
153,1.3086179616814708,0.6538461538461539
154,1.5369536819912333,0.6923076923076923
155,1.389257641541222,0.6923076923076923
156,1.389988842523743,0.6153846153846154
157,1.3172899847121937,0.7307692307692307
158,1.3290933523480697,0.6923076923076923
159,1.0790375070732088,0.7307692307692307
160,1.2329519599652445,0.6538461538461539
161,1.1859761385780936,0.6153846153846154
162,1.3808761108206347,0.6538461538461539
163,1.07198546335857,0.6923076923076923
164,1.0747080668079931,0.6538461538461539
165,1.2481865656115692,0.6153846153846154
166,1.1885387847288627,0.6153846153846154
167,1.2650701167674079,0.6538461538461539
168,1.1142044785784653,0.6153846153846154
169,0.9456148639479198,0.5769230769230769
170,1.1039542278152377,0.6538461538461539
171,1.0400253798036658,0.5769230769230769
172,1.1171840201027208,0.5769230769230769
173,0.99816970229729,0.5769230769230769
174,1.2518035738944495,0.6153846153846154
175,1.169366355245868,0.6538461538461539
176,1.2603595499797717,0.6153846153846154
177,1.1850091651523686,0.6153846153846154
178,1.385864034210328,0.6923076923076923
179,1.1478354188779143,0.5769230769230769
180,1.1695767852966097,0.7307692307692307
181,1.3208080483136362,0.6538461538461539
182,1.2710625996478289,0.5769230769230769
183,1.1696017728562595,0.7307692307692307
184,1.3515962410670457,0.5384615384615384
185,1.0511927524246083,0.5769230769230769
186,1.186985869614829,0.6538461538461539
187,1.3804837971084827,0.6153846153846154
188,1.422434709532991,0.5384615384615384
189,1.2497170887979197,0.5769230769230769
190,1.1820275516544223,0.6923076923076923
191,1.1260036687518262,0.6538461538461539
192,0.95823285370559,0.6923076923076923
193,1.1479354753101139,0.7692307692307693
194,1.3682118150943055,0.6923076923076923
195,1.1922130472915113,0.6538461538461539
196,1.142580497252995,0.6923076923076923
197,1.026466396078058,0.6923076923076923
198,1.3139708548038938,0.6153846153846154
199,1.0572444934701677,0.6538461538461539
200,0.960874320490761,0.5769230769230769
201,1.0915668084580812,0.7307692307692307
202,0.815454993345162,0.5769230769230769
203,1.1277246914792642,0.7692307692307693
204,1.2142772315130954,0.6538461538461539
205,1.0983923281074746,0.7307692307692307
206,1.0852626156675838,0.6923076923076923
207,1.12699621231741,0.6923076923076923
208,1.0798419149198861,0.7307692307692307
209,1.0955513854219436,0.6538461538461539
210,0.9396419692499207,0.6153846153846154
211,1.144443659890896,0.6538461538461539
212,0.9794868057786941,0.6538461538461539
213,0.8487490112472473,0.6153846153846154
214,0.9738379911979052,0.6153846153846154
215,1.0139249255504956,0.5384615384615384
216,0.9643894819990488,0.5384615384615384
217,0.9090779554697543,0.6153846153846154
218,1.0249065916556264,0.7307692307692307
219,0.9680113288746965,0.6923076923076923
220,1.070015063141648,0.6153846153846154
221,1.121814975066202,0.6538461538461539
222,1.2214477816332736,0.5769230769230769
223,1.163782084288905,0.6153846153846154
224,1.2277047746719554,0.6923076923076923
225,1.0187335749644086,0.6153846153846154
226,1.1075068364874405,0.5769230769230769
227,0.8763424832893274,0.6538461538461539
228,1.2044940134035547,0.6923076923076923
229,1.221760846134,0.6538461538461539
230,1.1476964611437528,0.5
231,1.1749656070215444,0.6153846153846154
232,1.1389148788201107,0.5384615384615384
233,0.9500092902760895,0.5769230769230769
234,1.1728870610485171,0.6538461538461539
235,0.8473216297178792,0.6538461538461539
236,0.9391405369662991,0.5769230769230769
237,0.9555610689706944,0.5769230769230769
238,0.941317554860333,0.5384615384615384
239,0.6857183113162009,0.5769230769230769
240,1.0142836773478203,0.6153846153846154
241,0.9256063826383647,0.5384615384615384
242,0.7638207683088329,0.5769230769230769
243,0.7618740556943955,0.5384615384615384
244,0.7521347956481983,0.6538461538461539
245,0.8362016421014551,0.5769230769230769
246,0.8520762414969796,0.5384615384615384
247,0.7456021708814418,0.5769230769230769
248,0.8846026639471685,0.6538461538461539
249,0.7382388040923127,0.5769230769230769
250,0.6012635752360467,0.6538461538461539
251,0.7481065466951962,0.5384615384615384
252,0.808482581934383,0.6538461538461539
253,0.7243472851530277,0.5769230769230769
254,0.648987091901077,0.5384615384615384
255,0.6865529957618719,0.5769230769230769
256,0.635118122151078,0.6538461538461539
257,0.7833890753785653,0.6153846153846154
258,0.8777995156631779,0.6153846153846154
259,0.6249776163002165,0.6538461538461539
260,0.7046438025386297,0.4230769230769231
261,0.7356288847735084,0.6538461538461539
262,0.5646396136530054,0.5769230769230769
263,0.6994950986503699,0.5769230769230769
264,0.6904453115400973,0.5769230769230769
265,0.9277940789052117,0.6538461538461539
266,0.9115716566726091,0.6153846153846154
267,0.794035342291854,0.5769230769230769
268,0.7152606820129215,0.5
269,0.7623734333942216,0.5769230769230769
270,0.5526097106398851,0.5384615384615384
271,0.7676555562279326,0.6153846153846154
272,0.7181455901441423,0.5769230769230769
273,0.8313692968611677,0.38461538461538464
274,0.5976427806160807,0.6153846153846154
275,0.7224222508346272,0.46153846153846156
276,0.5952203644896485,0.5
277,0.9755191956076699,0.46153846153846156
278,0.668953477726026,0.5769230769230769
279,0.6666967600838833,0.5
280,0.6734162747634502,0.46153846153846156
281,0.5115941469537049,0.38461538461538464
282,0.7438060405934603,0.5
283,0.5528325029065626,0.4230769230769231
284,0.6168832286356984,0.5
285,0.6990630084684932,0.6538461538461539
286,0.6850297434888537,0.46153846153846156
287,0.6806565404387985,0.5384615384615384
288,0.628737835504523,0.5
289,0.5808969906627404,0.6153846153846154
290,0.7312311899817692,0.46153846153846156
291,0.6066214101165226,0.5
292,0.7445873285322633,0.5
293,0.7630476600538527,0.46153846153846156
294,1.7745254709783462,0.34615384615384615
295,0.7245895449922664,0.5384615384615384
296,0.7079932759827909,0.5384615384615384
297,0.6693940014748296,0.5384615384615384
298,0.5379224444944319,0.5
299,0.7269625942859244,0.5384615384615384
300,0.7334088890420345,0.5384615384615384
301,0.6937196462205057,0.5384615384615384
302,0.6617390759832538,0.5384615384615384
303,0.8181748725285467,0.5
304,0.7510754752855817,0.6538461538461539
305,0.8181930384877099,0.6153846153846154
306,0.8583813498937123,0.5
307,0.9209828361347139,0.4230769230769231
308,0.6122314818170222,0.5384615384615384
309,0.7490897408455148,0.46153846153846156
310,0.7005845740459127,0.5769230769230769
311,0.7652664298252403,0.4230769230769231
312,1.8514363855088027,0.46153846153846156
313,0.7497273030468432,0.5
314,0.7200775296604567,0.5769230769230769
315,0.6467321760766578,0.5384615384615384
316,0.8000847408292868,0.6538461538461539
317,0.8527016531191052,0.5769230769230769
318,0.7608310780410221,0.6153846153846154
319,0.6121474638724007,0.5769230769230769
320,0.7577203526428073,0.5769230769230769
321,0.6814263019215367,0.5769230769230769
322,0.6974526931163587,0.5769230769230769
323,0.7464088256285804,0.5384615384615384
324,0.6985552180926047,0.46153846153846156
325,0.7128246652667367,0.6538461538461539
326,0.7527969844250291,0.5384615384615384
327,0.6824009705120031,0.6538461538461539
328,0.7825728698027188,0.5
329,0.6365832067299007,0.4230769230769231
330,0.8479162200166241,0.6538461538461539
331,0.8231830667167075,0.5
332,0.861454344264708,0.5
333,0.7123356550025779,0.46153846153846156
334,0.8969060195923175,0.6153846153846154
335,0.7267686961146675,0.46153846153846156
336,1.8986241523290222,0.46153846153846156
337,0.7508446610564632,0.5384615384615384
338,0.6144421000624605,0.5384615384615384
339,0.5496718183577185,0.5
340,0.5785382878164924,0.38461538461538464
341,0.8541825569580457,0.4230769230769231
342,0.588722732211294,0.5
343,0.49999639678796104,0.4230769230769231
344,0.6107076704192309,0.4230769230769231
345,0.5591129879764636,0.4230769230769231
346,0.638907386628703,0.5
347,0.7096156328043408,0.5
348,0.6628767905957611,0.5384615384615384
349,0.8520692609883485,0.38461538461538464
350,0.5762762261680918,0.4230769230769231
351,0.7836053569954551,0.46153846153846156
352,0.5981450721293449,0.4230769230769231
353,0.6365819411856237,0.38461538461538464
354,0.5980858880478515,0.4230769230769231
355,0.5992205714869394,0.5
356,0.5726694042312874,0.46153846153846156
357,0.6979430011482615,0.5384615384615384
358,0.6758259395282793,0.5384615384615384
359,0.5925941542418434,0.46153846153846156
360,0.59141598893184,0.4230769230769231
361,0.6529985130489298,0.46153846153846156
362,0.6866460566756865,0.4230769230769231
363,0.6031232249197731,0.38461538461538464
364,0.5873300676362603,0.4230769230769231
365,0.7189291589751448,0.5
366,0.5774225313308037,0.46153846153846156
367,0.5429627845914,0.4230769230769231
368,1.7799053763085437,0.4230769230769231
369,0.6414761325663747,0.4230769230769231
370,0.6271867932146371,0.46153846153846156
371,0.619946332676486,0.38461538461538464
372,0.5949412376803345,0.38461538461538464
373,0.5341746413090598,0.4230769230769231
374,0.6011279181692473,0.38461538461538464
375,0.5560226634698218,0.4230769230769231
376,0.7027833065632763,0.4230769230769231
377,0.5742890289563092,0.38461538461538464
378,0.5024530073271731,0.46153846153846156
379,0.47680040716132055,0.34615384615384615
380,0.6498547758749478,0.4230769230769231
381,0.6695284576024867,0.46153846153846156
382,0.721655729491256,0.4230769230769231
383,0.49100755488263603,0.5
384,0.6632346450791387,0.4230769230769231
385,0.5988041035126219,0.5384615384615384
386,1.6708618861473945,0.46153846153846156
387,0.7746534455110163,0.38461538461538464
388,0.6658121014124885,0.46153846153846156
389,1.734302317155609,0.46153846153846156
390,0.6903120116973631,0.46153846153846156
391,0.6332544590269111,0.5
392,0.919272685881066,0.4230769230769231
393,0.6960283302622865,0.5
394,0.5620969187476468,0.5
395,0.7171508251385439,0.5
396,1.7115728120484652,0.5
397,0.6707356616081621,0.5384615384615384
398,0.7282366554442765,0.5384615384615384
399,0.6537962134265594,0.5384615384615384
400,1.8935787501644854,0.46153846153846156
401,0.6844410185513752,0.5384615384615384
402,0.5799735786652764,0.5
403,0.7495118535865188,0.46153846153846156
404,0.7747227437611719,0.4230769230769231
405,0.6691926628005951,0.5
406,0.703693295972764,0.38461538461538464
407,0.5354929539807016,0.5384615384615384
408,0.5043019336379468,0.5
409,0.5802799530309231,0.5384615384615384
410,0.6750712433078601,0.5
411,1.6744167975084863,0.5769230769230769
412,1.7734020983166174,0.5
413,0.7468278493266416,0.5384615384615384
414,0.6018433353585224,0.5
415,1.3829921518962802,0.5384615384615384
416,0.5585095101434141,0.5
417,0.5755522220976723,0.4230769230769231
418,0.49086811176389844,0.5769230769230769
419,0.5640283500333432,0.5384615384615384
420,0.46380835913598517,0.5384615384615384
421,1.628343317702063,0.5
422,1.6003551297447753,0.46153846153846156
423,0.5562690090246445,0.46153846153846156
424,1.5330916099105951,0.4230769230769231
425,1.5880603387986456,0.5384615384615384
426,0.5244498247539635,0.5
427,0.588759506774482,0.46153846153846156
428,1.5445945759757498,0.5384615384615384
429,0.6392876228849413,0.5
430,0.5614551948367255,0.5769230769230769
431,0.7160099952841268,0.5
432,0.766187453121157,0.46153846153846156
433,0.5637952975421836,0.5384615384615384
434,0.5765048484459361,0.5
435,0.6349756883343698,0.5384615384615384
436,0.5278050711755773,0.5384615384615384
437,0.5894065838561477,0.5
438,1.5411368506360241,0.4230769230769231
439,0.5701605211693495,0.5
440,0.6009929996441454,0.5384615384615384
441,0.7458372632532662,0.5384615384615384
442,0.6370429390898229,0.4230769230769231
443,0.6592145620005319,0.5384615384615384
444,1.5400384071960476,0.46153846153846156
445,0.5832640411431478,0.46153846153846156
446,1.6947919594689962,0.5384615384615384
447,0.7037096463470225,0.46153846153846156
448,0.7676362000318675,0.5
449,0.7749309599909382,0.5
450,0.5820798415489628,0.46153846153846156
451,0.6332228438435914,0.5
452,1.5445924734330396,0.46153846153846156
453,0.6172826290033644,0.5
454,0.5764506425596805,0.5384615384615384
455,0.5726199116539723,0.38461538461538464
456,0.6154032687882491,0.46153846153846156
457,0.6279003440857855,0.5769230769230769
458,0.6381887241938999,0.4230769230769231
459,0.4069362459499972,0.46153846153846156
460,0.5132287007125549,0.4230769230769231
461,0.599516138883915,0.46153846153846156
462,0.4088811179423728,0.46153846153846156
463,0.411657577728759,0.5
464,0.49557750269526535,0.46153846153846156
465,0.39232295318160704,0.38461538461538464
466,1.4757940125180173,0.46153846153846156
467,0.4576828492653573,0.4230769230769231
468,0.4223176226632388,0.46153846153846156
469,0.4335083177749355,0.4230769230769231
470,1.3031932005700915,0.5384615384615384
471,1.4733286144808204,0.5
472,0.3205854385608524,0.46153846153846156
473,0.44971617994665003,0.34615384615384615
474,1.5888578251804386,0.4230769230769231
475,0.2765941039362385,0.46153846153846156
476,0.4755369893912249,0.38461538461538464
477,0.3119590983395413,0.38461538461538464
478,0.3074246662938065,0.4230769230769231
479,0.5019299223005116,0.46153846153846156
480,0.28363614841149287,0.4230769230769231
481,0.2555179453264169,0.38461538461538464
482,1.3995289542202705,0.4230769230769231
483,0.4051523883440029,0.46153846153846156
484,0.5239371640805084,0.5
485,0.3756545600790844,0.4230769230769231
486,0.3617736532151352,0.5
487,0.21250691062336813,0.46153846153846156
488,0.5001611087723119,0.46153846153846156
489,0.3224579313827056,0.38461538461538464
490,0.2309653965369889,0.46153846153846156
491,0.30036412199058304,0.4230769230769231
492,1.4724320857518451,0.38461538461538464
493,0.4207291851322781,0.46153846153846156
494,0.377199822199382,0.3076923076923077
495,0.6084889609208854,0.4230769230769231
496,0.6014280816776427,0.5
497,0.31647547029507583,0.38461538461538464
498,0.34851438779504296,0.4230769230769231
499,0.3967368761518757,0.4230769230769231
500,0.4168659161721169,0.38461538461538464
501,0.4644829164488238,0.4230769230769231
502,0.34411201118057644,0.34615384615384615
503,0.03466782147212388,0.3076923076923077
504,0.319851275918726,0.4230769230769231
505,0.17590708515615416,0.46153846153846156
506,0.19460623977246305,0.38461538461538464
507,0.3656512146986639,0.46153846153846156
508,0.3279738032317323,0.34615384615384615
509,0.29055519131768914,0.4230769230769231
510,0.21958062841129244,0.38461538461538464
511,0.31629173539324285,0.38461538461538464
512,0.3897221581730723,0.46153846153846156
513,0.40741801788517185,0.4230769230769231
514,0.3689588467996523,0.38461538461538464
515,0.3342481005713269,0.3076923076923077
516,0.26332277883088073,0.38461538461538464
517,0.22622221545036947,0.34615384615384615
518,0.27879401259002234,0.4230769230769231
519,0.14477547146463898,0.4230769230769231
520,0.13231689992712647,0.34615384615384615
521,0.29074711806918563,0.2692307692307692
522,0.09233029048517949,0.38461538461538464
523,0.13575748755122508,0.38461538461538464
524,0.11715979075244265,0.4230769230769231
525,0.16322256683026115,0.3076923076923077
526,0.08745909551660835,0.2692307692307692
527,0.14162825854131444,0.34615384615384615
528,0.21772334533015547,0.34615384615384615
529,0.24272975754327897,0.38461538461538464
530,0.20859299820243704,0.34615384615384615
531,0.18213063919759565,0.38461538461538464
532,0.04304333596893617,0.38461538461538464
533,0.18646240932127212,0.34615384615384615
534,0.08447567380390275,0.4230769230769231
535,0.0056724575833473345,0.3076923076923077
536,0.06753387931503907,0.34615384615384615
537,0.1571987751074646,0.34615384615384615
538,0.07953375836085685,0.34615384615384615
539,0.06202641973120393,0.3076923076923077
540,0.014883496503374616,0.3076923076923077
541,0.14426450433367766,0.38461538461538464
542,0.14080395886150665,0.34615384615384615
543,0.1826888603453547,0.38461538461538464
544,0.15181759202147838,0.38461538461538464
545,0.08956651793928394,0.34615384615384615
546,0.061673939292334,0.34615384615384615
547,0.07615950649694403,0.3076923076923077
548,0.08696138455001279,0.2692307692307692
549,0.14071537226863162,0.34615384615384615
550,0.06985230857381763,0.38461538461538464
551,0.07176398140861728,0.3076923076923077
552,0.06397701287826729,0.3076923076923077
553,0.12264684162120609,0.34615384615384615
554,0.042599052244876034,0.3076923076923077
555,0.06156693848530237,0.34615384615384615
556,0.1887725775457576,0.3076923076923077
557,0.09907743735839025,0.2692307692307692
558,0.2009179427414809,0.34615384615384615
559,0.09453458493504474,0.3076923076923077
560,0.03101585954097219,0.34615384615384615
561,0.05447168455839968,0.34615384615384615
562,0.1178737021388172,0.38461538461538464
563,0.10892329139592105,0.3076923076923077
564,-0.0015159914095228544,0.4230769230769231
565,0.11483652996509708,0.4230769230769231
566,0.12462923085118316,0.3076923076923077
567,0.16622696148956395,0.4230769230769231
568,0.03683307396184565,0.38461538461538464
569,0.04356188400162342,0.46153846153846156
570,0.04423508813806398,0.38461538461538464
571,0.11354380552435117,0.38461538461538464
572,0.06525573377980054,0.34615384615384615
573,0.039366374808329496,0.34615384615384615
574,0.035651113660817746,0.34615384615384615
575,0.1917517375812423,0.34615384615384615
576,0.08108894025186286,0.38461538461538464
577,0.18333400635299668,0.38461538461538464
578,0.06813435257106804,0.2692307692307692
579,0.03244761500472926,0.38461538461538464
580,0.06386101879989114,0.3076923076923077
581,0.07494823642089443,0.3076923076923077
582,0.11658495434787852,0.3076923076923077
583,0.0963892493138716,0.38461538461538464
584,0.0709048257984608,0.46153846153846156
585,0.0088026724013206,0.2692307692307692
586,0.06094644451900599,0.4230769230769231
587,0.06169065075179869,0.34615384615384615
588,0.06130010916350459,0.4230769230769231
589,0.13163038304587316,0.3076923076923077
590,0.09038753870093741,0.38461538461538464
591,-0.019343700162971267,0.34615384615384615
592,-0.0057113278982416915,0.38461538461538464
593,0.005905568462613697,0.34615384615384615
594,0.10849272187062153,0.2692307692307692
595,0.0227671178007518,0.4230769230769231
596,-0.01708569045552455,0.4230769230769231
597,0.03046668866961877,0.4230769230769231
598,-0.03459367122465329,0.4230769230769231
599,0.1278436891703496,0.5
600,0.18836177632493856,0.46153846153846156
601,0.09540665415090377,0.4230769230769231
602,0.13939796715310226,0.46153846153846156
603,0.04849911670626783,0.38461538461538464
604,0.09258978997565981,0.34615384615384615
605,0.03652385957737314,0.4230769230769231
606,0.16693421440644451,0.34615384615384615
607,-0.006858003996820017,0.38461538461538464
608,0.20621033199301442,0.3076923076923077
609,0.10833611511173746,0.46153846153846156
610,0.08727536658286361,0.4230769230769231
611,0.08855758480898013,0.34615384615384615
612,-0.012006157651993199,0.34615384615384615
613,0.16588719300445254,0.4230769230769231
614,0.13496714495011508,0.38461538461538464
615,0.05550734575310656,0.4230769230769231
616,0.1939463425707526,0.46153846153846156
617,0.11516384235944699,0.2692307692307692
618,0.0617527004694054,0.34615384615384615
619,0.26276467234135614,0.46153846153846156
620,0.13049824425035483,0.34615384615384615
621,0.20297155035257575,0.38461538461538464
622,0.19139625396907878,0.38461538461538464
623,0.12981669387916916,0.46153846153846156
624,0.25874255396035695,0.46153846153846156
625,0.24813989071560094,0.46153846153846156
626,0.19787429211384477,0.38461538461538464
627,0.04770707400733043,0.46153846153846156
628,0.060041361116789815,0.4230769230769231
629,0.15557874632784907,0.4230769230769231
630,0.015656415706398974,0.46153846153846156
631,0.051555293015932424,0.4230769230769231
632,0.040446389531163085,0.46153846153846156
633,0.026761697771418014,0.2692307692307692
634,0.07033716329009465,0.46153846153846156
635,0.13327512077437875,0.38461538461538464
636,0.06701897764992015,0.3076923076923077
637,0.044181133524964,0.38461538461538464
638,0.05181556264856768,0.4230769230769231
639,0.0840687232709092,0.38461538461538464
640,0.02793906925840206,0.5384615384615384
641,0.030513459904617957,0.34615384615384615
642,0.07415374378806217,0.38461538461538464
643,0.20414154773498705,0.38461538461538464
644,0.10781326644430589,0.34615384615384615
645,0.2093600775169211,0.4230769230769231
646,0.13098784163057475,0.2692307692307692
647,0.02982007916963969,0.38461538461538464
648,0.050173881486605953,0.38461538461538464
649,-0.09039061126688752,0.46153846153846156
650,0.1179208251289654,0.4230769230769231
651,0.017389124736712613,0.4230769230769231
652,-0.01650243285763553,0.38461538461538464
653,0.16903411514138433,0.34615384615384615
654,0.019723093526017976,0.38461538461538464
655,0.1549656819047236,0.46153846153846156
656,0.06028210753333463,0.3076923076923077
657,0.07118683710261386,0.38461538461538464
658,0.15353044383828696,0.46153846153846156
659,0.12574721969071057,0.46153846153846156
660,0.1575293933516395,0.4230769230769231
661,0.10469256411937788,0.5
662,-0.043019665831557585,0.38461538461538464
663,0.16665642208171638,0.46153846153846156
664,0.19290445485982,0.5
665,0.15217608177562303,0.46153846153846156
666,0.0005014075450815447,0.4230769230769231
667,0.07802105697778572,0.38461538461538464
668,0.11752812940029989,0.5
669,0.2240845495760766,0.4230769230769231
670,0.09304614304657255,0.34615384615384615
671,0.07312063667855995,0.38461538461538464
672,0.10306133524562133,0.4230769230769231
673,0.08399415942188782,0.38461538461538464
674,0.05494976611138158,0.4230769230769231
675,0.12646073981261896,0.38461538461538464
676,0.07082735950310992,0.4230769230769231
677,0.09388790029994976,0.5
678,0.042200436463111224,0.4230769230769231
679,0.08717997722935245,0.5
680,0.010490535787143429,0.38461538461538464
681,0.07436868736724289,0.46153846153846156
682,0.13327825713740893,0.34615384615384615
683,0.005465559940205367,0.38461538461538464
684,0.005209685320548552,0.4230769230769231
685,0.06500646361279028,0.4230769230769231
686,0.02097838403339569,0.4230769230769231
687,-0.012952216013640161,0.4230769230769231
688,-0.013999864090305625,0.46153846153846156
689,0.016280783379374775,0.4230769230769231
690,0.06075577996090775,0.34615384615384615
691,-0.006495953123383025,0.4230769230769231
692,-0.01963488471890118,0.34615384615384615
693,0.05097222239468158,0.34615384615384615
694,0.036536774645415715,0.4230769230769231
695,-0.014098612683314915,0.34615384615384615
696,-0.06330324576777713,0.38461538461538464
697,0.06824188914155283,0.46153846153846156
698,0.032743331275847165,0.4230769230769231
699,0.07369233458291324,0.38461538461538464
700,0.0517100739546521,0.4230769230769231
701,-0.07019215406173807,0.4230769230769231
702,2.5095074122288086,0.6538461538461539
703,0.04383221893849365,0.46153846153846156
704,4.4706465004021965,0.8461538461538461
705,0.0909906151994524,0.2692307692307692
706,3.8267972564625152,0.8076923076923077
707,4.723997427398197,0.6923076923076923
708,0.187038527541878,0.46153846153846156
709,-0.11598879130501194,0.38461538461538464
710,0.007389288201328448,0.38461538461538464
711,-0.035729848267656905,0.38461538461538464
712,0.3822636764927694,0.46153846153846156
713,5.01881940952824,0.5769230769230769
714,0.5404134837743424,0.5
715,2.6880692485241497,0.7307692307692307
716,0.37351871032010475,0.5
717,1.1898988527427283,0.5384615384615384
718,2.131335088553789,0.5384615384615384
719,1.1598224348730506,0.5384615384615384
720,3.606391959593996,0.9230769230769231
721,0.42408541201705363,0.4230769230769231
722,0.40123934901281366,0.5
723,0.3174137414228353,0.46153846153846156
724,4.02293601018176,0.8076923076923077
725,3.8538027372885257,0.8076923076923077
726,2.641906249765368,0.6923076923076923
727,0.4092899715229752,0.5384615384615384
728,4.120372194674896,0.9615384615384616
729,4.9945594252590215,0.7692307692307693
730,3.826403494029505,1.0
731,4.604563646777767,0.7692307692307693
732,2.8412086466464355,0.6538461538461539
733,0.2889147129449312,0.6153846153846154
734,0.5387906978800805,0.5384615384615384
735,4.3357820214347385,0.5769230769230769
736,3.1972714476682587,0.6153846153846154
737,1.6662809820586943,0.5769230769230769
738,1.212860916722191,0.5384615384615384
739,5.816570143470587,0.8846153846153846
740,2.282455971198189,0.5769230769230769
741,4.519915480303515,0.9615384615384616
742,4.3103351105681895,0.9230769230769231
743,4.720310417074987,0.6538461538461539
744,4.589614851146587,0.8461538461538461
745,3.791377428400292,0.6923076923076923
746,1.8689391451836441,0.6153846153846154
747,2.976981593292825,0.6153846153846154
748,2.1034106973873143,0.5769230769230769
749,4.639756095671103,0.8846153846153846
750,3.6545610251606515,0.6153846153846154
751,4.309071741770256,0.7307692307692307
752,5.08364963045672,0.8076923076923077
753,4.214229071590246,0.9230769230769231
754,2.9610579197273372,0.5769230769230769
755,3.367135464535495,0.6153846153846154
756,2.4849874510411616,0.5769230769230769
757,3.909591309118745,0.6923076923076923
758,4.307365997885164,0.9230769230769231
759,3.3120464751166883,0.6923076923076923
760,4.4007586498159155,1.0
761,5.602260882515411,0.8461538461538461
762,3.927059922806996,0.6923076923076923
763,5.129523410498314,0.8461538461538461
764,3.4319332834027843,0.8076923076923077
765,3.9018517979770397,0.8846153846153846
766,3.212244494033349,0.8846153846153846
767,3.0944190725767,0.8076923076923077
768,2.555962958483046,0.9230769230769231
769,3.4386672689551174,0.8461538461538461
770,4.464572711378409,0.9230769230769231
771,2.7285962917916877,0.8461538461538461
772,4.168571430607841,0.7307692307692307
773,5.367803435866857,0.8846153846153846
774,2.866356765643203,0.8461538461538461
775,4.022502441597664,0.9230769230769231
776,4.25621870857414,0.8846153846153846
777,3.8592457976056282,0.8846153846153846
778,4.408895689124105,0.8076923076923077
779,3.1053899957482973,0.9230769230769231
780,4.0575153306807765,0.8076923076923077
781,3.1768992033566206,0.8461538461538461
782,2.6963620863879014,0.7307692307692307
783,4.962978848431494,0.9615384615384616
784,4.970864487806918,0.9615384615384616
785,3.1395230622303663,0.7692307692307693
786,3.751847085132301,0.7692307692307693
787,3.1909182481039298,0.6923076923076923
788,3.6230325897024698,0.6538461538461539
789,4.107147339858994,0.8846153846153846
790,4.217789747410433,0.7307692307692307
791,4.338547437901896,0.8461538461538461
792,3.5885785873534797,0.8846153846153846
793,3.9305295557436017,0.8846153846153846
794,3.6625029298778573,0.8076923076923077
795,4.306888263277227,0.9615384615384616
796,4.079318744244871,0.8076923076923077
797,4.568607482627517,0.8076923076923077
798,4.252022318851427,0.7692307692307693
799,5.054055744273151,0.8846153846153846
800,3.9890851904002314,0.9230769230769231
801,5.946757243820372,0.9230769230769231
802,4.595004633653726,0.7692307692307693
803,4.457327590252914,0.6923076923076923
804,3.9327167770580083,0.8076923076923077
805,4.125481470266813,0.8846153846153846
806,4.086679777067331,0.9230769230769231
807,5.269016542771742,0.8076923076923077
808,3.9521421407087254,0.9230769230769231
809,4.397538382600153,0.8846153846153846
810,4.5297402332196,0.8461538461538461
811,4.8867676919288145,0.9230769230769231
812,3.7499043008232085,0.7692307692307693
813,4.856892953128068,0.7307692307692307
814,4.079824563584434,0.8076923076923077
815,4.834936448537307,0.8076923076923077
816,4.904220662073075,0.8846153846153846
817,3.6521508510870495,0.7307692307692307
818,3.4568093258692576,0.8461538461538461
819,4.0592182000311,0.9230769230769231
820,4.533493174931647,0.9615384615384616
821,4.157066436765565,0.9615384615384616
822,4.612440437737571,0.9615384615384616
823,5.902615792107851,0.8846153846153846
824,4.583496719092925,0.9615384615384616
825,4.392758612280428,0.9615384615384616
826,4.150294515895071,0.9230769230769231
827,5.169695087355746,0.9615384615384616
828,4.18096167718697,1.0
829,4.38738832960752,1.0
830,4.742466189267232,0.9615384615384616
831,5.28308363885179,0.8461538461538461
832,5.277830012514459,0.8076923076923077
833,4.390822388224447,0.8846153846153846
834,4.639832485194188,0.8846153846153846
835,4.093301479325854,0.8461538461538461
836,4.887979730660746,0.8846153846153846
837,3.8508804975146966,0.9230769230769231
838,4.657563804276988,0.9230769230769231
839,4.166110100602889,1.0
840,4.116423811697841,0.8461538461538461
841,4.618866804857412,0.8461538461538461
842,4.211001598224921,0.8846153846153846
843,3.9662763189809698,0.8461538461538461
844,5.103130716900551,0.8461538461538461
845,4.08808092095926,0.7692307692307693
846,3.4564493494540125,0.7307692307692307
847,4.1284464471503854,0.8076923076923077
848,4.147700377271693,0.7307692307692307
849,3.8967844463191317,0.8076923076923077
850,3.9584218740595203,0.7307692307692307
851,3.7145397450660185,0.6923076923076923
852,3.634005055961565,0.6923076923076923
853,4.32456315636518,0.8846153846153846
854,4.510275276708063,0.9615384615384616
855,5.456069598208526,0.9615384615384616
856,5.650787196296297,0.9230769230769231
857,4.383684072169069,0.9230769230769231
858,5.819845605124866,0.8846153846153846
859,4.271551878551614,0.9230769230769231
860,4.110109886873616,0.9230769230769231
861,4.1713855386631025,0.8461538461538461
862,4.311420773347885,0.8461538461538461
863,4.551418950623621,0.8076923076923077
864,4.904101849430535,0.7692307692307693
865,4.26674407978935,0.8846153846153846
866,4.514539659845971,0.8461538461538461
867,3.9098202020805624,0.8461538461538461
868,4.121786253765396,0.8076923076923077
869,4.888047054437225,0.8076923076923077
870,4.535894487062979,0.6923076923076923
871,3.8635103282802263,0.8076923076923077
872,4.02709600631328,0.8461538461538461
873,3.1143412792798717,0.7692307692307693
874,3.4711064779172753,0.6923076923076923
875,4.038294671115397,0.9615384615384616
876,4.179084284209449,0.8461538461538461
877,4.6877297022043125,0.8461538461538461
878,4.673352175283059,0.9615384615384616
879,4.3855490659201575,0.8846153846153846
880,3.7172442822587253,0.9230769230769231
881,4.550019164281066,0.9615384615384616
882,3.828274048277689,0.9230769230769231
883,4.16857199655672,0.9615384615384616
884,3.7699223071879064,0.8076923076923077
885,3.799273005339019,0.8461538461538461
886,5.886105051991475,0.9615384615384616
887,4.221329131887316,0.8076923076923077
888,4.756799888894483,0.9230769230769231
889,3.7750733249200032,0.9230769230769231
890,4.135203222992216,0.8846153846153846
891,3.946941699948509,0.9230769230769231
892,4.16600435802435,0.8461538461538461
893,3.391515119083714,0.9615384615384616
894,3.7864731448299533,1.0
895,3.864775927644259,0.8461538461538461
896,2.756610362376866,1.0
897,3.9844782031981563,0.9230769230769231
898,4.0604964713011915,0.9230769230769231
899,3.4159906062436223,0.9230769230769231
900,4.275235848206425,0.8461538461538461
901,3.4858941677082194,0.8846153846153846
902,3.9369342622522945,0.8076923076923077
903,3.250230174175267,0.8846153846153846
904,3.887379609992595,0.9615384615384616
905,3.3230446032149716,0.7692307692307693
906,3.8633580170446633,0.7307692307692307
907,3.754621928211339,0.8076923076923077
908,5.664307709774258,0.8461538461538461
909,3.7501573613155657,0.8461538461538461
910,3.982755086841953,0.8076923076923077
911,3.439015536211741,0.8076923076923077
912,3.290234216705195,0.8461538461538461
913,4.003459988038633,0.9615384615384616
914,3.4111239990998365,0.7692307692307693
915,3.080010477869587,0.8461538461538461
916,3.927756408448607,0.7692307692307693
917,5.543818796157451,0.9230769230769231
918,3.7582805077947254,0.8461538461538461
919,4.037607082038194,0.8846153846153846
920,4.015134076353651,0.8846153846153846
921,3.8337305460889946,0.8846153846153846
922,3.8974194658726704,0.8076923076923077
923,3.7119184030359382,0.8076923076923077
924,3.833201382218834,0.9615384615384616
925,4.595720052080335,0.9615384615384616
926,4.2751075405686265,0.8846153846153846
927,3.6319496820130843,0.8846153846153846
928,4.437372840366581,0.8846153846153846
929,3.582491313442148,0.8461538461538461
930,4.3680805973478956,0.8076923076923077
931,4.579181161078994,0.8076923076923077
932,3.6633490537082376,0.8076923076923077
933,4.382986772962237,0.8846153846153846
934,3.3788843133513122,0.7307692307692307
935,6.2639369943097725,0.9230769230769231
936,2.720797708377832,0.8076923076923077
937,2.883628859259731,0.8461538461538461
938,4.316536119876473,1.0
939,2.942890847230147,0.7692307692307693
940,3.4127659134685606,0.8461538461538461
941,3.8764414991945224,1.0
942,4.183997203012359,0.9615384615384616
943,4.405730836706015,0.7692307692307693
944,4.458946929868633,0.5769230769230769
945,3.2424174685572806,0.7307692307692307
946,4.28802815577147,0.7692307692307693
947,4.011131957523535,0.6923076923076923
948,4.953525590000222,0.7692307692307693
949,3.69885757224247,0.7307692307692307
950,4.126380111316217,0.8846153846153846
951,4.659754487177038,0.9230769230769231
952,4.965971916148354,0.9615384615384616
953,4.3649149287625315,0.8846153846153846
954,4.492289891909432,0.9615384615384616
955,4.494181102369664,0.8846153846153846
956,4.791247149153856,0.9230769230769231
957,4.176320020287119,0.8461538461538461
958,3.9967098105995262,0.9230769230769231
959,3.783586807871185,0.9615384615384616
960,3.3988748390803893,0.9230769230769231
961,4.770341790961206,0.9230769230769231
962,3.9742843850359595,0.9230769230769231
963,4.310121085387544,0.9230769230769231
964,5.222920508611077,0.9615384615384616
965,4.673978646973942,0.8461538461538461
966,4.440404516211736,0.8461538461538461
967,4.674533526090965,0.9230769230769231
968,5.756988205562101,0.8846153846153846
969,4.473536917781218,0.8846153846153846
970,4.274806992951924,0.9230769230769231
971,4.335027810749292,0.8846153846153846
972,4.752111857734521,0.9230769230769231
973,5.0098232958022315,0.9230769230769231
974,3.6103427858759063,0.7692307692307693
975,2.853202358920189,0.8076923076923077
976,3.2960204463530403,0.8461538461538461
977,3.7338889974770497,0.9230769230769231
978,2.941634270607141,0.9230769230769231
979,2.7160991057411534,0.8846153846153846
980,2.8773236011418026,0.8076923076923077
981,3.503600983951724,0.9230769230769231
982,3.8850622960851573,0.8461538461538461
983,3.5013893906531464,0.9230769230769231
984,3.4082091779317536,0.7692307692307693
985,4.3432400788338335,0.7692307692307693
986,4.131759617292713,0.6923076923076923
987,4.55404551449997,0.6538461538461539
988,5.161902675874744,0.8076923076923077
989,4.059542388909864,0.7307692307692307
990,4.73677088115625,0.7692307692307693
991,4.493552547492244,0.7307692307692307
992,4.284992437304022,0.7692307692307693
993,4.1929356637969,0.6923076923076923
994,4.325457229357278,0.6923076923076923
995,3.7955475682073145,0.7692307692307693
996,4.640282163575891,0.9615384615384616
997,5.076909751363802,0.6923076923076923
998,3.8119504506670814,0.8846153846153846
999,4.28623746407385,0.8461538461538461
1000,3.747862467359744,0.7692307692307693
1001,3.9840912715141066,0.8846153846153846
1002,4.457219058530923,0.7307692307692307
1003,4.011323022301539,0.7692307692307693
1004,4.523253966705753,0.8076923076923077
1005,5.0489242044290314,0.9230769230769231
1006,3.550402551067384,0.8846153846153846
1007,3.940695521507731,0.8846153846153846
1008,4.492797699598153,0.9615384615384616
1009,4.453287952466618,0.8076923076923077
1010,4.603356170330202,0.9230769230769231
1011,3.563124474086954,0.8461538461538461
1012,3.831833360910131,0.8461538461538461
1013,3.517279580193497,0.8461538461538461
1014,4.898907785448251,0.8846153846153846
1015,3.0744877616474073,0.8846153846153846
1016,4.527924114506285,0.9615384615384616
1017,4.344592384648054,0.8846153846153846
1018,4.036762048452037,0.8076923076923077
1019,3.6747776538435515,0.8461538461538461
1020,3.895040165227892,0.9615384615384616
1021,3.8648918880192245,0.9230769230769231
1022,4.5832358862261,0.8846153846153846
1023,4.163250845589472,0.9230769230769231
1024,4.159684557862036,0.9230769230769231
1025,3.9401125280730938,0.9615384615384616
1026,3.870188632398092,0.9230769230769231
1027,5.252959445870011,0.9230769230769231
1028,4.773331179984738,0.9230769230769231
1029,4.542247496136525,0.9615384615384616
1030,4.757112929901248,0.9230769230769231
1031,3.14851419264621,0.7692307692307693
1032,3.0667706622404083,0.7692307692307693
1033,3.4107861214487114,0.8076923076923077
1034,2.9243586626157687,0.8076923076923077
1035,3.6022663510468638,0.8846153846153846
1036,3.790805492377676,0.8076923076923077
1037,3.9508792061469222,0.8846153846153846
1038,4.2616351530095455,0.8461538461538461
1039,4.2030670297571415,0.8461538461538461
1040,5.018302712534035,0.8461538461538461
1041,3.6143853923701728,0.9230769230769231
1042,3.9490937463874403,0.8846153846153846
1043,3.5706288546624974,0.7692307692307693
1044,3.970159792193395,0.8461538461538461
1045,3.81440365889425,0.7307692307692307
1046,4.856052717333903,0.8461538461538461
1047,4.2138690079297945,0.7307692307692307
1048,3.3073532108175767,0.9615384615384616
1049,4.146651736867183,0.8076923076923077
1050,3.8209448437567275,0.8846153846153846
1051,4.471654234623281,0.8846153846153846
1052,4.2762460468019965,0.8846153846153846
1053,3.365317257331987,0.8846153846153846
1054,3.8597640991313265,0.8846153846153846
1055,3.5935110648533417,0.9230769230769231
1056,4.235278987521701,0.8076923076923077
1057,4.368373701350657,0.8076923076923077
1058,4.990668827277198,0.9230769230769231
1059,4.141595339441989,0.9230769230769231
1060,4.399926438499772,0.8846153846153846
1061,4.623600082761057,0.8846153846153846
1062,4.949239044294654,0.8846153846153846
1063,4.1564329351615035,0.9230769230769231
1064,4.299231027501446,0.9230769230769231
1065,4.641745930234207,0.9615384615384616
1066,3.128775409587516,0.8846153846153846
1067,5.568631346985815,0.8076923076923077
1068,3.2944872032076358,0.9230769230769231
1069,5.271304618785861,0.9230769230769231
1070,4.083490512746701,0.7307692307692307
1071,2.870963803699878,0.8846153846153846
1072,3.5426421805677455,0.8846153846153846
1073,4.218829858211873,0.8076923076923077
1074,4.272928366622506,0.8846153846153846
1075,5.2608489004143975,0.9615384615384616
1076,3.2238724749524583,0.9230769230769231
1077,4.9516867274444545,0.8461538461538461
1078,3.7561932647146286,0.9230769230769231
1079,4.852105988368805,0.7692307692307693
1080,5.033093012056958,0.8846153846153846
1081,3.5519913820438043,0.9230769230769231
1082,3.9615584797133727,0.8846153846153846
1083,4.135680895703647,0.9230769230769231
1084,4.197727059202703,0.9230769230769231
1085,4.354656923894879,0.9615384615384616
1086,4.643232820804751,0.8846153846153846
1087,5.044709287588573,0.9230769230769231
1088,5.368216833140687,0.8461538461538461
1089,5.259162779927015,0.8846153846153846
1090,5.500967429742532,0.9230769230769231
1091,3.7644294720935814,0.6538461538461539
1092,4.707047335839786,0.8076923076923077
1093,4.703606670864592,0.9230769230769231
1094,5.122775231667405,0.8846153846153846
1095,3.6289098010032577,0.8846153846153846
1096,4.242291626294625,0.8076923076923077
1097,4.1038137352406245,0.8846153846153846
1098,4.295593577883061,0.8846153846153846
1099,4.512466666812089,0.8846153846153846
1100,5.219827469236567,0.9230769230769231
1101,4.819104694041499,0.9615384615384616
1102,4.628752124531651,0.9230769230769231
1103,4.431776923541605,0.9615384615384616
1104,4.97638741758581,0.9230769230769231
1105,4.464910134680919,0.8846153846153846
1106,3.9106410882840423,0.8461538461538461
1107,4.403253727496802,0.8076923076923077
1108,3.612234031642211,0.6923076923076923
1109,3.965868056833189,0.8076923076923077
1110,4.158210283553141,0.9615384615384616
1111,3.8528581630301044,0.7692307692307693
1112,5.74063500533252,1.0
1113,3.3378016351077946,0.7307692307692307
1114,3.944840271624263,0.8461538461538461
1115,4.39129605274664,0.7692307692307693
1116,5.737359145543808,0.6923076923076923
1117,5.821511149973466,0.7692307692307693
1118,5.963221099170702,0.8461538461538461
1119,3.5911584553285687,0.8461538461538461
1120,4.2803182290240205,0.8076923076923077
1121,4.647872781193326,0.8846153846153846
1122,5.2187083041055535,0.9230769230769231
1123,5.501503794445742,0.8846153846153846
1124,4.260480040446698,0.9615384615384616
1125,4.587505147605433,0.9230769230769231
1126,3.9937890193932235,0.8461538461538461
1127,4.992182125754625,0.9230769230769231
1128,4.680761658427406,0.9230769230769231
1129,3.8837753348198847,0.8846153846153846
1130,4.47101364092309,0.8461538461538461
1131,3.334552285636608,0.8846153846153846
1132,5.2718699880261015,0.9230769230769231
1133,3.5995088978267225,0.8076923076923077
1134,3.499984114207641,0.9230769230769231
1135,4.68210242671181,0.8461538461538461
1136,3.448293580700981,0.8846153846153846
1137,3.4053622934210734,0.8461538461538461
1138,3.53617868958195,0.8461538461538461
1139,4.142548665424042,0.8461538461538461
1140,4.082737362621189,0.7692307692307693
1141,4.875842297736263,0.8461538461538461
1142,3.7828077614124536,0.8461538461538461
1143,3.8572494088986287,0.8846153846153846
1144,4.362603570357052,0.8076923076923077
1145,2.9605560246691516,0.8076923076923077
1146,3.3826328908952403,0.8076923076923077
1147,3.255571489627746,0.8461538461538461
1148,3.16336152685681,0.8461538461538461
1149,4.76260790872638,1.0
1150,3.125702575621972,0.8846153846153846
1151,4.134363058550757,0.8846153846153846
1152,3.6106711289893263,0.8846153846153846
1153,4.61548853129588,0.9230769230769231
1154,4.0223850821308025,0.7307692307692307
1155,4.065081789155927,0.7307692307692307
1156,4.023693449092612,0.8846153846153846
1157,4.750844010733429,0.9230769230769231
1158,5.651655119109758,0.8846153846153846
1159,4.457053095940085,0.7307692307692307
1160,3.980958279344193,0.7307692307692307
1161,4.1517834249176895,0.8076923076923077
1162,4.441517262363426,0.8846153846153846
1163,4.869875892729468,0.8846153846153846
1164,3.8971865959949072,0.8461538461538461
1165,4.755043694364272,0.8461538461538461
1166,4.583694606813097,0.8846153846153846
1167,4.6903853080114395,0.8076923076923077
1168,7.238149365868889,0.8461538461538461
1169,6.059808361581216,0.8846153846153846
1170,4.643374133908464,0.8846153846153846
1171,4.319271135802466,0.9615384615384616
1172,3.1971159356751286,0.9230769230769231
1173,4.10137626385476,0.9615384615384616
1174,4.155212939631913,0.9230769230769231
1175,5.138862744601585,0.9615384615384616
1176,4.862632951076034,0.8461538461538461
1177,4.824358658413367,0.8076923076923077
1178,3.717252832515123,0.9230769230769231
1179,5.056815843121074,0.9230769230769231
1180,3.5850537696023337,0.8076923076923077
1181,4.108273776548694,0.8076923076923077
1182,4.421111964830894,0.7692307692307693
1183,3.9763071652208133,0.9230769230769231
1184,3.8954031287671187,0.9615384615384616
1185,3.9335546883648465,0.9615384615384616
1186,4.569054419143,0.8846153846153846
1187,5.419325665789226,0.8846153846153846
1188,4.8049163021417325,0.9615384615384616
1189,4.625931907898521,0.8846153846153846
1190,4.064553109974513,0.9615384615384616
1191,5.385760764067445,0.9230769230769231
1192,4.500617819912403,0.9615384615384616
1193,4.550853050642029,0.8846153846153846
1194,4.328687087873243,0.9615384615384616
1195,2.9909875683182627,0.9230769230769231
1196,4.4372275831488635,0.7692307692307693
1197,4.814102877995039,0.7692307692307693
1198,3.2989925902013573,0.9230769230769231
1199,3.496604894038046,0.8846153846153846
1200,4.299392361759901,0.9615384615384616
1201,4.302016905218215,0.9230769230769231
1202,4.69806442015015,0.8461538461538461
1203,5.03027133930839,0.9230769230769231
1204,3.650424821915667,0.9230769230769231
1205,4.405097551520656,0.9615384615384616
1206,3.705611474830909,0.9615384615384616
1207,4.134930306038787,0.7692307692307693
1208,4.9369023562350645,0.8846153846153846
1209,4.45072927988409,0.6923076923076923
1210,3.8174347455689626,0.6538461538461539
1211,3.42520296539207,0.7692307692307693
1212,3.9386336554692045,0.6923076923076923
1213,4.343666234837851,0.6923076923076923
1214,3.8045658823121515,0.8076923076923077
1215,3.9124201602387463,0.8461538461538461
1216,3.4162129794531895,0.9615384615384616
1217,3.756252347037759,0.9230769230769231
1218,3.6003836698018565,0.8846153846153846
1219,4.211342897339139,0.9230769230769231
1220,6.648952704426053,0.9230769230769231
1221,4.7691348953865695,1.0
1222,4.644647047718414,0.9230769230769231
1223,3.9628259012358136,0.9230769230769231
1224,4.514888440193312,0.8846153846153846
1225,4.6063813704182754,0.8461538461538461
1226,4.592260046872126,0.8076923076923077
1227,4.3785887686255505,0.7307692307692307
1228,4.592238011350678,0.8461538461538461
1229,4.131605298426726,0.8461538461538461
1230,5.545982135587358,0.8846153846153846
1231,4.0186315904175025,0.8076923076923077
1232,4.383234696640515,0.8846153846153846
1233,4.933716136701707,0.8846153846153846
1234,4.586814131884125,0.8846153846153846
1235,4.692560769019225,0.9615384615384616
1236,5.3114834153296355,0.8076923076923077
1237,3.9815377709984636,0.8461538461538461
1238,4.2472126605795735,0.8461538461538461
1239,4.180178001516683,0.9230769230769231
1240,4.400483100138346,0.9615384615384616
1241,4.152206237729608,1.0
1242,3.663123492919942,0.8846153846153846
1243,5.836707810663473,0.9615384615384616
1244,4.180390708951342,0.9615384615384616
1245,4.736295879888281,0.9230769230769231
1246,4.599338250391801,0.8846153846153846
1247,2.7197406346771187,0.8846153846153846
1248,4.1825547051355265,0.9230769230769231
1249,4.64928757085267,0.9230769230769231
1250,4.078927738453036,0.8076923076923077
1251,5.820318217741466,0.8076923076923077
1252,3.7895703144474875,0.9230769230769231
1253,3.090781241343129,0.8461538461538461
1254,4.606920975126562,0.6923076923076923
1255,3.192637270633792,0.8846153846153846
1256,4.425752880384872,0.8076923076923077
1257,2.915068088601608,0.9615384615384616
1258,3.1662434501941426,0.8846153846153846
1259,3.5604990921376345,0.7692307692307693
1260,3.4404176225655223,0.7307692307692307
1261,3.63619593593622,0.7692307692307693
1262,2.9014711141903393,0.7692307692307693
1263,4.166269830893256,0.8076923076923077
1264,3.2495454657832497,0.7692307692307693
1265,4.468222551325285,0.8846153846153846
1266,2.6043929210407484,0.7692307692307693
1267,3.4019791381222526,0.7307692307692307
1268,4.8467605784358145,0.9230769230769231
1269,3.5506310934927265,0.9230769230769231
1270,2.964935636109425,0.7307692307692307
1271,2.798031386792387,0.7307692307692307
1272,3.44888814687999,0.7307692307692307
1273,2.9547840140135775,0.7692307692307693
1274,4.156136572977471,0.8461538461538461
1275,3.721481812922206,0.8461538461538461
1276,3.5001481153776064,0.8846153846153846
1277,4.008522121236432,0.9615384615384616
1278,4.318145932113311,1.0
1279,3.817076674732867,0.8846153846153846
1280,3.3191307037563593,0.9615384615384616
1281,3.823820146983644,1.0
1282,5.141483789501548,0.9230769230769231
1283,3.392887470226235,0.9230769230769231
1284,3.7271445285675706,0.9230769230769231
1285,4.452422579508359,0.9615384615384616
1286,4.928232820830914,0.9615384615384616
1287,4.877008215657675,0.6923076923076923
1288,5.657249501020291,0.7307692307692307
1289,4.592622262382468,0.8076923076923077
1290,3.7616377310693494,0.8461538461538461
1291,4.9265153534862005,0.7692307692307693
1292,4.637197864451707,0.7307692307692307
1293,4.017994234924412,0.8846153846153846
1294,3.7372227969455563,0.8846153846153846
1295,3.987781842334216,0.9230769230769231
1296,4.614245916721217,0.9615384615384616
1297,4.850937805953758,0.9230769230769231
1298,4.056480191824137,0.8846153846153846
1299,5.001514276308384,0.6538461538461539
1300,3.9927358723093334,0.8461538461538461
1301,4.67499950810366,0.8461538461538461
1302,3.745006077178252,0.8846153846153846
1303,3.888705914250017,0.8076923076923077
1304,4.1117724950972105,0.8846153846153846
1305,4.69729320685327,0.8846153846153846
1306,4.474779818416332,0.8076923076923077
1307,4.071311811453805,0.8461538461538461
1308,4.714394365356277,0.8846153846153846
1309,3.804191353881275,0.8076923076923077
1310,4.316973570799261,0.9615384615384616
1311,5.307453381402087,0.8461538461538461
1312,4.22499597977073,0.9230769230769231
1313,5.11759625325168,1.0
1314,4.930741579450726,0.8846153846153846
1315,4.118722816115786,0.9230769230769231
1316,4.664413160951829,0.7692307692307693
1317,3.621319324254107,0.8461538461538461
1318,2.960916597822301,0.7307692307692307
1319,3.935191568685601,0.8461538461538461
1320,3.260547277010528,0.8076923076923077
1321,4.519278414631923,0.8461538461538461
1322,4.624532455815904,0.8846153846153846
1323,4.04586762844378,0.7692307692307693
1324,3.1026284522213374,0.8461538461538461
1325,3.365922984254969,0.7307692307692307
1326,3.6427480865111086,0.8846153846153846
1327,3.7675410807606315,0.8846153846153846
1328,3.421747419284297,0.8461538461538461
1329,5.277607475560918,0.8076923076923077
1330,3.724268125378802,0.8461538461538461
1331,4.500278911283196,0.6923076923076923
1332,3.817212544989988,0.8076923076923077
1333,4.05786319004132,0.7692307692307693
1334,4.113946347405808,0.8076923076923077
1335,4.636192877278108,0.9230769230769231
1336,3.8998486902835072,0.8076923076923077
1337,3.6512318109773343,0.9230769230769231
1338,3.9320230168449215,0.8846153846153846
1339,4.28552066216739,0.9615384615384616
1340,3.8875585482008854,0.8846153846153846
1341,4.911871885159209,0.8846153846153846
1342,5.151706239646798,0.9230769230769231
1343,3.7907962399831123,0.7692307692307693
1344,3.7488112924811543,0.8846153846153846
1345,7.096907944626646,1.0
1346,4.319567499861758,0.7307692307692307
1347,3.8985366047069236,0.7692307692307693
1348,3.7547774781530276,0.8846153846153846
1349,4.141444736700231,0.9615384615384616
1350,4.785130908328304,0.9230769230769231
1351,4.161931450914484,0.8461538461538461
1352,4.427665681165901,0.7307692307692307
1353,4.271647912510348,0.8076923076923077
1354,4.175300341113445,0.8461538461538461
1355,5.751990211931928,0.8846153846153846
1356,4.081892356684658,0.8846153846153846
1357,3.5948251724372375,0.9615384615384616
1358,3.4343638643068237,0.9230769230769231
1359,2.902515861226541,0.8461538461538461
1360,3.7885676501334773,0.9230769230769231
1361,3.9094606112736336,0.8076923076923077
1362,4.295044593498816,0.8461538461538461
1363,5.255942584217889,0.9230769230769231
1364,4.937743983599032,0.8461538461538461
1365,2.929420173421067,0.7307692307692307
1366,3.626178866912618,0.8461538461538461
1367,3.67726462923806,0.8846153846153846
1368,3.513499776867207,0.8461538461538461
1369,3.3763790672627154,0.9615384615384616
1370,3.8347545373555603,0.8076923076923077
1371,4.217594575917117,0.8846153846153846
1372,3.262719627457046,0.8461538461538461
1373,4.19631864520944,0.8461538461538461
1374,3.202195771614531,0.8076923076923077
1375,4.578069420448559,0.9615384615384616
1376,4.792365008925312,0.8846153846153846
1377,4.049153387615327,0.8076923076923077
1378,4.197070608535987,0.8461538461538461
1379,4.524636970142972,0.9615384615384616
1380,4.5591357790102816,0.8461538461538461
1381,4.847625500812227,0.7692307692307693
1382,4.118336309080603,0.8461538461538461
1383,4.699818038201436,0.7692307692307693
1384,4.354293112388725,0.8846153846153846
1385,4.006145806844149,0.9230769230769231
1386,3.120568781115189,0.8076923076923077
1387,4.222425891681152,0.7692307692307693
1388,5.1561502734370395,0.8076923076923077
1389,3.7440211238154486,0.9230769230769231
1390,4.138625421681323,0.8846153846153846
1391,4.886804003647818,0.9615384615384616
1392,5.998706911458913,0.9615384615384616
1393,4.329430187176798,0.8846153846153846
1394,5.46876365799765,0.9615384615384616
1395,4.715509442229293,0.8076923076923077
1396,4.58859934467316,0.8461538461538461
1397,4.237070955463996,0.8461538461538461
1398,4.736443158471286,0.8846153846153846
1399,4.352414640694416,0.9230769230769231
1400,6.244898606405762,0.9615384615384616
1401,4.189584465076586,0.9230769230769231
1402,4.01737902612438,0.8076923076923077
1403,3.792683611232658,0.9615384615384616
1404,3.807144681688688,0.8076923076923077
1405,4.258278007150302,0.8846153846153846
1406,4.10927149389922,0.9615384615384616
1407,4.897141047516076,0.9615384615384616
1408,4.1243354670009795,1.0
1409,4.4085070029181,0.9615384615384616
1410,3.320805596423326,0.6153846153846154
1411,3.3794078344532426,0.7307692307692307
1412,3.3200171131309357,0.7307692307692307
1413,3.4821137493691428,0.7307692307692307
1414,3.871715065350619,0.7692307692307693
1415,4.2697587210374035,0.8846153846153846
1416,4.130724846327661,0.9615384615384616
1417,4.381208953300442,0.9615384615384616
1418,4.48646943442327,0.9615384615384616
1419,4.382065963464215,0.9230769230769231
1420,5.004984784713933,0.9615384615384616
1421,4.683020443438269,0.9230769230769231
1422,4.31140436688057,0.9230769230769231
1423,5.11153462589083,0.9230769230769231
1424,3.5029467662728773,0.8461538461538461
1425,3.853252901633367,0.8846153846153846
1426,3.4505662687611145,0.8461538461538461
1427,3.6949894519601028,0.9230769230769231
1428,3.9433442303167623,0.8461538461538461
1429,4.148508490406381,0.8461538461538461
1430,3.9922761552880948,0.8461538461538461
1431,2.963691251450795,0.8846153846153846
1432,4.7393959382313104,0.9230769230769231
1433,3.9146356704020526,0.8846153846153846
1434,4.428550916725333,0.7307692307692307
1435,3.519918918804751,0.8461538461538461
1436,3.6649208761814807,0.8846153846153846
1437,4.005434277977004,0.8846153846153846
1438,3.649215094494304,0.8846153846153846
1439,4.0233951092116635,0.8461538461538461
1440,4.035328599802447,0.8461538461538461
1441,4.816554419173059,0.9615384615384616
1442,4.113664361264191,0.9230769230769231
1443,4.41273296602924,0.9615384615384616
1444,2.927478821468913,0.8846153846153846
1445,3.5542082230349017,0.8846153846153846
1446,4.380819022308503,0.8076923076923077
1447,4.2521897231339345,0.9615384615384616
1448,4.279564678652717,0.9230769230769231
1449,4.973756308645512,0.9615384615384616
1450,4.285651780968267,0.8846153846153846
1451,4.8726118369834595,0.8846153846153846
1452,4.917243336922951,0.8461538461538461
1453,4.4154538477552645,0.8846153846153846
1454,4.763517133452653,0.9230769230769231
1455,4.006400855016942,0.7692307692307693
1456,3.9841342045888,0.9230769230769231
1457,5.296772243294879,0.9615384615384616
1458,3.9803913214695643,0.8076923076923077
1459,4.933306949646973,0.8846153846153846
1460,4.263219586231166,0.8076923076923077
1461,4.162838809402053,0.8461538461538461
1462,3.4461471010086813,0.8846153846153846
1463,4.2777118272331425,0.8846153846153846
1464,3.540881169874923,0.8461538461538461
1465,3.639979026603006,0.8461538461538461
1466,4.577640666601763,0.8846153846153846
1467,5.2561784147159845,0.9230769230769231
1468,3.715196723495249,0.8076923076923077
1469,3.5614534812236216,0.8846153846153846
1470,3.942224423049399,0.8461538461538461
1471,3.359001060413086,0.8076923076923077
1472,3.2543837734691126,0.8076923076923077
1473,3.5171073596272215,0.8461538461538461
1474,6.346219378264108,0.9615384615384616
1475,3.5234127067700665,0.8461538461538461
1476,5.2197035200501105,0.9615384615384616
1477,3.8494059367592306,0.7692307692307693
1478,4.484092782167952,0.8461538461538461
1479,4.243613303267055,0.8846153846153846
1480,4.188570869418258,0.8076923076923077
1481,4.00621170091527,0.6538461538461539
1482,4.4446672152343965,0.6538461538461539
1483,5.407919830602297,0.6538461538461539
1484,4.247712259801752,0.7307692307692307
1485,3.8496762949123045,0.7692307692307693
1486,4.181134899993919,0.7692307692307693
1487,3.503377538615175,0.6923076923076923
1488,3.4716042781895133,0.7692307692307693
1489,3.711460569414702,0.7692307692307693
1490,3.5476948149895193,0.7307692307692307
1491,3.170536654539655,0.6923076923076923
1492,2.5537816328849896,0.8076923076923077
1493,4.599270953108374,0.9230769230769231
1494,2.4621878736244596,0.6538461538461539
1495,3.0225914215419873,0.6923076923076923
1496,4.564620845167158,0.6923076923076923
1497,4.08251275744018,0.8461538461538461
1498,3.842765636677223,0.8846153846153846
1499,3.1145561888458158,0.8076923076923077
1500,2.964303366803773,0.7307692307692307
