# Trial 16: ath=0.0295  hd=350  reg=1.07e-03  a=0.8962  c=0.4438  L=8  best_er=0.5769
iter,loss,error_rate
1,3.95546161703791,0.8846153846153846
2,3.646570882628116,0.8846153846153846
3,4.5047623647193955,0.8846153846153846
4,3.989960812151263,0.8846153846153846
5,4.3991913510136715,0.8846153846153846
6,4.361624524692521,0.8461538461538461
7,4.464364759873171,0.7692307692307693
8,4.190401688065727,0.8846153846153846
9,4.061083201051308,0.9615384615384616
10,4.102563073215256,0.8461538461538461
11,3.980251387408726,0.9230769230769231
12,4.354051771923045,0.8846153846153846
13,4.569367327172251,0.8846153846153846
14,4.276520819823986,0.8461538461538461
15,4.371334027686722,0.8846153846153846
16,4.088294710005161,0.8846153846153846
17,4.440251370314067,0.8846153846153846
18,4.087984053788057,0.9230769230769231
19,4.191125498452993,0.8846153846153846
20,3.7535508907297075,0.8461538461538461
21,3.9957002676345965,0.8846153846153846
22,4.03752605773097,0.8846153846153846
23,3.8293255026889876,0.8846153846153846
24,4.059161500980055,0.8461538461538461
25,4.094796695461397,0.8461538461538461
26,4.101373237557495,0.8461538461538461
27,3.710690958959017,0.9230769230769231
28,4.064491998839052,0.7692307692307693
29,3.9097964379123233,0.8461538461538461
30,3.7285565588880507,0.8461538461538461
31,4.273234958355215,0.8461538461538461
32,4.080299579706733,0.7692307692307693
33,4.1786372692385845,0.8461538461538461
34,3.8969088824948805,0.6923076923076923
35,3.900417617046552,0.8461538461538461
36,3.911794233770353,0.7692307692307693
37,4.161026761270431,0.7307692307692307
38,3.9054039131388314,0.8076923076923077
39,3.796628143289136,0.8461538461538461
40,3.989306489199088,0.7692307692307693
41,3.558204644499784,0.7692307692307693
42,3.694375951880471,0.8076923076923077
43,3.596354413030769,0.7692307692307693
44,3.64788368517838,0.7307692307692307
45,3.338125989315184,0.7692307692307693
46,3.374580985668047,0.6923076923076923
47,3.563123622704425,0.7307692307692307
48,3.5587958933020643,0.8076923076923077
49,3.9904577749345207,0.8076923076923077
50,3.63613897650694,0.8076923076923077
51,3.5333136977682695,0.8846153846153846
52,3.51183158988478,0.8076923076923077
53,3.9952487325378057,0.8461538461538461
54,3.6010121760751614,0.7692307692307693
55,3.7549654229576728,0.8461538461538461
56,4.025342443374368,0.8076923076923077
57,3.7093367089154765,0.7692307692307693
58,3.522706103454344,0.8076923076923077
59,3.496840621689656,0.7692307692307693
60,3.5016130033987563,0.7692307692307693
61,3.2532431241783932,0.7307692307692307
62,3.380727384020137,0.7307692307692307
63,3.4314572007744975,0.7307692307692307
64,3.7411160107536707,0.7692307692307693
65,3.707950505112511,0.8846153846153846
66,3.8419122088365416,0.7692307692307693
67,4.079213149663878,0.8461538461538461
68,4.006233063803551,0.7307692307692307
69,3.9888706255321096,0.8076923076923077
70,3.925682169413503,0.8461538461538461
71,4.097801004214047,0.8076923076923077
72,4.146281718047544,0.8461538461538461
73,3.960423143841266,0.9230769230769231
74,3.8544220587745666,0.8076923076923077
75,3.7291505807215772,0.9230769230769231
76,3.5840144026463356,0.9230769230769231
77,3.7216779903263673,0.8461538461538461
78,4.014631898525574,0.9230769230769231
79,3.7223120559081786,0.8461538461538461
80,3.7354384389959723,0.8461538461538461
81,3.161566765831845,0.8461538461538461
82,3.652832457060213,0.8461538461538461
83,3.5176921084838613,0.8461538461538461
84,3.5838051700992084,0.8076923076923077
85,3.778963755430852,0.8846153846153846
86,4.550971260510779,0.8461538461538461
87,3.646423386675249,0.8076923076923077
88,3.2288392681026097,0.8461538461538461
89,3.4366818699896142,0.6923076923076923
90,3.6591073484926815,0.7692307692307693
91,3.4914710091744006,0.7307692307692307
92,3.3389791263509374,0.7307692307692307
93,3.5361791609591053,0.7692307692307693
94,3.562714434577602,0.7692307692307693
95,3.456499435336223,0.8076923076923077
96,3.624490772488288,0.7692307692307693
97,4.015363836711569,0.7692307692307693
98,3.415264132512954,0.8461538461538461
99,3.9120153320486692,0.8076923076923077
100,3.837200706653728,0.8076923076923077
101,3.9238859885261346,0.8461538461538461
102,3.736639920438198,0.8461538461538461
103,3.7742055052464165,0.8076923076923077
104,3.9053801713721037,0.8076923076923077
105,3.801688470367683,0.7692307692307693
106,3.9052652898008353,0.7307692307692307
107,3.615208093319101,0.7692307692307693
108,3.5498871219299475,0.7307692307692307
109,3.318610740846216,0.6538461538461539
110,3.404543631540064,0.7307692307692307
111,3.4167382776572532,0.7307692307692307
112,3.24676494621009,0.7692307692307693
113,3.334836570755739,0.7307692307692307
114,3.2455735504109002,0.6538461538461539
115,3.3287835386026545,0.6923076923076923
116,3.2695704498981515,0.7307692307692307
117,3.372004565558761,0.7307692307692307
118,3.6086203388936595,0.6923076923076923
119,3.448444393613321,0.7307692307692307
120,3.6298942179445337,0.6923076923076923
121,3.684209189756717,0.7307692307692307
122,3.9186395860942884,0.7307692307692307
123,3.55975876523033,0.7307692307692307
124,3.780004041228991,0.7307692307692307
125,3.566285765048663,0.7692307692307693
126,3.3717302451833087,0.7307692307692307
127,3.494000985583851,0.7692307692307693
128,3.8935658033959055,0.7307692307692307
129,3.6704891887986806,0.7307692307692307
130,3.545613736766251,0.7692307692307693
131,3.571103731319086,0.8076923076923077
132,3.4157332800774283,0.7692307692307693
133,3.298186939089611,0.8076923076923077
134,3.5570305190492206,0.7307692307692307
135,3.751719237618453,0.8461538461538461
136,3.4864427921875034,0.8076923076923077
137,3.29105719741816,0.7692307692307693
138,3.6351257297622883,0.8076923076923077
139,3.7764860376358027,0.7692307692307693
140,3.756664108046443,0.7307692307692307
141,3.606358131686586,0.7692307692307693
142,3.839798778030856,0.7307692307692307
143,3.622764597622472,0.6923076923076923
144,3.687355880227836,0.7692307692307693
145,3.6975286424620437,0.7692307692307693
146,3.830674934334939,0.8461538461538461
147,3.5064976953754754,0.7692307692307693
148,3.4811193195783865,0.7692307692307693
149,3.434844143993183,0.8846153846153846
150,3.662170849604742,0.7692307692307693
151,3.9349700510312107,0.8076923076923077
152,3.7417519895302966,0.8076923076923077
153,3.6848106537660126,0.8076923076923077
154,3.832539252099077,0.8461538461538461
155,3.590065550532046,0.8076923076923077
156,3.680869485771379,0.7692307692307693
157,4.122561633928638,0.7692307692307693
158,3.7238923372313004,0.8461538461538461
159,3.8398803495948943,0.8461538461538461
160,3.799122017433675,0.7307692307692307
161,3.6809373751796883,0.6923076923076923
162,3.5140773162158805,0.6923076923076923
163,3.79242506969006,0.7307692307692307
164,3.551790545029089,0.7307692307692307
165,3.9498015340596146,0.6538461538461539
166,3.4018941557758193,0.7307692307692307
167,3.851886100561326,0.5769230769230769
168,3.9015708136427825,0.6923076923076923
169,3.860226297533705,0.7307692307692307
170,4.090978231143484,0.7307692307692307
171,4.03852141209485,0.8076923076923077
172,4.021410497941218,0.7692307692307693
173,4.175424749470696,0.6923076923076923
174,4.201467854308007,0.8076923076923077
175,4.380093678864225,0.6923076923076923
176,4.231207971502089,0.7692307692307693
177,3.7580521995166487,0.8076923076923077
178,4.1813932431295155,0.7307692307692307
179,4.087036845220752,0.7307692307692307
180,4.217180693395752,0.7692307692307693
181,4.084120353124885,0.7692307692307693
182,4.138298406862711,0.7692307692307693
183,4.05032495332519,0.7692307692307693
184,3.7585106064149065,0.7692307692307693
185,3.8381928670986025,0.6923076923076923
186,4.31796095651692,0.7692307692307693
187,4.026929748955559,0.7692307692307693
188,3.890035889490735,0.6923076923076923
189,4.20445022809553,0.7692307692307693
190,4.177012470691086,0.7307692307692307
191,4.259855907129312,0.7307692307692307
192,4.039543419231114,0.7307692307692307
193,4.236587981866632,0.6923076923076923
194,4.227116768976599,0.6923076923076923
195,4.215682519093797,0.7307692307692307
196,4.163524017427752,0.7307692307692307
197,3.714904535283101,0.6923076923076923
198,3.9445482626505455,0.6153846153846154
199,3.8920577890520285,0.6153846153846154
200,3.9683761480253033,0.6923076923076923
201,3.7716567900502964,0.6923076923076923
202,3.8723857169789064,0.7307692307692307
203,3.7778316776051972,0.7307692307692307
204,3.842336692632708,0.6923076923076923
205,3.723133969604796,0.6153846153846154
206,3.825937497232419,0.6923076923076923
207,3.9212369425836346,0.6538461538461539
208,3.819374215064647,0.6538461538461539
209,3.63980302186597,0.7307692307692307
210,3.5801507928817458,0.6923076923076923
211,3.681784589911577,0.6923076923076923
212,3.573855908053074,0.6923076923076923
213,3.735535239736053,0.5769230769230769
214,3.6854826800178104,0.6538461538461539
215,3.5299118958091777,0.6923076923076923
216,3.739377940470525,0.6153846153846154
217,3.324010432005843,0.7307692307692307
218,3.7417420603762195,0.7307692307692307
219,3.6029456280581043,0.6153846153846154
220,3.4728631617603174,0.6923076923076923
221,3.7286609985104127,0.6538461538461539
222,3.7552340927421732,0.6923076923076923
223,3.614635183556057,0.6153846153846154
224,3.709497125797108,0.7307692307692307
225,3.6007670281527187,0.6538461538461539
226,3.6003049787512538,0.6923076923076923
227,3.7753698135787257,0.7307692307692307
228,3.327502242478935,0.7692307692307693
229,3.3502135645965634,0.6923076923076923
230,3.595909773522001,0.6538461538461539
231,3.4691133178309452,0.6923076923076923
232,3.6229816042334146,0.6923076923076923
233,3.0376431226819136,0.7307692307692307
234,2.645842412222944,0.7307692307692307
235,3.1028584556998506,0.7307692307692307
236,3.381005444192844,0.7307692307692307
237,3.132165752784419,0.6923076923076923
238,3.022102544100212,0.7307692307692307
239,3.0407654590822126,0.7307692307692307
240,3.1201419839402194,0.6923076923076923
241,3.2071167974915697,0.7307692307692307
242,2.924914944546061,0.7307692307692307
243,3.1739799647788454,0.6538461538461539
244,3.012429600426554,0.7692307692307693
245,3.465492552302316,0.7692307692307693
246,3.124586298200094,0.6923076923076923
247,3.219002575170113,0.7307692307692307
248,3.5505197882719113,0.7307692307692307
249,3.421594895519707,0.6538461538461539
250,2.845730100067838,0.6923076923076923
251,2.8803495476570475,0.7307692307692307
252,3.349902763356013,0.7692307692307693
253,3.1427147403970386,0.7307692307692307
254,3.2917758470724636,0.7307692307692307
255,2.9850038603278257,0.7692307692307693
256,3.2319402737159413,0.6923076923076923
257,3.1009620310420716,0.7307692307692307
258,3.072819027031042,0.6923076923076923
259,2.928690030134437,0.7307692307692307
260,3.295399363967836,0.6923076923076923
261,3.203106510969752,0.7692307692307693
262,3.1481150947145817,0.7307692307692307
263,3.315844928357644,0.7692307692307693
264,2.69986213442038,0.6538461538461539
265,3.612172351601696,0.6923076923076923
266,2.953119601146758,0.7307692307692307
267,2.9036354911572495,0.7692307692307693
268,3.0796824612732245,0.6538461538461539
269,2.9194177348634813,0.6923076923076923
270,2.8162820845881495,0.7307692307692307
271,2.7258918711224123,0.6923076923076923
272,2.6707850315363597,0.6923076923076923
273,2.66575517502794,0.7307692307692307
274,2.6637590683832544,0.6923076923076923
275,3.0825669712789487,0.6923076923076923
276,2.8794324642930915,0.7307692307692307
277,2.760357825830919,0.7692307692307693
278,2.724567905637562,0.7307692307692307
279,2.903236551356798,0.5769230769230769
280,2.518925049468442,0.6923076923076923
281,2.4193399697827616,0.6923076923076923
282,2.9042239303711535,0.6923076923076923
283,2.9779466556943044,0.7307692307692307
284,3.065249201888121,0.7692307692307693
285,3.0700393709714557,0.7692307692307693
286,3.25574356091819,0.7692307692307693
287,3.162037063892326,0.7692307692307693
288,3.1141053441246758,0.7692307692307693
289,3.133664121549158,0.7692307692307693
290,3.415350299431061,0.7692307692307693
291,2.9108286964437298,0.7307692307692307
292,3.0061756200120113,0.7692307692307693
293,2.9562028390088204,0.7307692307692307
294,2.9578358278733563,0.7692307692307693
295,2.769236754777789,0.7307692307692307
296,2.919033800241535,0.7692307692307693
297,2.954885848482243,0.6923076923076923
298,2.8917338313004466,0.7692307692307693
299,2.8213561444182367,0.7692307692307693
300,3.119264653321577,0.6923076923076923
301,3.0009771940251033,0.7307692307692307
302,2.966935620902149,0.7307692307692307
303,2.907356052666218,0.7692307692307693
304,2.992438924730119,0.7307692307692307
305,3.025180713939582,0.6923076923076923
306,3.2435479633766104,0.7307692307692307
307,2.960882279621991,0.7692307692307693
308,3.0207486813963134,0.7692307692307693
309,2.987791242186537,0.7307692307692307
310,2.924609900205412,0.7692307692307693
311,3.025796909818622,0.7692307692307693
312,2.90340355566539,0.6923076923076923
313,2.8404072962950035,0.6923076923076923
314,2.7911200160517686,0.7307692307692307
315,2.7534409430456033,0.7307692307692307
316,2.825927396394543,0.6923076923076923
317,3.0103240150253336,0.7307692307692307
318,2.9267812750534286,0.7307692307692307
319,3.1857268182752296,0.6923076923076923
320,2.9945413639095024,0.6538461538461539
321,2.9864283421639506,0.6923076923076923
322,3.0966296352306184,0.6923076923076923
323,2.8266861057749764,0.7307692307692307
324,3.1040717955860577,0.7692307692307693
325,2.913556749002623,0.7307692307692307
326,3.00439887706759,0.7692307692307693
327,3.1468984635388493,0.7692307692307693
328,3.0232851992810907,0.7692307692307693
329,3.085449647806381,0.7692307692307693
330,3.181867195598168,0.7692307692307693
331,3.372622641781037,0.7692307692307693
332,3.220892880144765,0.7692307692307693
333,3.1195194509888333,0.7692307692307693
334,3.363990685948851,0.7692307692307693
335,3.194748344721233,0.7692307692307693
336,3.1452374108552634,0.7692307692307693
337,3.1985366708782665,0.8076923076923077
338,3.2844175063701524,0.8076923076923077
339,3.265861501363771,0.7692307692307693
340,3.4018983133528695,0.8076923076923077
341,3.418010643410369,0.8461538461538461
342,4.232107175621449,0.8076923076923077
343,2.9808739221478397,0.8076923076923077
344,2.996160317596273,0.7692307692307693
345,2.9430521930786226,0.8076923076923077
346,3.18719096348473,0.8076923076923077
347,3.2244034091358746,0.7692307692307693
348,4.205548592504376,0.7692307692307693
349,3.4028912827754714,0.8076923076923077
350,3.184953011945303,0.7307692307692307
351,4.375498806595919,0.8076923076923077
352,4.1655074904667675,0.8846153846153846
353,3.903760513929023,0.7307692307692307
354,4.792787961946299,0.9230769230769231
355,4.328603555742389,0.8846153846153846
356,4.019357245718837,0.8076923076923077
357,3.4458977093870766,0.7692307692307693
358,4.352256919471009,0.8846153846153846
359,4.630731297646209,0.8846153846153846
360,4.138105168463232,0.8846153846153846
361,3.696552071316108,0.8461538461538461
362,4.226840550647457,0.8461538461538461
363,4.426070024206586,0.8076923076923077
364,3.6907330581598394,0.8846153846153846
365,4.32094371541767,1.0
366,3.4692102454084064,0.7307692307692307
367,5.331286879732792,0.8846153846153846
368,4.820541257595117,0.9230769230769231
369,4.163990738100736,0.8461538461538461
370,3.9802462383523816,0.8846153846153846
371,3.9532110175811592,0.9230769230769231
372,3.4715461732990183,0.8461538461538461
373,4.33210225220272,0.7692307692307693
374,4.366822545534113,0.9230769230769231
375,3.4395261507155306,0.9230769230769231
376,4.047375695040207,0.8846153846153846
377,4.123883689706845,0.9230769230769231
378,4.1923784580136,0.9230769230769231
379,4.9428441422620075,0.8461538461538461
380,4.377802074789085,0.8461538461538461
381,5.582261161157206,0.8076923076923077
382,3.893737775648739,0.8846153846153846
383,4.284241857603779,0.8461538461538461
384,4.459229163212398,1.0
385,3.860661223963621,0.8846153846153846
386,3.9192707342658895,0.8461538461538461
387,4.472871584870827,0.9615384615384616
388,4.873158854894465,0.8846153846153846
389,3.523596175182412,0.6923076923076923
390,4.16958666312802,0.8076923076923077
391,4.101890917297366,0.9230769230769231
392,4.494428185053901,0.9615384615384616
393,4.7078015689242925,0.9615384615384616
394,4.531228274324207,0.9230769230769231
395,4.0731248288263995,0.8076923076923077
396,4.921121697846916,0.8846153846153846
397,4.74415121008026,0.9230769230769231
398,4.464829836365782,0.9615384615384616
399,4.916500228570988,0.8076923076923077
400,3.7573193589362646,0.8461538461538461
401,4.395077371194677,0.8076923076923077
402,5.085846832069366,0.8076923076923077
403,3.9666380674902717,0.8076923076923077
404,4.80719920699323,0.8076923076923077
405,4.007953638925446,0.8076923076923077
406,4.500254636594321,0.9230769230769231
407,4.380577023688333,0.8461538461538461
408,4.784878639518285,0.9615384615384616
409,4.358092458145237,0.8076923076923077
410,3.8236469893516807,0.7692307692307693
411,3.573707812167485,0.8461538461538461
412,4.692019059314764,0.9615384615384616
413,4.132065762357678,0.8076923076923077
414,3.8959373372852326,0.8846153846153846
415,4.803218751915685,0.8846153846153846
416,6.146347313818164,0.8461538461538461
417,4.410897167361569,0.9230769230769231
418,4.44589590006086,0.9230769230769231
419,4.223610258427731,0.8076923076923077
420,4.964762309648894,0.8846153846153846
421,4.611590477759121,0.9230769230769231
422,4.015698737420839,0.8846153846153846
423,4.652675552388805,0.8076923076923077
424,4.155835720260816,0.7692307692307693
425,4.3168240634686175,0.8846153846153846
426,4.301197160085222,0.8076923076923077
427,3.8150227409431627,0.8076923076923077
428,4.030600141539278,0.8076923076923077
429,3.9752130301526747,0.9615384615384616
430,4.586429706198776,0.8076923076923077
431,4.344964285956638,0.8846153846153846
432,4.130852942270625,0.8461538461538461
433,4.113235470106008,0.9615384615384616
434,4.224351780845085,0.8846153846153846
435,3.7968470041047855,0.9230769230769231
436,4.592844254131153,0.8846153846153846
437,4.3946081733822835,0.9615384615384616
438,4.818829417252232,0.8846153846153846
439,4.725447929696942,0.8461538461538461
440,3.9904591169952646,0.8076923076923077
441,4.177090175371124,0.8846153846153846
442,3.8842309940528637,0.7692307692307693
443,3.70489177520141,0.7307692307692307
444,4.363840746514364,0.8461538461538461
445,2.9785656804720633,0.7692307692307693
446,3.8101051118320433,0.7692307692307693
447,4.542408193425814,0.9615384615384616
448,4.02304002190301,0.9615384615384616
449,4.501700998442775,0.8846153846153846
450,3.8834934358471083,0.9615384615384616
451,4.194298675286792,0.8846153846153846
452,4.272055991341721,0.9230769230769231
453,4.1171782211267445,0.9230769230769231
454,4.119508593347643,0.8846153846153846
455,4.040339030399888,0.9230769230769231
456,3.9825838911344036,0.9230769230769231
457,3.6573778282234626,0.7307692307692307
458,4.850650096862281,0.9230769230769231
459,4.069398021644919,0.8461538461538461
460,4.369078204386572,0.7307692307692307
461,4.036799181297164,0.8461538461538461
462,2.6705448796930096,0.7692307692307693
463,4.3735300843979665,0.8076923076923077
464,4.160765910529836,0.8076923076923077
465,4.034074962211713,0.8846153846153846
466,4.260306186586551,0.8846153846153846
467,4.236664084162242,0.7307692307692307
468,4.1154498423315165,0.8076923076923077
469,3.912851763753725,1.0
470,4.50833141378032,0.9230769230769231
471,4.583758231444534,0.9615384615384616
472,3.7912936419611487,0.7692307692307693
473,4.862105764046601,0.9230769230769231
474,3.6636513739855348,0.8076923076923077
475,4.007127212343761,0.7692307692307693
476,4.384960914303721,0.8846153846153846
477,5.146733287844992,0.9230769230769231
478,4.889498795072825,0.9230769230769231
479,4.221840622020705,0.9230769230769231
480,3.493398012426158,0.8846153846153846
481,5.2362704131739966,0.7692307692307693
482,5.007040406856247,1.0
483,4.309011465227068,0.9230769230769231
484,6.250794898176062,0.9230769230769231
485,3.9344778024073066,0.8461538461538461
486,4.372554587451085,0.8076923076923077
487,4.285917742593129,0.9230769230769231
488,4.082601909948114,0.8846153846153846
489,4.252605389862227,0.9230769230769231
490,4.189946898723521,0.8461538461538461
491,4.610671358665478,0.8461538461538461
492,4.152295646157562,0.8846153846153846
493,3.878361519439383,0.7692307692307693
494,4.24081383187674,0.9230769230769231
495,4.63230543081065,0.9230769230769231
496,4.6649549778706,0.9615384615384616
497,4.369446551908661,0.8846153846153846
498,3.5540317480707264,0.8461538461538461
499,4.008103292418654,0.9230769230769231
500,4.449026721252726,0.8846153846153846
501,4.285003874723615,0.9230769230769231
502,3.988293415306848,0.8461538461538461
503,4.517289815867198,0.8846153846153846
504,3.909458306791808,0.8461538461538461
505,4.330404422984387,0.8461538461538461
506,4.097818672305016,0.9230769230769231
507,4.499346131517358,0.8076923076923077
508,4.003753053894219,0.8461538461538461
509,3.804797888274056,0.8076923076923077
510,4.743112684725113,0.8846153846153846
511,4.750088213167297,0.8846153846153846
512,3.2225630134247334,0.8461538461538461
513,3.52600948546325,0.7692307692307693
514,4.551290016560306,0.9230769230769231
515,4.329579613339725,0.8461538461538461
516,3.993049867968242,0.9230769230769231
517,4.471389704377705,0.8076923076923077
518,4.173888580178321,0.8846153846153846
519,4.416446304945337,0.7692307692307693
520,4.366535236916438,0.8461538461538461
521,4.337967616162368,0.8461538461538461
522,3.775369445456976,0.9230769230769231
523,3.7452512621233973,0.8846153846153846
524,4.416514130637238,0.9230769230769231
525,4.515147518935612,1.0
526,5.607363072833115,0.9230769230769231
527,4.193100004929937,0.8846153846153846
528,4.026661494078404,0.8846153846153846
529,4.0544028457333035,0.6923076923076923
530,3.8307056921138747,0.8461538461538461
531,4.2858023567185075,0.8461538461538461
532,5.069244606664686,0.9230769230769231
533,4.807672221771392,0.8461538461538461
534,4.871516550213776,0.8076923076923077
535,4.18328266954855,0.8846153846153846
536,4.343909897152649,0.8076923076923077
537,4.555959898754617,0.8846153846153846
538,3.9229956360889866,0.9230769230769231
539,4.1615094052284025,0.7692307692307693
540,4.542679461865493,0.8461538461538461
541,4.2671969706478965,0.8846153846153846
542,4.041058820424778,0.9230769230769231
543,4.483205219968108,0.9230769230769231
544,3.86972308429948,0.8076923076923077
545,4.375942883492437,0.9230769230769231
546,3.810940824203547,0.8076923076923077
547,4.34225741732649,0.8076923076923077
548,4.27860363171812,0.8461538461538461
549,3.6474486055526123,0.6538461538461539
550,4.529219543013917,0.8846153846153846
551,4.628494883098726,0.8461538461538461
552,4.3047897126739345,0.9230769230769231
553,3.331473293309139,0.8846153846153846
554,4.074234541069247,0.9615384615384616
555,4.165529616027608,0.9615384615384616
556,4.999251828606369,0.9230769230769231
557,4.7899563795250115,0.8846153846153846
558,4.046268089249705,0.8461538461538461
559,5.2185250565688355,0.8846153846153846
560,4.449477128560697,0.9615384615384616
561,4.272495082941019,0.8461538461538461
562,4.278974934935979,0.8076923076923077
563,3.7268844718162493,0.8461538461538461
564,4.653501750667407,0.9230769230769231
565,4.702431386435071,0.9230769230769231
566,3.9828117751396026,0.8076923076923077
567,3.9499959985578035,0.8846153846153846
568,4.296013877861409,0.8846153846153846
569,4.084838652459798,0.8461538461538461
570,4.889174140289189,0.8846153846153846
571,3.8998783985567713,0.9230769230769231
572,5.143815864815449,0.8846153846153846
573,4.419029797631414,0.8076923076923077
574,3.517391267444759,0.8461538461538461
575,4.577282825376817,0.7692307692307693
576,4.450893784177953,0.8461538461538461
577,3.7379152139564855,0.7692307692307693
578,4.149054395289247,0.9230769230769231
579,4.031148792197434,0.8076923076923077
580,4.563027375797539,0.8846153846153846
581,4.509484389328225,0.9230769230769231
582,3.594915400420711,0.9615384615384616
583,4.247850669286411,0.9615384615384616
584,3.9837211293966006,0.8461538461538461
585,4.0320023363693585,0.7307692307692307
586,3.697749616581546,0.8461538461538461
587,4.3848200630151934,0.9615384615384616
588,4.119895255718473,0.9230769230769231
589,4.0181824270615945,0.9615384615384616
590,4.141167744311008,0.8846153846153846
591,4.671140386426851,0.8846153846153846
592,4.498400468544717,1.0
593,3.981626260192919,0.9230769230769231
594,4.70972159680188,0.8461538461538461
595,3.5517818139012007,0.8846153846153846
596,4.369659357635288,0.9615384615384616
597,4.705462539319627,0.8846153846153846
598,4.501933012551243,0.8846153846153846
599,4.085952583820827,0.7692307692307693
600,3.7426996193452435,0.9230769230769231
601,4.230816001717493,0.8076923076923077
602,3.7810175621724365,0.8076923076923077
603,4.7127901114762505,0.9230769230769231
604,4.318047754848363,0.8461538461538461
605,5.084268663894178,0.9615384615384616
606,3.9980975026402183,0.8461538461538461
607,3.7837987324892675,0.8461538461538461
608,4.711366166819945,0.9230769230769231
609,4.353198585238875,0.9615384615384616
610,4.156989401372605,0.7692307692307693
611,3.70487210895114,0.9615384615384616
612,4.693004065737036,0.8461538461538461
613,4.337145190980805,0.7692307692307693
614,4.2110057004506425,0.8461538461538461
615,4.8327725747701935,0.8846153846153846
616,4.45801775746675,0.8846153846153846
617,4.666551689146577,0.9230769230769231
618,3.922556448834771,0.8846153846153846
619,4.02405914572694,0.8076923076923077
620,4.635122438321585,0.8461538461538461
621,3.4854628491787794,0.9615384615384616
622,4.576686377480383,0.8076923076923077
623,4.805657195237959,0.8846153846153846
624,4.319048769017426,0.9230769230769231
625,3.8619706532710154,0.8846153846153846
626,4.398611409132133,0.9615384615384616
627,3.4782772501734165,0.8846153846153846
628,4.301397050783482,0.8846153846153846
629,4.147161229028838,0.8076923076923077
630,4.827474031931149,0.9615384615384616
631,4.46604748837551,0.8846153846153846
632,4.8214760764580875,0.8846153846153846
633,4.187398789649304,0.8846153846153846
634,4.221579032706176,0.8846153846153846
635,4.3695349275884885,0.9230769230769231
636,3.5052201359602675,0.9230769230769231
637,3.979634911918666,0.9615384615384616
638,5.378812221166539,0.8461538461538461
639,4.280584355373712,0.8461538461538461
640,4.302983281258674,1.0
641,4.332237404761203,0.9615384615384616
642,4.581615903855973,0.9615384615384616
643,4.965219095230793,0.9230769230769231
644,4.9844893579902605,0.9230769230769231
645,4.012451495427118,0.8461538461538461
646,4.54271377006307,0.9230769230769231
647,5.502088595752738,0.8846153846153846
648,3.8457688035355684,0.9230769230769231
649,3.7351357688592257,0.8846153846153846
650,4.0066238301560375,0.9230769230769231
651,4.548400860378807,0.8076923076923077
652,4.25486219470392,0.8846153846153846
653,4.054845335706887,0.8846153846153846
654,3.339475416656598,0.6538461538461539
655,4.839231558109183,0.8461538461538461
656,4.630271607756033,0.8461538461538461
657,4.688713246093714,0.8076923076923077
658,4.553126960346879,0.8461538461538461
659,5.000520577496188,0.9230769230769231
660,3.6858890780409332,0.8461538461538461
661,4.196197471373616,0.8076923076923077
662,4.080543201722733,0.9230769230769231
663,4.612450306470472,0.8076923076923077
664,4.073827386269255,0.7307692307692307
665,3.7644666478288036,0.8846153846153846
666,4.032619049930321,0.8461538461538461
667,3.896792865941644,0.9230769230769231
668,4.70194134985085,0.9615384615384616
669,3.374242414506277,0.8076923076923077
670,4.618653668507037,0.8846153846153846
671,4.593675820218162,0.8461538461538461
672,4.097945572034837,0.9615384615384616
673,5.090935236281625,0.8076923076923077
674,3.9025856938432595,0.8076923076923077
675,5.897247884508992,0.9230769230769231
676,3.8785118004665975,0.7692307692307693
677,4.203589114669435,0.9230769230769231
678,4.944211751546239,0.9615384615384616
679,4.009482468317415,0.8846153846153846
680,4.932031338569365,0.8846153846153846
681,4.69761448080291,0.8461538461538461
682,3.754219447445519,0.8461538461538461
683,4.2385641324952665,0.8076923076923077
684,4.4180343809810525,0.7692307692307693
685,4.767405734788259,0.8846153846153846
686,4.573406555907093,0.8461538461538461
687,4.398034236802263,0.8461538461538461
688,4.277990803766145,0.9615384615384616
689,4.6068476603493735,0.9230769230769231
690,4.058120370325694,0.8846153846153846
691,4.682180329349627,0.8461538461538461
692,4.360094950591192,0.8846153846153846
693,4.42847715259047,0.8461538461538461
694,4.485091982937176,0.9615384615384616
695,3.9578328597480286,0.8461538461538461
696,3.5341414498943946,0.9615384615384616
697,3.7457070100451415,0.8461538461538461
698,4.478260758683447,0.8846153846153846
699,4.460408017713666,0.8461538461538461
700,3.8714497590030668,0.7692307692307693
701,4.194886736758274,0.9615384615384616
702,3.670505095804635,0.8076923076923077
703,4.669529924366567,0.9615384615384616
704,2.958437234827032,0.7307692307692307
705,3.6404932861305026,1.0
706,3.843679089180208,0.9230769230769231
707,3.804446531199871,0.8461538461538461
708,4.400795911674272,0.8461538461538461
709,4.491501579447333,0.8846153846153846
710,5.080491444298127,0.8846153846153846
711,4.374347172951417,0.8461538461538461
712,4.17407323677651,0.9615384615384616
713,4.121553386738938,0.8461538461538461
714,4.132134073057067,0.8846153846153846
715,4.381520200321983,0.8846153846153846
716,4.100894901673124,0.9615384615384616
717,4.506219698611747,0.8076923076923077
718,3.929985082788561,0.9615384615384616
719,3.7178698342589747,0.7692307692307693
720,3.3463267825135077,0.8461538461538461
721,4.4591189823300805,0.8461538461538461
722,4.682155283165169,0.7692307692307693
723,3.7219885872705465,0.8846153846153846
724,3.993519746076711,0.9230769230769231
725,5.079895954374112,0.8461538461538461
726,3.980700184815143,0.9230769230769231
727,4.879488796132829,0.9230769230769231
728,5.2589888223972725,0.8846153846153846
729,3.491684016717228,0.8076923076923077
730,4.59505183405906,0.9230769230769231
731,5.529660111901594,0.9615384615384616
732,3.901760925140868,0.9230769230769231
733,5.852819145708678,0.8846153846153846
734,4.2229699691342635,0.8846153846153846
735,5.586150936035245,0.7692307692307693
736,4.371661656153588,0.8846153846153846
737,4.303319959738877,0.8846153846153846
738,3.7038546229606024,0.7692307692307693
739,3.7096618297686095,0.8076923076923077
740,4.642985735932511,0.9230769230769231
741,4.497439978442604,0.8076923076923077
742,4.3133772546596925,0.8461538461538461
743,3.94538280329858,0.9230769230769231
744,4.309864046933717,0.8461538461538461
745,3.9935730215832073,0.7307692307692307
746,3.739921073658827,0.8076923076923077
747,3.8670260197051998,0.7692307692307693
748,4.077306143176858,1.0
749,3.916341298045919,0.6923076923076923
750,4.672940749612808,0.8846153846153846
751,3.989729996708246,0.8076923076923077
752,4.498702885122404,0.8076923076923077
753,4.06284590965528,0.8846153846153846
754,4.479260149449688,0.9230769230769231
755,4.2351154199342735,0.8076923076923077
756,4.028954821313936,0.8461538461538461
757,4.741230906981728,0.8461538461538461
758,4.473407830164889,0.8461538461538461
759,4.089290366766732,0.8846153846153846
760,4.491254302764928,0.9230769230769231
761,4.32999655960505,0.9615384615384616
762,4.268603830634219,0.9230769230769231
763,4.111137429966492,0.9615384615384616
764,4.458191100959523,0.7307692307692307
765,4.238227867325595,0.8461538461538461
766,4.901731672159339,0.9230769230769231
767,4.320119481293626,0.9230769230769231
768,5.096812371429086,0.7692307692307693
769,3.5167705699235876,0.9230769230769231
770,4.33118979963709,0.9230769230769231
771,4.600470081508763,0.8846153846153846
772,4.912603108046502,0.8076923076923077
773,3.8582229076206502,0.8846153846153846
774,4.543240838907243,0.7692307692307693
775,4.104130687339952,0.8076923076923077
776,4.324015870357956,0.8461538461538461
777,4.512601545689725,0.9230769230769231
778,4.828190524208766,0.9230769230769231
779,3.442736942476554,0.9230769230769231
780,3.7221932090659786,0.8461538461538461
781,4.2938484492381415,0.8461538461538461
782,4.552746053208999,0.8076923076923077
783,5.468300680075129,0.9230769230769231
784,4.132691224700251,0.7692307692307693
785,4.499879741968651,0.8076923076923077
786,4.344099800033451,0.9230769230769231
787,3.712342196467185,0.8076923076923077
788,5.037353122432517,0.9230769230769231
789,3.996888690709266,0.8846153846153846
790,4.312494080179794,0.8461538461538461
791,4.333466160984881,0.9230769230769231
792,3.6560420152734676,0.7307692307692307
793,4.123665048477345,0.9615384615384616
794,4.720739887920869,0.8076923076923077
795,4.277790787496645,0.8076923076923077
796,4.399830818218362,0.9230769230769231
797,4.188224492880193,0.6923076923076923
798,5.386310366338865,0.9230769230769231
799,4.274107237095489,0.7692307692307693
800,4.479224260894934,0.9230769230769231
