# word  d0  d1  d2  d3  # vector_size=4
i  -0.52597398  0.54444182  0.20867668  0.18618689
cat  -0.19754633  0.29928103  -0.45603308  0.43120778
dog  -0.29049140  -0.07296278  -0.27856609  0.73145479
movie  0.23717235  0.49237269  0.24152611  0.39411017
apple  -0.45351017  -0.28389245  0.77049404  -0.43144846
animal  -0.08469782  0.05108016  -0.47385502  0.59875071
music  0.28444234  0.34852493  0.03788406  0.22685422
book  0.17266352  0.16693296  0.14085448  -0.27893606
fish  -0.76709700  0.09629865  0.78357244  -0.58367658
eyes  0.16410255  0.31827074  -0.41615081  0.50165117
milk  -0.83854878  0.49185202  0.71518397  -0.59088510
hate  -0.32018259  0.49596471  0.16657379  0.23645431
like  -0.00544448  0.35659689  0.09896941  0.05992025
